DATASET = ORTEC-hidden instance set VeRoLog competition
NAME = tools over vehicles over vehicle days over distance with 2000 requests over 65 days

DAYS = 65
CAPACITY = 40
MAX_TRIP_DISTANCE = 16000
DEPOT_COORDINATE = 0

VEHICLE_COST = 200000
VEHICLE_DAY_COST = 4000
DISTANCE_COST = 1

TOOLS = 2
1	12	104	10000000
2	3	108	50000000

COORDINATES = 1777
0	5445	2890
1	7550	6136
2	7904	6140
3	5505	6141
4	9133	6146
5	8311	6151
6	7388	6160
7	3505	6165
8	8025	6165
9	9067	6166
10	7660	6167
11	7510	6169
12	4275	6176
13	8922	6183
14	3849	4137
15	5889	6188
16	9058	6191
17	4263	6192
18	5472	6193
19	7086	6195
20	7513	6197
21	9037	6199
22	7202	8147
23	7470	6207
24	7528	6208
25	7233	6144
26	8119	6222
27	9459	6225
28	7750	6226
29	8339	6227
30	7726	6228
31	8856	6228
32	8929	6147
33	8731	6251
34	8498	6151
35	7231	6257
36	8839	6261
37	7679	6273
38	6304	6279
39	6371	6283
40	7323	6284
41	5361	4335
42	3881	4157
43	3475	6309
44	8183	6309
45	6794	6331
46	7846	6340
47	7539	6344
48	6788	6348
49	7586	6354
50	8547	6356
51	8195	6360
52	8269	6368
53	7324	6371
54	4434	4169
55	4020	4170
56	8518	6398
57	4837	2169
58	3989	6407
59	8647	6413
60	7807	6435
61	3531	6441
62	7451	6442
63	8599	6447
64	8590	6455
65	3920	6466
66	8173	6477
67	8049	6484
68	7574	6485
69	3366	6496
70	6013	6496
71	4043	6498
72	3614	6498
73	6791	6506
74	7546	6512
75	6020	2188
76	6460	6518
77	3961	6524
78	7445	5852
79	8613	6547
80	5076	4197
81	8557	6548
82	8160	6550
83	7448	6550
84	3813	6555
85	8668	6562
86	4435	4200
87	3890	6571
88	5537	6577
89	3465	6593
90	4032	6597
91	6307	6597
92	8441	6600
93	7683	6601
94	8158	6607
95	7349	6609
96	7193	6620
97	8574	6621
98	8495	6624
99	3341	6625
100	7804	6627
101	7227	6628
102	8616	6645
103	8056	6657
104	6872	7950
105	7229	6662
106	6943	6663
107	3983	6665
108	7279	6665
109	7976	6671
110	8051	6671
111	8642	6679
112	8716	6680
113	3883	4220
114	4161	6702
115	5746	6703
116	3782	6706
117	4002	6707
118	7961	6710
119	7978	6724
120	8743	6734
121	7819	6739
122	8701	6741
123	6534	6760
124	3893	6770
125	3708	4752
126	8598	6808
127	8761	4240
128	8205	6813
129	3718	6821
130	8442	6824
131	3389	6834
132	3998	6840
133	8737	6842
134	8062	6851
135	8351	6852
136	4140	6859
137	6885	6862
138	4663	6866
139	3441	6871
140	6932	6883
141	8352	6887
142	7016	6889
143	8346	6889
144	4010	6896
145	7785	6896
146	8389	6898
147	4627	6910
148	3930	6931
149	3985	6932
150	8750	6934
151	7447	6938
152	7439	6939
153	4557	6945
154	3471	6949
155	7481	6950
156	7478	6951
157	7531	6959
158	4289	6963
159	7881	6965
160	5566	8337
161	7259	6981
162	7432	6981
163	8214	6987
164	9260	6988
165	7550	6992
166	7494	6993
167	9177	6997
168	6907	7012
169	4240	7014
170	9155	7015
171	4797	7038
172	8489	7042
173	8743	7048
174	8157	7058
175	7540	7063
176	4319	4284
177	5985	7070
178	4795	7071
179	6886	7074
180	3680	7083
181	4161	7088
182	6127	8764
183	4742	7090
184	4505	7093
185	7981	7095
186	8492	7102
187	7533	8296
188	8923	7121
189	7184	7129
190	8903	7132
191	4316	7136
192	4086	7143
193	7680	7146
194	8140	7148
195	8805	7151
196	8138	7158
197	8665	7168
198	7379	7170
199	4779	3964
200	6733	7175
201	6903	7177
202	6782	7177
203	7562	7181
204	8991	7182
205	7121	7183
206	9083	7196
207	3882	7199
208	3936	7201
209	6813	7209
210	7466	7217
211	3870	7218
212	4032	7224
213	7804	7225
214	7757	7228
215	4097	7228
216	8016	7231
217	3437	7236
218	6153	4367
219	7594	7240
220	6711	7244
221	7443	7253
222	8058	7258
223	4591	4317
224	4042	7271
225	4411	7289
226	8268	7290
227	7478	7292
228	4324	7296
229	8835	7302
230	6778	7311
231	7448	7317
232	7230	7320
233	3746	7327
234	8455	7334
235	7596	7344
236	6600	7344
237	7023	7345
238	3449	5972
239	7220	7365
240	3779	7367
241	7654	7367
242	7311	4371
243	6301	7373
244	6382	7381
245	9266	8345
246	6954	7398
247	8050	7403
248	7767	7426
249	4309	7427
250	8342	6350
251	8096	7476
252	9064	7497
253	6541	7502
254	7344	7506
255	6403	7511
256	6547	7528
257	8119	7528
258	6795	7530
259	7018	7533
260	7043	7544
261	7038	7545
262	7286	7546
263	7367	7549
264	7385	7552
265	6677	7563
266	7700	7563
267	8055	4366
268	6314	7571
269	3750	7588
270	7763	7592
271	8478	7603
272	8553	7610
273	7734	7611
274	6194	7618
275	6941	7620
276	6553	7623
277	8549	7628
278	8490	7629
279	2500	4380
280	7974	7642
281	8762	7645
282	7264	7649
283	7525	7654
284	7994	7657
285	7501	7663
286	8057	7666
287	372	2818
288	6250	7672
289	8924	7675
290	6417	7583
291	5611	7683
292	6321	7684
293	6530	7689
294	6729	7690
295	7059	7692
296	8389	7699
297	4323	4390
298	7080	7704
299	7322	7707
300	5346	7713
301	7196	7725
302	6804	7728
303	5921	7729
304	5816	7731
305	7583	7731
306	3555	7733
307	9558	7735
308	5806	7737
309	7156	7744
310	5820	7749
311	5856	7751
312	8167	7755
313	4084	7758
314	6378	7758
315	3538	4401
316	7526	7774
317	6158	8408
318	7986	7784
319	7088	7791
320	7350	7793
321	8580	7809
322	6816	7820
323	7019	7824
324	4048	7829
325	7162	7830
326	8414	7831
327	7157	7832
328	3648	4414
329	6202	7847
330	4059	7849
331	4142	7853
332	8405	7856
333	5380	7857
334	6859	7860
335	4274	7862
336	8795	8424
337	6036	7875
338	6993	7883
339	9670	8427
340	6222	7892
341	5370	7907
342	4654	4425
343	8763	7932
344	9879	7932
345	8364	7936
346	5399	7944
347	7142	7958
348	5856	4434
349	7174	7974
350	8401	4435
351	7422	7978
352	6271	7981
353	5445	7982
354	8312	6440
355	6478	7994
356	5335	7996
357	7514	8000
358	7160	8007
359	6172	8008
360	4297	4441
361	5399	8015
362	7202	8018
363	5898	8020
364	7259	4442
365	7114	8029
366	3460	4446
367	5851	8040
368	5561	8040
369	7331	8046
370	6948	8048
371	5489	8048
372	7517	8051
373	6120	8058
374	7313	8064
375	7366	8065
376	8417	8073
377	6173	8081
378	8029	7997
379	5543	8082
380	6001	8084
381	7114	8098
382	8143	8099
383	5683	8100
384	7306	8110
385	7077	8124
386	7278	8135
387	6093	8138
388	7639	8156
389	6920	8157
390	6300	8159
391	7688	8161
392	5704	6470
393	7232	8164
394	5447	8171
395	4093	4469
396	5908	8186
397	8097	5142
398	7054	8193
399	7717	8197
400	6690	8200
401	7294	8201
402	5736	8480
403	7307	8208
404	8825	5199
405	8442	4475
406	6915	8225
407	7180	8231
408	7544	8234
409	8803	8239
410	4170	4479
411	7418	6483
412	6842	8246
413	5538	8253
414	5970	8263
415	6135	8270
416	5913	8272
417	6790	8280
418	9491	8291
419	7514	8295
420	6742	8297
421	9634	6002
422	5927	8497
423	7087	8313
424	6710	7605
425	7556	8318
426	7006	8326
427	9555	8326
428	7699	6497
429	7174	8333
430	3097	2492
431	9951	8345
432	7840	8349
433	2549	4498
434	7722	8360
435	5685	8361
436	8073	6503
437	3908	4501
438	5467	8372
439	7505	8376
440	5352	8384
441	8391	8388
442	8186	8390
443	9773	8392
444	6636	8401
445	3823	8403
446	5341	4406
447	6630	8410
448	7302	8419
449	7715	6512
450	6856	8421
451	7406	8426
452	5470	8452
453	7716	8459
454	5729	8460
455	8349	8464
456	8461	8465
457	6672	8469
458	7396	8471
459	7161	8477
460	7697	4519
461	6018	8485
462	7814	8487
463	8754	8488
464	7042	8501
465	7741	8510
466	3684	8516
467	6729	8516
468	7714	8518
469	7918	8520
470	9533	8520
471	5943	8525
472	6953	8525
473	6874	8534
474	8152	8539
475	7210	8551
476	5571	8559
477	7780	8565
478	6112	8569
479	7376	8577
480	6354	8578
481	8271	8578
482	7722	8583
483	7663	8586
484	5361	8593
485	5870	8598
486	6697	8605
487	9131	6013
488	6264	8608
489	8153	8616
490	3994	4542
491	7303	8620
492	7792	8621
493	6391	8625
494	7506	8625
495	3940	8635
496	3933	6549
497	8407	8636
498	8441	8637
499	7922	8638
500	8515	8643
501	8266	8643
502	3931	4414
503	8989	8651
504	9987	8650
505	7520	8657
506	6165	8658
507	9086	6015
508	3887	2546
509	8739	4553
510	9485	6016
511	4586	2414
512	6897	8699
513	7680	8702
514	6386	8717
515	7048	8720
516	7222	8737
517	3796	4564
518	6433	8755
519	5876	8760
520	5828	8761
521	4097	4567
522	7686	4567
523	7672	8774
524	7480	8774
525	7495	8777
526	5586	8781
527	8807	4569
528	5497	8783
529	6824	8794
530	6318	8799
531	6014	8800
532	7723	8802
533	5702	8816
534	6602	8819
535	5915	8831
536	7525	8833
537	5815	8835
538	7564	8855
539	8673	4583
540	7420	8867
541	6918	8874
542	7607	8889
543	5875	8909
544	6103	8919
545	6028	8920
546	5847	8924
547	4199	4593
548	5382	8927
549	6979	6597
550	6720	8932
551	7373	8935
552	6765	8939
553	7308	8962
554	7628	8963
555	5973	8965
556	7374	8967
557	8801	8973
558	6107	8979
559	7268	8982
560	5816	9002
561	7330	9006
562	9921	9006
563	5720	8615
564	7293	9018
565	6062	9024
566	8086	9036
567	7801	9040
568	6973	5308
569	6442	9053
570	8830	9056
571	6051	8623
572	8201	9064
573	6668	9072
574	7492	9078
575	2658	4622
576	7471	8628
577	8548	9096
578	6446	9097
579	9670	9100
580	8141	9105
581	9254	9110
582	9573	9115
583	7739	5229
584	6705	9117
585	6890	9127
586	7970	9128
587	7545	9129
588	7414	9133
589	8749	9144
590	7590	9146
591	6335	9155
592	8027	9157
593	5966	9163
594	7291	9166
595	7118	9166
596	8586	9168
597	8943	9171
598	8269	9174
599	6177	9177
600	6678	9183
601	5988	9191
602	5128	4638
603	8601	7633
604	6334	9203
605	6316	9204
606	7823	9206
607	7058	2636
608	9270	9211
609	5159	3632
610	8633	9223
611	6182	9241
612	6554	9244
613	7574	9247
614	6374	9255
615	8611	9272
616	8690	9274
617	7994	9274
618	6348	9281
619	9161	9292
620	8185	9296
621	7515	9306
622	6488	9308
623	6719	9311
624	5697	6662
625	7082	9327
626	6892	9328
627	6725	9329
628	7051	9331
629	8183	9331
630	8754	9332
631	6462	9336
632	8790	6665
633	7195	9341
634	7116	9342
635	6759	9346
636	6921	9347
637	9347	9362
638	6655	9373
639	6478	9378
640	6597	9383
641	9043	9385
642	8075	9395
643	6207	9409
644	8389	9414
645	6755	9423
646	8564	9426
647	6521	9429
648	9175	9438
649	8491	9461
650	9189	9464
651	6592	9468
652	8505	9468
653	7091	9474
654	8749	9476
655	8391	9478
656	8476	9482
657	8418	9485
658	8410	9495
659	7102	9496
660	6741	9501
661	7171	9503
662	8474	6043
663	8985	9511
664	8302	9512
665	8500	4431
666	9176	9517
667	8122	8699
668	6674	9524
669	8393	9531
670	6941	9533
671	3714	4696
672	8061	9549
673	5608	2694
674	8466	9561
675	8383	9563
676	7234	9568
677	9167	9580
678	4188	4705
679	8544	9597
680	6598	9603
681	4934	9612
682	3842	2705
683	7819	9626
684	7085	9637
685	8569	9651
686	4254	4714
687	8459	9673
688	5118	9676
689	5151	9677
690	8950	9686
691	3790	5249
692	7412	9719
693	3467	4734
694	694	2732
695	9065	9787
696	3835	2740
697	6001	9840
698	3398	6750
699	8337	4748
700	6435	9858
701	6165	9863
702	3502	2757
703	7182	8773
704	8912	7259
705	4228	4771
706	9451	5660
707	8431	4781
708	2567	2779
709	7419	2787
710	7395	8678
711	3878	4808
712	3720	4809
713	2864	4820
714	7520	4820
715	2302	2818
716	4721	4823
717	7636	7270
718	4016	3269
719	8357	4825
720	8467	6833
721	3451	4833
722	4778	4844
723	8714	4852
724	8388	7276
725	5429	4855
726	2427	2853
727	2556	2860
728	650	2864
729	6913	8480
730	5827	2877
731	5866	2877
732	4225	4892
733	2963	2893
734	3564	4899
735	8746	4905
736	3076	5287
737	8296	5687
738	8791	6681
739	6342	2920
740	8748	4931
741	7457	6943
742	7652	6950
743	8370	4947
744	7862	8956
745	3027	2894
746	6405	6961
747	4320	6966
748	8125	4965
749	5844	4968
750	7575	4972
751	5299	4978
752	7025	4981
753	4525	5143
754	3977	7010
755	7124	5010
756	8545	5014
757	7952	9021
758	3815	5015
759	7860	5017
760	3848	5020
761	7960	5021
762	4196	7026
763	8997	7028
764	8835	5920
765	5293	3037
766	6003	8516
767	8102	9316
768	8404	5046
769	1209	3052
770	8446	5055
771	4181	7060
772	7154	8121
773	5592	3069
774	9030	5073
775	4159	5076
776	8001	9091
777	4252	7094
778	3374	3088
779	7854	7100
780	4687	7101
781	9064	5098
782	3011	3096
783	8375	5101
784	4528	7106
785	3894	5105
786	6717	9117
787	6110	45
788	8168	4127
789	6395	66
790	4476	7126
791	9262	5846
792	4539	3129
793	6681	140
794	6417	142
795	6116	145
796	8043	5142
797	6530	203
798	6341	207
799	7225	7147
800	6502	226
801	4134	5157
802	7499	9166
803	6786	9169
804	6451	319
805	5261	4290
806	6632	3170
807	6844	3170
808	6003	401
809	6474	421
810	6559	426
811	6604	8213
812	6208	447
813	8142	5186
814	6533	7197
815	7854	5195
816	8379	5196
817	5264	5362
818	7910	5202
819	6526	582
820	6426	664
821	7098	7247
822	4571	4153
823	7731	5248
824	6429	911
825	1168	2957
826	6526	991
827	8135	5275
828	8740	5895
829	6772	1021
830	6956	7284
831	6507	9292
832	6785	1074
833	8120	9298
834	4619	6966
835	3519	4164
836	6560	1158
837	2942	4966
838	6476	1195
839	8933	5308
840	6814	1256
841	6885	1288
842	7844	9337
843	6613	1371
844	6397	9345
845	7267	5774
846	8298	6175
847	7161	5350
848	3382	5356
849	2993	4976
850	5603	3361
851	6937	1551
852	7648	5371
853	5075	5372
854	6692	1590
855	6367	1593
856	7059	5376
857	8730	5379
858	6203	1627
859	7397	7981
860	8815	4981
861	7576	5386
862	6994	1670
863	8124	6183
864	7094	1733
865	6461	1741
866	5571	3397
867	6840	1753
868	5661	3402
869	6559	1778
870	1267	3404
871	6947	3386
872	7737	7419
873	3887	7421
874	7872	6589
875	67	1875
876	7149	1876
877	6743	1877
878	7358	8191
879	4053	7427
880	4951	1899
881	5718	1925
882	5754	1953
883	6503	1958
884	6357	1965
885	6416	1968
886	3035	2991
887	7018	7445
888	6752	9450
889	5036	2008
890	6671	2014
891	4428	5445
892	6340	2024
893	8055	5446
894	6185	2057
895	6237	2063
896	6245	2082
897	6270	2083
898	4557	3454
899	6200	2108
900	7991	5462
901	6896	2137
902	4244	4597
903	5691	2146
904	6702	2150
905	4699	2152
906	6175	2158
907	5892	2163
908	4618	2175
909	6086	2179
910	4845	2184
911	8260	5799
912	6319	2204
913	7789	5478
914	5615	3476
915	4850	2222
916	5939	2232
917	6382	2244
918	4846	2257
919	4786	2269
920	4842	2284
921	6403	2302
922	8820	7497
923	1607	2320
924	7296	7005
925	4889	2333
926	5002	2339
927	9166	5499
928	6418	2339
929	5392	2351
930	9359	5502
931	4755	2376
932	6841	7511
933	5089	2390
934	4590	2398
935	4775	2401
936	3599	4224
937	6700	2447
938	6878	2448
939	6303	2452
940	5016	2457
941	4002	2459
942	4847	2470
943	2044	2473
944	4092	3519
945	6271	2482
946	3319	2493
947	3963	2499
948	6790	2499
949	4109	2504
950	6072	3523
951	4539	2507
952	3117	2508
953	3835	2516
954	4180	7533
955	2593	2525
956	5982	2528
957	4565	2532
958	5026	2543
959	6487	2544
960	6911	2548
961	3253	2566
962	6663	2567
963	3331	2575
964	4241	2577
965	4438	3537
966	3279	2595
967	2741	2599
968	3995	2608
969	5622	3812
970	5767	2613
971	5846	2625
972	4600	2627
973	1227	2628
974	4244	2630
975	7105	2633
976	3318	2635
977	6792	2635
978	2812	2650
979	6730	2658
980	3423	2663
981	4557	2678
982	4008	2681
983	2657	2691
984	4832	3555
985	6208	2695
986	5661	2702
987	3373	2704
988	3881	2708
989	2853	2709
990	4763	2719
991	6225	2721
992	5623	2725
993	6641	2728
994	7558	5565
995	3822	2737
996	6974	7569
997	6510	2745
998	3415	2753
999	7205	2754
1000	5156	2757
1001	462	2760
1002	3805	2760
1003	2963	2769
1004	2893	2770
1005	4954	2774
1006	6010	2782
1007	393	2783
1008	4254	2785
1009	1561	2787
1010	4137	2790
1011	3822	2792
1012	3498	2802
1013	4216	2807
1014	256	2814
1015	4899	2816
1016	3662	2829
1017	4073	2832
1018	430	2835
1019	369	2841
1020	5599	2844
1021	6425	2845
1022	6632	2846
1023	5831	2850
1024	3324	4164
1025	327	2861
1026	5420	2863
1027	6203	2873
1028	6556	2875
1029	1930	2884
1030	6781	2887
1031	4051	2888
1032	633	2890
1033	6047	2889
1034	3327	2890
1035	3219	2892
1036	4767	2900
1037	6584	2905
1038	2579	2905
1039	5498	2913
1040	7040	2914
1041	3895	2915
1042	5746	2926
1043	3562	2940
1044	6225	2945
1045	5168	2950
1046	5958	2959
1047	6898	2962
1048	3973	2963
1049	4080	3601
1050	6679	2981
1051	6503	2983
1052	4578	2992
1053	8507	5611
1054	6260	3014
1055	2210	3015
1056	5745	3022
1057	6287	3024
1058	6474	3035
1059	6540	3037
1060	3871	3038
1061	5474	3040
1062	6799	3049
1063	6813	3050
1064	3870	3052
1065	6611	3055
1066	4957	3057
1067	6465	3060
1068	5005	3060
1069	4990	3065
1070	5553	3074
1071	4000	5622
1072	5911	3075
1073	6085	3078
1074	5940	3079
1075	5932	3086
1076	6373	3091
1077	7106	3109
1078	6498	3111
1079	6535	3115
1080	5752	3119
1081	6829	3120
1082	8196	5629
1083	4851	3122
1084	6878	3123
1085	4933	3128
1086	3159	3131
1087	4529	3135
1088	5385	3138
1089	4899	3142
1090	6081	3158
1091	4652	3160
1092	5861	3186
1093	4765	3195
1094	6313	3208
1095	4896	3210
1096	1504	3221
1097	4558	3221
1098	7137	3221
1099	2978	3223
1100	6511	3239
1101	6685	3241
1102	1530	3242
1103	7748	8636
1104	6071	3646
1105	3696	3245
1106	6560	3246
1107	5219	4634
1108	6031	3249
1109	3043	3251
1110	3482	3252
1111	1527	3254
1112	5259	3260
1113	6080	3261
1114	3994	3263
1115	7130	3263
1116	6421	3263
1117	5367	3650
1118	3699	3268
1119	4037	3276
1120	5595	3288
1121	5151	3309
1122	3540	3315
1123	5405	3321
1124	6402	3322
1125	3717	3323
1126	6530	3335
1127	6387	3337
1128	3656	3339
1129	6372	3342
1130	1587	3345
1131	1605	3347
1132	5557	3349
1133	2921	3351
1134	3599	3357
1135	4655	3359
1136	4554	3366
1137	3964	3366
1138	2780	3368
1139	4030	3380
1140	3316	3388
1141	6422	3392
1142	5886	3395
1143	7033	7680
1144	3738	3409
1145	7682	5677
1146	3972	3429
1147	6679	3430
1148	4453	3679
1149	4051	3443
1150	6323	3447
1151	1365	3451
1152	6874	3465
1153	5564	3477
1154	5580	3484
1155	6002	3491
1156	9028	5691
1157	3970	3502
1158	4172	3507
1159	5445	3507
1160	4872	3519
1161	5819	4243
1162	1855	3527
1163	4834	3531
1164	3602	3533
1165	7610	5699
1166	9532	5844
1167	4845	3558
1168	4710	3561
1169	4558	3563
1170	4101	3572
1171	6338	3575
1172	6316	3703
1173	4265	3584
1174	6154	3586
1175	5826	3587
1176	4192	3591
1177	7931	5711
1178	6390	3615
1179	5997	3621
1180	4304	3621
1181	5584	4246
1182	4543	3629
1183	5942	3630
1184	4866	3643
1185	8838	5716
1186	5851	3647
1187	2558	3650
1188	6017	3651
1189	6385	3652
1190	4847	3653
1191	6544	3654
1192	5118	3663
1193	4224	3667
1194	4485	3680
1195	5230	3683
1196	4873	3693
1197	4863	3695
1198	6378	3698
1199	6766	3702
1200	4731	3706
1201	3056	3708
1202	6156	3708
1203	6760	7731
1204	5850	3711
1205	4791	3712
1206	5853	3720
1207	5732	3730
1208	5969	3731
1209	5857	3729
1210	4718	3751
1211	6786	3759
1212	5194	3780
1213	1739	3785
1214	4934	3786
1215	6685	5740
1216	4828	3797
1217	4130	3798
1218	4463	3829
1219	4997	3839
1220	4146	3857
1221	1738	3751
1222	1655	3876
1223	3150	3894
1224	4669	3901
1225	5727	3905
1226	4370	3946
1227	4567	3950
1228	4454	3953
1229	9140	5769
1230	5402	3962
1231	1895	3975
1232	4534	3975
1233	3988	3981
1234	3916	3988
1235	3817	3996
1236	6722	3997
1237	7811	4018
1238	7769	4021
1239	1906	4033
1240	8039	7785
1241	7870	4038
1242	5632	4045
1243	5485	4052
1244	7819	4057
1245	7879	4060
1246	5193	4061
1247	8784	4260
1248	4501	4064
1249	3996	4071
1250	3621	4076
1251	3919	4077
1252	3705	4081
1253	5954	4083
1254	1929	4085
1255	4730	4086
1256	3758	4100
1257	2142	4100
1258	9482	5863
1259	4125	4113
1260	3871	4115
1261	8244	4121
1262	4107	4133
1263	2106	4137
1264	3515	4138
1265	4052	4138
1266	4139	4141
1267	5277	3796
1268	6287	2662
1269	6828	4154
1270	4842	4664
1271	7150	7807
1272	4074	4179
1273	3535	4184
1274	3520	4190
1275	5044	4191
1276	3547	4212
1277	4133	4214
1278	8807	4222
1279	3426	4229
1280	8315	4234
1281	9520	7869
1282	7235	4248
1283	3866	4249
1284	3702	4251
1285	8764	4254
1286	8062	4263
1287	3938	4266
1288	4666	4272
1289	8350	4277
1290	8328	4283
1291	4280	4286
1292	6091	4286
1293	4573	4289
1294	4813	4292
1295	5599	4293
1296	5347	7828
1297	8445	4297
1298	5044	4304
1299	8644	4308
1300	8271	4315
1301	8714	4317
1302	8775	4323
1303	3533	4328
1304	8478	4335
1305	3714	4339
1306	3998	4340
1307	3737	4345
1308	7954	4351
1309	5384	4357
1310	6076	4358
1311	7898	4362
1312	5522	4365
1313	8362	4369
1314	4067	4372
1315	6024	4375
1316	2573	4376
1317	8642	4384
1318	9151	5839
1319	7943	4390
1320	4291	4391
1321	4642	4393
1322	4317	4396
1323	5033	4401
1324	6324	4402
1325	7102	4404
1326	7189	4405
1327	5203	4416
1328	6748	4417
1329	7048	7849
1330	4207	4424
1331	3585	4427
1332	2394	4429
1333	4918	4430
1334	2414	4432
1335	3982	4433
1336	8237	5073
1337	9054	4440
1338	8323	7999
1339	8270	4449
1340	8317	4450
1341	4714	4452
1342	4581	4455
1343	3339	4459
1344	8606	4459
1345	4030	4463
1346	4254	4465
1347	4121	4470
1348	8115	4471
1349	7944	4472
1350	7121	4475
1351	5208	4478
1352	4160	4479
1353	7960	4482
1354	2990	4483
1355	7481	4484
1356	3764	4491
1357	5034	4493
1358	8963	4496
1359	5738	4499
1360	6904	4501
1361	7063	4504
1362	4294	4510
1363	5957	8679
1364	9052	4518
1365	2459	4520
1366	3735	4522
1367	8550	4527
1368	5014	3076
1369	6114	7867
1370	5387	4532
1371	8686	4534
1372	5218	4538
1373	5793	4543
1374	9577	5866
1375	5021	4552
1376	7991	4552
1377	5188	4556
1378	3336	4557
1379	4731	4557
1380	5796	4560
1381	6036	8641
1382	4114	4572
1383	8345	4583
1384	8802	4586
1385	4179	4588
1386	8524	4588
1387	4899	4595
1388	8714	4602
1389	8260	4607
1390	4931	4622
1391	8230	6681
1392	7957	4632
1393	8438	4634
1394	5202	4638
1395	4814	4639
1396	3959	4640
1397	7393	4642
1398	8676	4647
1399	4025	4649
1400	8822	4652
1401	7869	4655
1402	8637	4657
1403	7780	4658
1404	7756	4662
1405	5571	4668
1406	5010	4672
1407	7331	4672
1408	8677	4681
1409	4811	4693
1410	2838	4694
1411	4578	4695
1412	8528	4701
1413	7454	8004
1414	8628	4705
1415	7640	4713
1416	7917	5895
1417	4065	4725
1418	4050	4728
1419	8356	4729
1420	8672	4732
1421	8598	4733
1422	3857	4736
1423	4770	4737
1424	8094	4742
1425	3752	4746
1426	8013	4746
1427	8199	4746
1428	3984	4748
1429	7984	4748
1430	7235	4750
1431	3849	4752
1432	8375	4752
1433	3771	4758
1434	4030	4764
1435	8122	4764
1436	4173	4771
1437	7409	4774
1438	4004	4778
1439	8444	4779
1440	8586	4779
1441	8607	4785
1442	3968	5086
1443	8372	4788
1444	4091	4791
1445	8708	4794
1446	3646	4801
1447	5513	4806
1448	5452	4809
1449	4709	4809
1450	4887	4810
1451	5469	4819
1452	7237	4820
1453	7709	4821
1454	3790	4826
1455	5644	4838
1456	3547	4843
1457	8478	4844
1458	7429	4847
1459	8572	4852
1460	4733	4860
1461	3733	4861
1462	7004	8690
1463	8329	4866
1464	7519	4868
1465	3684	4869
1466	4192	4884
1467	3597	4887
1468	3864	4890
1469	3566	4891
1470	5863	4894
1471	8308	4894
1472	8639	4897
1473	8288	4899
1474	4044	4904
1475	8409	4916
1476	3137	4918
1477	8467	4921
1478	9143	5929
1479	7562	4927
1480	8406	4938
1481	4016	4942
1482	6987	4944
1483	8522	4944
1484	5634	4945
1485	7396	4952
1486	4110	4953
1487	3497	4967
1488	3488	4972
1489	7185	4977
1490	3969	4991
1491	3005	5004
1492	5313	3941
1493	8645	5017
1494	4547	5018
1495	7248	5019
1496	3737	5025
1497	3957	5028
1498	7978	5031
1499	7143	5033
1500	5472	5035
1501	4234	5038
1502	8806	5043
1503	7921	5052
1504	4066	5059
1505	5526	5075
1506	3979	5076
1507	8236	5079
1508	3794	5082
1509	9026	5087
1510	8750	5093
1511	7241	5098
1512	5404	5099
1513	8131	5104
1514	8639	5112
1515	3517	5121
1516	5610	5963
1517	5068	3959
1518	4050	5126
1519	3580	5134
1520	8074	5150
1521	4031	5151
1522	5116	5151
1523	5692	5899
1524	6674	7974
1525	8609	5169
1526	7552	5170
1527	7306	5175
1528	3260	5176
1529	5121	5184
1530	8552	5185
1531	9037	5190
1532	4919	5193
1533	4273	5194
1534	7027	5196
1535	9245	5197
1536	4307	5199
1537	7922	5203
1538	5231	5205
1539	8683	5205
1540	7603	5212
1541	4024	5218
1542	7790	5223
1543	4181	5225
1544	8697	5228
1545	7015	5244
1546	8480	5249
1547	3115	5251
1548	8622	5252
1549	7363	5254
1550	5187	5258
1551	8009	5277
1552	7007	5293
1553	7820	5317
1554	1918	3992
1555	7039	5333
1556	7746	5334
1557	7805	5336
1558	7407	5348
1559	6979	5348
1560	3151	5352
1561	6272	8005
1562	7966	5360
1563	8266	5372
1564	7626	5375
1565	4276	5388
1566	7758	5392
1567	8011	5394
1568	7807	5402
1569	7620	5406
1570	8606	5413
1571	8058	5415
1572	7543	5420
1573	7022	5424
1574	8638	5425
1575	9061	5425
1576	7053	5428
1577	3061	5431
1578	7969	5431
1579	5172	5435
1580	8881	5439
1581	7638	5445
1582	8695	5447
1583	8098	5448
1584	4369	5449
1585	8070	5462
1586	8590	5471
1587	7841	5482
1588	8832	5484
1589	4328	5486
1590	3818	5489
1591	7713	5490
1592	6871	5499
1593	8507	5502
1594	6911	5507
1595	4106	5510
1596	4144	5513
1597	7147	5518
1598	9257	5519
1599	8260	5520
1600	4605	4027
1601	5926	4028
1602	6924	5538
1603	8015	5539
1604	7163	5547
1605	4345	5564
1606	5601	4033
1607	7804	5566
1608	8710	5575
1609	4246	5580
1610	4104	5581
1611	7673	5590
1612	8492	5596
1613	4378	5600
1614	9408	6042
1615	8092	5604
1616	9189	5611
1617	6993	5614
1618	8096	5615
1619	7324	5626
1620	7537	5629
1621	8528	5629
1622	9120	5629
1623	7649	5645
1624	7466	5646
1625	4284	5648
1626	9570	5647
1627	7621	5654
1628	7360	5659
1629	8471	5660
1630	7795	5662
1631	9593	5679
1632	7846	5681
1633	9095	5681
1634	8491	5687
1635	8438	5691
1636	9100	5697
1637	8624	5697
1638	9425	5698
1639	9142	5699
1640	8825	5704
1641	8327	5706
1642	4909	4058
1643	9561	5715
1644	8767	5715
1645	7703	5717
1646	9459	5718
1647	7927	5720
1648	9437	5720
1649	8590	5724
1650	9025	5725
1651	4863	4060
1652	8435	5732
1653	8137	5733
1654	7178	5736
1655	9046	5737
1656	7707	5739
1657	7898	5740
1658	8105	5742
1659	9002	5742
1660	9519	5743
1661	6550	8720
1662	7291	5746
1663	7704	5769
1664	8226	5772
1665	6993	5774
1666	7390	5777
1667	7235	5778
1668	9343	5784
1669	7768	5785
1670	8155	5790
1671	6798	5790
1672	6997	5792
1673	3588	4072
1674	9588	5795
1675	9238	5799
1676	6759	5803
1677	5249	5809
1678	7743	5811
1679	7561	5811
1680	7710	5816
1681	9438	5827
1682	8279	5832
1683	7748	5833
1684	9079	5834
1685	8906	5840
1686	7116	5849
1687	8674	5858
1688	8378	5859
1689	7181	5862
1690	9079	5862
1691	4081	4083
1692	9456	5866
1693	7562	5871
1694	7297	5872
1695	7574	5875
1696	7841	5876
1697	9431	5879
1698	8269	5880
1699	3440	5883
1700	9610	5886
1701	6950	5888
1702	8970	5890
1703	9580	5895
1704	9020	5898
1705	8937	5900
1706	9343	5905
1707	9055	5908
1708	8981	5911
1709	7902	5913
1710	8953	5915
1711	7528	5919
1712	8413	5930
1713	8835	5944
1714	7496	5966
1715	9564	5970
1716	5554	5971
1717	7497	8108
1718	9196	5980
1719	6935	5984
1720	9129	5984
1721	8944	5991
1722	9393	5992
1723	9616	6000
1724	9326	6109
1725	9480	6004
1726	7867	6006
1727	7427	5926
1728	7499	6007
1729	8934	6018
1730	7443	6019
1731	7779	6022
1732	7000	6024
1733	8632	6030
1734	7361	6031
1735	9439	6032
1736	8939	6032
1737	8395	6038
1738	9150	6115
1739	7595	8120
1740	7815	6043
1741	7911	6044
1742	8649	6045
1743	3430	6052
1744	7290	6053
1745	8440	6055
1746	7301	6057
1747	9375	6057
1748	9516	6058
1749	4242	6059
1750	9467	6061
1751	8350	6063
1752	7740	6068
1753	9559	6070
1754	8804	6071
1755	3483	6074
1756	8931	6077
1757	7775	6078
1758	8232	6078
1759	3532	6083
1760	7910	6084
1761	8920	6090
1762	9446	6093
1763	7955	6101
1764	9370	6102
1765	3351	6103
1766	4382	6105
1767	8199	6105
1768	4161	6110
1769	8936	6110
1770	9541	6110
1771	4352	6112
1772	7993	6116
1773	8831	6121
1774	8343	6126
1775	8173	6127
1776	9329	6129

REQUESTS = 2000
1	899	41	44	1	2	1
2	1389	52	53	2	2	1
3	700	19	22	3	1	2
4	368	16	18	1	1	3
5	1680	3	6	1	1	1
6	1245	4	5	2	2	3
7	409	44	47	2	2	3
8	1263	12	14	2	2	1
9	1486	27	30	2	2	3
10	1428	54	56	3	1	1
11	1409	15	18	2	1	1
12	342	37	40	2	1	1
13	383	8	9	2	2	3
14	592	36	39	1	1	3
15	229	45	47	3	2	3
16	1529	45	48	3	1	2
17	663	17	18	1	2	2
18	1411	23	26	2	1	3
19	400	27	29	3	1	2
20	1640	13	16	3	2	3
21	1772	21	23	2	1	3
22	390	42	44	2	1	3
23	1360	49	51	3	2	3
24	897	42	45	2	2	3
25	1137	46	47	3	1	1
26	887	18	19	1	2	2
27	1670	60	62	3	1	2
28	1183	27	30	2	1	2
29	94	2	5	1	1	2
30	1260	52	54	2	2	1
31	757	50	52	3	1	2
32	1166	50	53	2	1	2
33	1218	26	29	1	1	1
34	793	4	5	1	1	1
35	1305	41	43	2	1	1
36	553	2	4	1	2	3
37	64	10	13	3	1	2
38	864	11	12	2	2	2
39	1048	7	10	3	1	2
40	1767	21	23	3	1	1
41	1312	6	8	2	2	3
42	763	11	14	3	2	1
43	1255	56	57	3	1	1
44	1085	35	38	1	1	2
45	114	7	10	2	2	3
46	1401	6	7	1	2	1
47	869	48	50	2	2	1
48	468	13	14	2	2	1
49	537	33	35	2	2	2
50	29	8	11	3	2	2
51	1143	7	9	2	1	3
52	1237	56	59	1	1	3
53	1069	30	33	2	1	3
54	1365	24	27	3	2	3
55	1608	48	50	3	1	3
56	1543	13	14	2	1	2
57	1731	61	64	1	2	1
58	1364	50	53	3	2	3
59	1070	39	42	1	1	1
60	1590	55	56	3	1	2
61	893	3	6	3	1	2
62	192	30	32	2	2	1
63	258	9	10	3	2	1
64	144	47	50	2	1	3
65	1558	8	11	3	1	1
66	806	57	58	1	2	2
67	759	2	3	1	2	1
68	871	27	29	2	2	2
69	199	58	61	2	1	3
70	173	9	10	2	2	3
71	634	48	49	1	1	2
72	184	13	16	2	1	3
73	581	19	21	3	2	1
74	325	32	33	3	2	2
75	708	9	11	1	2	3
76	1024	56	59	3	2	3
77	1501	33	35	2	2	3
78	852	31	34	2	1	1
79	664	12	15	1	1	1
80	653	17	20	1	1	3
81	861	55	57	3	1	3
82	751	20	21	3	1	3
83	929	50	51	2	1	3
84	682	57	58	1	2	1
85	355	7	9	2	2	2
86	1677	28	30	3	2	2
87	1331	49	50	2	2	2
88	760	18	19	1	2	1
89	1591	58	61	3	2	3
90	418	39	41	1	2	3
91	97	49	50	3	1	1
92	565	52	55	3	1	3
93	1455	21	23	2	1	3
94	11	32	33	1	2	3
95	99	58	60	2	2	1
96	34	5	8	2	1	1
97	287	6	8	1	2	1
98	1131	46	49	2	2	3
99	1601	39	41	2	2	1
100	1289	33	36	1	1	3
101	1165	47	50	1	2	3
102	1209	59	62	3	2	1
103	269	10	12	3	1	2
104	1	3	5	3	1	1
105	557	28	29	2	1	1
106	936	3	5	2	2	1
107	1674	18	20	1	1	2
108	1661	61	62	2	2	2
109	324	4	6	3	2	3
110	315	32	35	3	2	1
111	523	32	33	3	1	1
112	245	10	13	3	2	3
113	1316	61	62	1	1	1
114	1008	60	61	1	2	3
115	1362	22	24	1	2	3
116	661	26	29	3	2	1
117	559	42	45	2	2	2
118	1160	12	13	3	1	2
119	169	60	62	1	1	3
120	404	39	40	3	1	3
121	1759	34	36	2	1	2
122	1636	26	28	2	2	1
123	1699	23	24	1	2	1
124	1593	30	33	3	2	3
125	1443	21	24	3	2	2
126	261	42	45	3	1	2
127	562	40	42	3	2	1
128	532	39	41	3	1	3
129	1602	47	50	3	2	3
130	1771	34	35	3	1	1
131	684	43	44	2	2	3
132	1221	12	14	3	2	3
133	14	2	5	2	1	3
134	1307	9	11	2	2	1
135	244	3	6	2	2	3
136	54	46	47	2	1	2
137	1498	23	25	3	1	1
138	709	46	48	1	2	3
139	521	40	43	2	2	2
140	238	34	37	2	1	3
141	1031	52	53	2	2	2
142	453	22	25	1	2	1
143	1072	44	47	1	2	2
144	1139	34	36	3	2	2
145	272	55	57	3	2	1
146	126	37	38	3	2	2
147	863	45	47	2	2	1
148	602	43	44	1	1	3
149	937	38	39	1	1	1
150	402	47	50	3	2	1
151	665	60	61	1	1	3
152	1074	10	13	1	1	3
153	859	34	37	2	1	2
154	1208	20	22	1	2	2
155	730	14	17	1	1	3
156	756	13	16	1	1	3
157	1100	39	42	2	1	1
158	872	21	23	1	2	2
159	394	18	20	1	1	1
160	1177	36	38	3	1	1
161	171	55	56	3	2	2
162	1616	7	10	1	2	1
163	605	20	22	3	1	1
164	60	25	26	3	1	3
165	520	17	18	1	1	1
166	1426	6	9	3	1	1
167	595	51	54	3	2	3
168	558	23	26	3	2	3
169	1730	5	7	1	1	1
170	436	29	30	2	1	3
171	1596	25	26	3	2	2
172	946	9	11	1	2	2
173	1337	44	46	3	1	2
174	769	63	64	1	2	3
175	778	24	26	2	1	3
176	496	60	62	1	2	2
177	28	11	13	1	2	2
178	697	29	32	2	2	2
179	354	27	30	1	2	3
180	462	52	55	1	1	3
181	1001	56	57	3	2	3
182	1707	26	29	2	1	3
183	161	40	43	2	2	2
184	1450	19	22	1	1	2
185	889	48	49	2	2	2
186	608	52	53	1	1	2
187	1465	7	9	3	1	2
188	644	10	12	2	1	3
189	913	46	48	3	2	3
190	1012	40	43	1	2	3
191	533	22	23	1	2	1
192	137	29	30	2	2	3
193	190	48	50	2	2	1
194	255	13	16	3	1	1
195	701	26	29	2	2	3
196	1300	47	50	3	1	1
197	888	55	56	3	1	3
198	503	13	15	1	2	3
199	1716	50	53	3	1	2
200	1670	38	41	1	2	3
201	272	46	48	2	2	2
202	308	23	25	1	2	3
203	983	13	15	2	2	2
204	1704	24	27	1	2	2
205	250	56	59	3	1	1
206	1761	8	10	3	2	3
207	115	38	40	3	1	2
208	262	31	32	1	1	3
209	228	8	10	2	1	2
210	1508	29	32	1	1	3
211	914	53	54	1	1	1
212	357	16	19	1	2	3
213	491	9	12	1	1	3
214	895	46	49	3	2	2
215	410	58	59	2	2	3
216	845	26	29	2	2	2
217	1337	5	7	2	2	1
218	367	41	44	2	1	1
219	440	26	27	1	2	3
220	317	43	44	1	1	2
221	181	24	25	1	2	1
222	1035	49	52	3	2	1
223	749	44	47	2	2	1
224	1657	55	57	1	1	2
225	9	59	61	1	1	1
226	571	48	49	1	1	2
227	1343	42	44	1	1	1
228	1285	48	51	3	1	1
229	1734	13	16	1	1	1
230	1148	23	24	1	1	2
231	1671	41	43	3	2	1
232	1222	35	38	3	2	1
233	784	59	60	3	2	3
234	793	24	27	2	1	2
235	100	17	19	2	2	2
236	730	20	22	2	2	2
237	1586	8	11	3	1	1
238	745	28	29	2	1	3
239	926	17	19	1	1	1
240	1240	4	7	1	2	3
241	120	17	20	2	1	2
242	932	60	61	3	1	1
243	77	53	55	1	1	2
244	1444	31	33	1	2	1
245	1626	47	50	3	1	2
246	1533	44	46	3	1	3
247	1770	2	4	1	2	2
248	332	21	23	2	1	1
249	1688	33	36	2	2	2
250	1326	14	15	3	2	1
251	197	14	15	3	2	2
252	1551	48	51	1	2	2
253	1726	6	9	1	1	3
254	48	41	44	1	2	2
255	891	1	3	1	2	1
256	894	53	55	2	1	1
257	433	51	54	3	1	3
258	264	10	12	3	2	1
259	1744	41	43	1	2	3
260	1765	50	52	3	1	2
261	1705	3	6	2	1	3
262	470	61	62	2	2	2
263	777	59	62	2	2	1
264	958	46	47	3	2	3
265	341	23	24	2	2	3
266	434	53	55	1	1	1
267	427	20	22	3	2	2
268	930	49	52	2	2	3
269	118	10	12	3	1	3
270	1390	5	7	2	1	3
271	1117	39	41	1	2	3
272	1238	23	26	1	1	2
273	467	31	32	3	1	3
274	1027	48	51	2	1	3
275	514	26	28	1	2	1
276	412	49	51	3	1	2
277	1061	21	23	1	2	2
278	991	13	14	1	1	1
279	72	61	63	1	2	1
280	1395	55	57	2	2	1
281	1497	49	52	2	2	3
282	500	31	32	3	1	3
283	873	20	21	2	1	1
284	647	2	3	2	2	3
285	482	28	29	1	1	3
286	1410	12	15	2	2	3
287	452	26	29	3	2	2
288	26	37	39	3	2	1
289	901	16	18	2	1	1
290	1569	47	49	1	1	2
291	1646	1	4	3	2	3
292	1582	16	18	3	1	1
293	1209	30	33	2	2	3
294	1503	19	21	1	2	2
295	1041	42	43	1	1	1
296	550	49	51	3	2	2
297	765	32	33	1	1	3
298	87	36	38	3	1	1
299	168	21	22	3	1	3
300	203	7	9	2	1	1
301	1344	3	6	2	2	2
302	1128	38	40	2	2	2
303	214	6	9	1	1	2
304	454	29	32	1	1	2
305	1713	59	61	3	2	2
306	1728	38	39	3	1	3
307	1089	52	53	2	2	2
308	1627	26	27	2	2	1
309	1305	34	35	3	1	1
310	1490	28	31	1	1	1
311	1200	40	43	1	1	3
312	59	39	40	2	2	1
313	1676	23	25	3	2	2
314	832	57	60	1	2	3
315	1712	18	21	2	2	2
316	473	19	22	3	1	1
317	583	10	11	3	1	2
318	1509	58	59	2	2	1
319	721	59	61	3	2	1
320	206	16	17	1	2	3
321	574	29	32	3	2	3
322	25	13	15	3	2	1
323	344	23	26	3	2	2
324	234	28	31	3	1	1
325	411	2	3	2	1	2
326	1635	24	25	2	2	2
327	796	19	21	1	1	3
328	643	20	22	2	1	2
329	1549	54	55	2	1	3
330	1030	29	31	2	1	1
331	220	22	24	1	2	2
332	1552	50	52	1	1	2
333	885	30	32	2	1	1
334	407	41	44	1	2	1
335	976	1	2	2	2	3
336	731	21	23	2	1	1
337	1195	31	34	1	1	3
338	1478	3	4	1	1	3
339	1441	56	59	3	2	2
340	1708	4	6	1	2	3
341	102	58	59	3	2	2
342	270	38	40	1	2	1
343	884	56	58	1	1	2
344	1043	25	28	2	1	3
345	1356	59	61	3	2	1
346	1738	43	45	1	2	2
347	276	7	9	1	1	3
348	737	50	51	1	1	1
349	127	45	47	2	2	2
350	76	55	57	2	1	3
351	493	55	58	2	2	2
352	312	3	5	3	2	1
353	842	34	35	1	1	3
354	420	54	56	3	2	2
355	908	4	6	3	1	3
356	1599	15	18	2	1	1
357	39	4	5	1	1	2
358	1025	20	23	2	2	3
359	291	61	64	1	1	1
360	1739	56	58	1	2	3
361	364	27	29	3	1	3
362	1594	53	56	1	1	2
363	40	48	49	3	1	2
364	733	51	53	3	2	2
365	919	14	15	2	1	3
366	853	37	40	1	2	3
367	910	50	51	1	1	2
368	1406	43	44	2	1	2
369	563	30	32	3	1	1
370	1339	9	12	1	2	3
371	1557	51	53	1	2	3
372	902	21	22	2	1	1
373	907	38	39	3	2	2
374	977	3	4	3	2	3
375	1187	14	16	1	1	3
376	1656	18	21	3	1	2
377	670	1	2	1	1	3
378	742	48	51	3	2	1
379	669	21	23	1	1	1
380	1363	56	57	1	2	2
381	159	25	27	1	2	1
382	411	57	58	2	2	1
383	982	44	47	2	1	2
384	96	18	19	3	1	1
385	471	27	29	3	1	1
386	30	62	63	2	2	2
387	1153	60	61	2	2	2
388	1483	51	52	3	1	3
389	347	43	45	1	2	3
390	1556	25	27	2	1	3
391	1405	8	9	3	1	3
392	481	24	25	1	2	1
393	1239	10	11	1	1	2
394	1102	20	23	2	1	3
395	259	36	39	3	2	2
396	764	46	49	1	1	2
397	633	58	59	3	2	1
398	1134	19	21	1	2	2
399	524	19	22	2	2	1
400	1250	32	35	1	2	3
401	209	28	30	3	2	1
402	93	36	39	1	1	3
403	1370	49	52	2	1	3
404	391	39	40	2	1	2
405	1181	8	10	2	1	2
406	1541	8	9	1	2	1
407	1350	8	11	1	2	1
408	207	33	35	1	2	1
409	1258	31	34	3	1	2
410	1213	37	38	3	1	3
411	525	12	13	2	2	2
412	1645	16	19	1	2	3
413	1544	25	28	1	2	2
414	1417	16	18	1	1	2
415	32	40	42	1	1	3
416	1381	40	41	1	2	3
417	85	29	32	3	2	1
418	251	29	32	2	2	3
419	816	31	34	3	2	1
420	270	32	34	2	1	3
421	1622	1	3	3	2	1
422	1301	22	24	2	1	1
423	691	6	7	2	2	2
424	40	60	62	2	1	1
425	1078	33	36	2	1	3
426	1229	8	11	1	2	1
427	994	56	59	1	2	2
428	362	34	36	1	2	2
429	1476	26	29	3	2	3
430	1252	31	34	3	2	2
431	612	32	33	2	2	1
432	290	29	31	3	1	3
433	421	15	17	3	1	1
434	1469	55	57	2	1	3
435	397	20	22	3	1	1
436	1127	43	46	2	2	2
437	576	31	34	2	2	2
438	1607	58	61	3	1	3
439	1500	27	28	1	2	1
440	306	11	13	3	2	3
441	1223	60	62	3	2	1
442	858	11	12	2	2	1
443	1583	21	22	2	2	2
444	821	58	60	3	1	3
445	83	13	16	2	2	2
446	1536	48	51	1	2	3
447	1320	28	30	1	1	3
448	1447	47	49	2	1	3
449	1704	20	22	1	1	3
450	1695	47	48	2	2	2
451	323	44	46	2	2	1
452	1144	33	35	3	2	2
453	1244	18	20	2	1	1
454	555	44	47	1	2	2
455	1018	30	33	1	2	3
456	767	22	24	2	2	3
457	1324	27	28	3	1	3
458	577	14	15	1	1	1
459	1154	8	9	3	2	1
460	1471	6	9	3	1	1
461	18	58	59	2	1	3
462	1104	18	20	2	1	3
463	1086	37	40	1	2	3
464	962	31	32	2	2	1
465	1372	55	58	1	2	2
466	773	13	15	1	1	3
467	23	20	21	3	2	3
468	1448	33	35	3	2	2
469	804	12	13	3	2	2
470	326	49	51	1	2	1
471	445	51	54	1	1	1
472	361	23	24	1	1	2
473	1560	12	13	1	1	1
474	191	33	36	2	2	2
475	628	2	5	2	1	2
476	934	58	61	1	1	2
477	1335	1	3	3	2	3
478	631	5	8	1	2	1
479	188	1	3	3	1	2
480	321	1	2	2	2	2
481	1373	55	58	1	1	1
482	1375	9	10	2	1	2
483	201	20	21	2	1	2
484	448	9	11	2	2	3
485	1309	35	38	2	1	2
486	31	13	16	3	2	2
487	564	56	58	1	2	3
488	381	21	23	3	1	1
489	1111	57	58	2	2	3
490	161	54	57	3	2	3
491	33	18	19	2	2	3
492	1388	25	28	3	1	1
493	1384	12	14	3	2	1
494	568	12	14	3	1	2
495	1394	26	27	3	1	2
496	423	9	11	1	1	2
497	840	59	61	2	2	1
498	1382	6	9	3	2	1
499	339	50	51	3	1	1
500	655	34	37	1	1	3
501	1253	42	44	1	2	1
502	722	41	42	2	1	2
503	1282	25	27	1	2	2
504	1209	10	11	2	1	3
505	1684	6	7	2	1	2
506	1437	48	49	1	2	3
507	1702	31	32	2	2	3
508	768	1	3	3	1	1
509	1654	27	28	1	2	1
510	819	59	60	2	2	1
511	286	12	14	2	2	1
512	1162	50	53	1	2	2
513	944	47	48	2	2	1
514	502	13	14	3	1	3
515	704	43	46	2	1	2
516	1066	35	37	2	1	3
517	710	19	20	1	1	1
518	444	4	6	3	2	1
519	1548	30	32	2	2	3
520	1611	54	56	1	1	2
521	1009	49	52	1	2	3
522	274	45	48	3	2	1
523	432	7	10	3	2	3
524	667	22	25	1	2	3
525	723	28	30	1	2	2
526	732	15	16	2	2	1
527	232	1	2	2	1	1
528	1749	13	15	3	1	1
529	1452	56	59	3	1	1
530	128	14	17	3	1	2
531	1678	43	45	2	2	1
532	496	9	10	3	1	3
533	1494	1	2	3	2	3
534	163	52	54	2	1	1
535	642	19	20	1	2	2
536	194	26	27	3	2	3
537	1575	53	56	3	2	3
538	167	5	8	1	1	1
539	1014	6	9	2	2	2
540	607	39	42	3	1	2
541	1723	44	46	1	2	3
542	16	43	44	3	2	3
543	1268	48	50	2	1	3
544	1542	57	58	3	2	1
545	485	24	25	2	1	1
546	1619	24	27	2	1	2
547	743	6	8	1	2	3
548	1659	47	48	2	1	2
549	294	47	48	3	2	1
550	1039	26	28	3	1	3
551	666	41	42	2	1	2
552	900	4	5	3	2	1
553	1167	44	46	3	2	3
554	672	11	14	3	2	1
555	49	51	54	3	2	2
556	61	18	21	3	1	1
557	217	34	35	2	2	1
558	151	27	29	2	1	2
559	1467	7	8	3	2	1
560	1256	35	36	1	1	1
561	1015	9	10	2	1	1
562	474	27	28	1	1	3
563	483	37	38	1	1	2
564	1097	60	63	2	2	3
565	441	5	8	2	1	1
566	1691	49	50	2	2	1
567	794	31	33	1	1	2
568	302	27	29	1	1	2
569	1621	17	20	2	2	1
570	1719	5	8	3	2	2
571	1750	29	31	2	1	2
572	278	44	46	3	2	2
573	1439	32	33	3	2	1
574	1020	27	30	3	1	1
575	586	34	36	1	2	1
576	1736	47	49	1	1	1
577	1315	33	36	1	1	3
578	1491	6	8	1	1	1
579	88	22	24	2	2	3
580	1625	6	9	1	1	1
581	1022	52	53	2	1	2
582	1579	32	34	3	1	1
583	1067	42	43	3	2	1
584	965	30	32	1	1	3
585	1358	7	10	1	1	2
586	1397	1	4	3	2	2
587	1386	20	22	2	2	3
588	1712	15	18	1	1	2
589	1724	14	17	1	2	1
590	476	26	27	1	2	2
591	455	38	41	3	2	3
592	1568	33	35	2	2	2
593	1034	54	55	2	2	2
594	1715	17	20	3	2	1
595	1521	1	4	1	1	2
596	465	18	19	2	2	1
597	824	37	40	3	1	3
598	699	46	49	1	2	1
599	623	46	47	2	1	2
600	1168	51	54	2	1	1
601	1754	13	14	1	2	3
602	1275	22	25	2	1	3
603	1242	36	39	1	2	2
604	1138	45	46	3	2	3
605	957	62	63	2	1	1
606	1631	54	57	1	2	3
607	1303	22	25	3	1	2
608	240	23	26	2	1	1
609	1328	25	26	2	1	1
610	1429	44	47	2	1	1
611	1261	25	28	1	2	1
612	943	46	47	3	1	2
613	1045	7	8	2	2	3
614	1073	1	3	1	1	2
615	444	1	3	3	1	2
616	1158	24	27	2	1	3
617	1206	18	20	1	1	3
618	695	45	46	2	1	1
619	924	1	3	1	2	3
620	267	28	30	3	2	3
621	994	35	36	3	1	3
622	747	56	58	1	2	1
623	1564	16	19	3	2	3
624	52	40	43	1	1	2
625	735	48	50	3	2	3
626	939	10	13	3	1	2
627	260	5	7	2	1	3
628	1419	18	20	1	1	2
629	142	54	55	1	1	3
630	1489	24	26	3	1	3
631	435	52	54	3	1	2
632	1059	60	61	2	2	2
633	545	55	58	2	1	1
634	1554	11	14	1	2	2
635	856	29	30	3	2	2
636	1650	38	40	2	1	3
637	1747	6	7	1	1	1
638	992	3	5	1	1	2
639	973	30	32	3	1	2
640	1269	27	28	2	2	3
641	330	24	26	1	2	3
642	1639	31	33	1	1	2
643	1091	12	13	2	1	3
644	1709	25	26	2	2	3
645	1297	43	44	1	2	1
646	797	2	4	3	2	2
647	307	39	41	2	2	1
648	1106	18	19	3	1	3
649	136	45	48	1	2	1
650	1232	39	42	2	2	2
651	1287	49	50	3	2	2
652	869	6	8	3	1	2
653	1457	38	41	2	2	1
654	1007	35	36	3	1	1
655	150	37	39	2	2	3
656	1431	34	35	1	2	1
657	591	7	8	3	1	2
658	414	24	27	3	1	1
659	499	53	54	2	2	3
660	389	33	34	1	1	1
661	50	23	25	1	2	2
662	1535	37	38	3	2	1
663	1681	60	61	2	1	1
664	405	10	11	1	2	2
665	320	59	61	3	2	1
666	1367	56	58	2	1	2
667	1368	31	32	3	1	3
668	304	10	12	1	2	2
669	1191	2	3	2	2	2
670	1497	40	43	1	2	2
671	158	5	8	3	2	1
672	519	18	20	2	1	2
673	512	55	56	3	2	3
674	1530	22	23	1	2	1
675	685	30	32	3	1	2
676	15	29	31	1	2	2
677	911	5	7	3	2	2
678	1689	28	30	1	2	1
679	1688	48	50	2	2	2
680	1113	58	60	2	1	3
681	619	6	8	3	2	2
682	808	23	25	3	1	2
683	437	29	31	2	2	3
684	603	60	62	1	1	1
685	1589	1	4	3	1	1
686	451	38	41	2	2	2
687	726	9	10	1	1	3
688	1505	25	26	3	1	3
689	1440	8	10	3	2	3
690	625	10	11	3	2	2
691	5	62	63	2	1	1
692	1004	17	19	3	2	3
693	1254	54	56	1	2	1
694	241	43	44	2	2	3
695	153	53	55	2	1	1
696	1083	37	40	2	2	2
697	1741	51	53	3	1	2
698	645	51	54	3	1	1
699	955	49	50	2	1	3
700	164	49	51	3	2	2
701	17	41	42	3	2	3
702	1176	44	46	2	2	2
703	814	7	10	3	2	3
704	1505	44	45	1	1	2
705	1617	36	39	2	1	1
706	1634	42	45	3	1	3
707	590	59	62	1	2	1
708	1477	32	34	3	1	1
709	162	24	25	1	2	3
710	1185	6	9	1	2	3
711	66	26	29	2	1	2
712	548	1	2	3	2	1
713	811	58	59	1	1	2
714	149	19	21	3	2	1
715	419	20	22	3	2	1
716	938	52	53	2	1	3
717	1574	52	55	1	1	1
718	596	59	61	1	2	3
719	940	36	38	3	2	2
720	137	37	40	2	2	2
721	1758	33	35	1	1	2
722	117	31	34	3	1	1
723	651	23	24	2	1	1
724	1348	50	52	1	2	3
725	851	40	42	3	1	3
726	177	54	56	1	1	1
727	1109	5	7	2	2	2
728	1026	59	60	3	1	2
729	1090	37	38	2	2	2
730	564	30	31	2	1	1
731	130	54	56	2	2	1
732	772	6	7	2	1	1
733	766	9	12	1	1	2
734	460	32	33	1	1	2
735	277	46	48	3	2	1
736	1709	46	47	3	2	1
737	698	27	28	3	1	3
738	711	7	8	2	2	1
739	1343	56	59	1	2	1
740	1743	34	36	2	2	1
741	526	47	48	2	1	3
742	1395	60	63	2	2	2
743	1190	9	12	2	1	3
744	1573	52	54	3	1	1
745	1329	31	34	1	1	1
746	1186	28	31	3	2	2
747	1679	25	27	1	1	3
748	287	8	11	3	1	3
749	1193	39	42	2	1	3
750	1367	28	31	1	2	1
751	1227	49	50	2	2	1
752	1454	43	45	3	1	3
753	498	29	31	2	1	2
754	1576	52	54	3	1	2
755	141	45	48	3	1	3
756	803	15	16	2	1	1
757	837	15	17	3	1	1
758	340	61	63	2	1	2
759	656	26	29	2	1	2
760	997	15	17	2	1	1
761	95	55	56	3	1	2
762	464	58	59	3	2	1
763	252	55	57	1	1	1
764	1381	56	59	3	2	2
765	1002	49	50	1	1	1
766	303	20	23	1	1	2
767	1432	35	37	2	1	1
768	56	32	35	1	2	2
769	1703	16	18	2	1	3
770	1040	34	36	2	1	1
771	921	41	43	3	1	3
772	1349	44	45	1	2	2
773	1054	4	6	3	1	1
774	351	50	53	3	1	2
775	450	28	30	1	1	2
776	741	44	46	1	2	3
777	511	9	10	3	1	3
778	1028	7	9	2	2	3
779	180	17	18	3	2	1
780	600	18	20	3	1	2
781	1264	46	49	3	2	2
782	1164	34	37	2	2	2
783	1329	43	44	1	2	2
784	806	46	49	2	1	3
785	484	59	61	2	2	1
786	635	48	49	3	2	3
787	1553	50	53	2	2	3
788	613	55	56	1	2	1
789	496	44	46	3	2	2
790	780	15	18	1	2	3
791	1621	35	36	2	1	1
792	1123	16	17	3	2	1
793	1604	35	36	3	1	2
794	185	30	32	2	2	1
795	1746	54	56	3	1	1
796	318	7	8	3	1	3
797	378	21	22	1	1	3
798	1478	49	52	1	1	1
799	494	29	30	2	2	2
800	139	12	14	1	2	3
801	998	13	16	2	1	2
802	370	39	41	1	2	2
803	1351	35	37	2	1	1
804	892	14	17	3	2	1
805	1705	5	6	2	2	3
806	360	16	17	2	2	1
807	275	8	9	3	2	1
808	160	6	8	1	2	2
809	1436	8	9	3	2	2
810	1110	26	28	2	1	1
811	1537	21	22	3	1	1
812	1644	47	49	1	2	2
813	636	13	16	3	2	1
814	954	58	61	3	2	3
815	283	59	61	3	2	1
816	527	3	6	3	2	3
817	1157	1	2	3	1	1
818	1306	23	25	1	1	1
819	1257	55	58	3	1	1
820	1146	35	36	2	2	3
821	646	5	8	3	1	1
822	580	18	20	1	1	1
823	43	32	35	1	1	2
824	1717	39	42	3	1	3
825	651	42	44	2	1	3
826	917	37	39	3	1	2
827	469	55	56	3	1	2
828	204	19	22	3	2	2
829	337	1	2	1	2	1
830	894	38	41	1	1	3
831	531	60	62	2	1	2
832	1013	3	6	1	2	1
833	1647	35	38	3	2	3
834	1506	46	49	2	1	3
835	588	41	43	1	2	2
836	415	9	12	3	2	1
837	838	50	51	3	2	2
838	1460	41	44	3	1	2
839	841	28	30	3	1	3
840	1347	26	28	3	2	1
841	271	47	50	2	2	3
842	140	37	38	1	2	2
843	802	8	9	1	1	3
844	1522	17	19	3	2	3
845	1321	21	23	1	1	1
846	1624	6	8	3	2	2
847	627	38	41	3	1	1
848	1152	25	26	3	2	1
849	713	18	19	3	2	3
850	472	40	43	1	1	1
851	1484	55	58	3	1	3
852	67	61	62	3	1	2
853	543	60	61	1	1	3
854	980	39	40	3	1	3
855	585	33	36	3	2	3
856	1361	44	45	2	2	3
857	964	2	4	2	1	2
858	424	54	56	3	1	2
859	250	42	44	3	2	3
860	1505	38	39	2	1	2
861	1562	20	21	1	2	3
862	82	47	49	3	2	2
863	604	56	58	2	1	3
864	547	48	49	2	2	2
865	1126	59	60	2	2	1
866	744	41	44	2	1	2
867	213	51	54	3	1	3
868	945	31	32	3	1	1
869	299	49	51	1	1	3
870	336	35	38	2	2	1
871	329	57	59	1	1	3
872	41	52	53	1	2	1
873	268	25	26	1	2	1
874	109	44	46	1	2	2
875	12	15	18	3	1	3
876	73	1	2	1	2	2
877	1458	6	8	2	2	2
878	292	31	33	3	1	1
879	221	12	14	1	2	1
880	799	10	13	2	1	3
881	719	3	5	3	2	3
882	113	37	39	2	2	3
883	1284	37	38	2	2	1
884	1138	13	15	1	1	1
885	343	14	15	2	1	3
886	572	7	8	2	2	1
887	561	44	45	3	2	2
888	679	32	34	1	1	1
889	101	21	22	1	2	1
890	6	18	21	3	2	3
891	1058	18	20	3	2	3
892	1149	48	49	1	2	3
893	408	48	50	1	1	1
894	953	44	47	1	2	3
895	1122	61	62	2	2	3
896	1052	6	9	3	2	1
897	20	12	14	1	2	3
898	831	16	19	3	1	2
899	1147	26	27	3	1	2
900	173	57	59	2	2	1
901	488	7	10	3	2	2
902	841	53	54	1	2	3
903	1076	51	53	2	2	3
904	1669	35	38	3	1	3
905	867	34	36	3	1	2
906	969	18	19	3	1	1
907	873	16	17	3	2	3
908	1225	34	36	2	1	3
909	1524	35	36	3	2	3
910	1481	49	52	3	1	3
911	92	58	61	3	2	2
912	1462	57	58	3	1	2
913	1421	36	37	2	2	3
914	1180	46	47	1	2	3
915	480	37	40	3	2	2
916	1302	42	44	1	1	2
917	755	42	45	1	1	2
918	1378	13	14	1	1	3
919	350	47	50	2	2	1
920	1118	13	15	1	2	2
921	855	39	41	2	2	2
922	75	26	27	3	2	1
923	1667	36	38	1	1	1
924	89	20	21	1	2	1
925	1072	55	57	1	2	1
926	224	56	57	3	2	2
927	1107	43	45	2	2	2
928	1698	18	20	3	1	2
929	848	40	41	1	1	2
930	972	22	24	3	1	1
931	422	49	52	1	1	3
932	1080	16	19	1	2	2
933	1668	27	30	2	1	3
934	1588	8	10	1	1	2
935	566	36	37	2	1	3
936	1725	59	61	2	1	2
937	1733	16	17	1	1	3
938	1234	5	8	2	2	3
939	273	47	50	3	1	1
940	786	4	6	1	1	2
941	131	57	59	3	2	2
942	753	11	12	2	1	2
943	74	44	45	1	2	3
944	1446	16	19	2	1	3
945	1763	22	24	3	2	2
946	1520	57	59	1	1	1
947	1314	26	28	1	2	1
948	956	15	18	3	2	2
949	658	60	62	2	2	3
950	202	14	15	3	2	1
951	1369	23	26	2	2	3
952	1716	17	20	1	2	2
953	681	41	43	2	2	2
954	522	6	8	3	2	3
955	676	15	16	2	1	1
956	1773	15	17	1	1	2
957	1720	22	25	3	1	2
958	1338	16	17	1	1	3
959	947	20	22	2	2	3
960	1056	2	4	3	2	1
961	1593	1	3	3	1	2
962	125	29	31	1	2	2
963	1534	2	4	1	2	3
964	817	7	9	3	1	3
965	916	43	45	1	1	2
966	1244	55	56	1	2	1
967	179	44	45	1	2	2
968	671	18	19	3	2	2
969	508	63	64	1	1	1
970	317	32	33	1	1	2
971	715	12	15	3	1	2
972	457	1	4	3	2	3
973	1115	43	46	3	1	3
974	496	53	55	3	2	3
975	507	49	52	2	2	3
976	729	27	30	1	1	3
977	933	20	23	3	2	3
978	36	33	35	2	2	2
979	537	23	26	2	2	3
980	1063	51	53	2	2	1
981	330	50	53	2	1	2
982	1423	47	49	2	1	3
983	1011	12	14	2	2	2
984	281	53	54	2	1	2
985	1214	58	60	1	2	1
986	1766	9	11	1	1	1
987	556	7	8	2	1	3
988	1130	35	37	3	1	3
989	788	35	38	3	1	2
990	1760	43	46	2	2	1
991	1147	10	13	2	2	3
992	1366	16	18	3	1	2
993	1618	35	37	2	1	1
994	1749	53	56	1	1	3
995	358	54	55	2	1	3
996	464	51	54	1	1	1
997	1474	40	43	2	1	3
998	113	4	5	2	1	3
999	1665	9	10	3	2	2
1000	696	4	5	3	2	1
1001	975	19	20	1	2	3
1002	592	35	37	1	2	1
1003	1561	24	26	3	1	1
1004	37	28	30	3	1	3
1005	1156	32	34	3	1	2
1006	82	16	17	1	1	2
1007	841	6	8	2	2	2
1008	1774	46	49	1	1	3
1009	1259	15	16	3	1	1
1010	1642	4	6	1	2	2
1011	196	7	10	2	2	2
1012	68	54	57	1	2	2
1013	352	23	24	3	2	2
1014	745	28	29	2	2	1
1015	49	4	7	3	1	3
1016	1382	17	18	2	2	2
1017	677	25	26	2	1	2
1018	183	30	33	3	1	1
1019	19	47	49	3	2	2
1020	413	21	23	3	1	1
1021	761	52	54	2	2	1
1022	13	47	50	1	2	3
1023	1004	19	22	3	1	2
1024	857	19	21	2	2	3
1025	818	52	53	3	2	2
1026	1133	58	60	3	2	3
1027	654	35	36	2	2	2
1028	589	22	25	1	1	1
1029	1652	43	46	2	2	3
1030	860	12	13	1	2	1
1031	85	2	4	1	2	1
1032	540	56	59	3	1	3
1033	1432	56	58	1	2	1
1034	906	24	27	3	1	1
1035	542	53	56	3	1	2
1036	116	46	47	1	1	2
1037	1418	13	14	1	2	2
1038	1205	40	43	2	2	1
1039	1623	37	40	1	1	1
1040	314	22	23	3	2	1
1041	1455	37	40	2	2	2
1042	573	1	2	2	1	3
1043	1397	29	31	2	1	3
1044	447	25	26	2	2	2
1045	1342	4	5	3	2	3
1046	716	60	61	1	1	1
1047	1711	53	56	1	1	1
1048	385	10	12	2	2	1
1049	1776	23	24	1	2	1
1050	878	7	10	1	2	1
1051	1755	39	41	3	2	2
1052	923	29	32	1	2	2
1053	922	4	7	1	1	2
1054	355	60	62	1	2	2
1055	951	45	47	2	1	3
1056	1033	21	24	1	1	2
1057	371	51	53	3	1	1
1058	1538	6	9	1	2	1
1059	518	5	7	3	2	1
1060	297	21	23	2	1	2
1061	619	60	61	3	2	1
1062	439	21	22	2	2	3
1063	1496	18	19	1	1	3
1064	974	8	10	3	1	1
1065	637	40	41	2	2	2
1066	541	60	62	2	2	1
1067	652	10	11	2	2	3
1068	1721	9	11	3	1	1
1069	606	53	54	3	2	3
1070	1641	26	28	2	2	2
1071	4	60	62	2	1	1
1072	1427	8	9	1	1	2
1073	876	4	6	1	1	1
1074	988	18	20	2	1	1
1075	154	32	33	1	1	1
1076	300	38	39	3	1	3
1077	1434	39	42	3	2	3
1078	1331	35	37	1	1	1
1079	398	22	25	3	1	3
1080	146	53	55	3	2	2
1081	1547	26	29	1	2	2
1082	208	33	36	1	2	2
1083	720	57	58	3	2	1
1084	640	8	11	1	1	3
1085	1212	20	23	2	1	1
1086	1685	8	9	1	2	3
1087	847	23	24	2	1	3
1088	1281	32	34	2	1	2
1089	1019	18	21	3	2	3
1090	801	32	33	2	2	3
1091	218	45	47	2	2	3
1092	1446	51	53	3	1	3
1093	1383	47	50	2	2	3
1094	528	37	39	3	1	2
1095	909	29	30	3	1	3
1096	285	33	34	2	2	2
1097	897	4	5	3	2	2
1098	212	62	63	1	2	3
1099	1762	40	42	3	2	2
1100	1718	15	18	2	2	2
1101	1387	55	58	1	2	1
1102	1345	24	27	3	1	2
1103	554	39	41	3	1	2
1104	510	42	43	1	1	2
1105	134	15	18	1	1	2
1106	401	2	3	1	1	1
1107	1247	36	37	2	2	1
1108	1280	15	18	1	2	3
1109	1230	34	37	2	1	1
1110	1701	12	13	2	2	2
1111	8	41	44	2	2	2
1112	370	50	51	1	2	1
1113	1272	39	41	2	2	3
1114	46	19	21	1	1	1
1115	1132	43	46	2	1	1
1116	78	30	33	3	2	3
1117	825	14	17	2	1	1
1118	1196	43	45	1	2	3
1119	928	57	60	2	2	1
1120	1765	51	52	2	2	1
1121	1513	44	47	2	2	1
1122	1023	56	57	1	2	2
1123	702	25	27	3	1	2
1124	1304	59	60	1	1	3
1125	1523	30	31	1	2	2
1126	1291	57	59	3	1	1
1127	828	12	15	1	2	3
1128	57	61	62	2	2	2
1129	629	1	2	3	1	1
1130	1693	13	15	3	1	1
1131	1686	59	61	1	1	1
1132	65	25	26	1	1	2
1133	1075	9	11	3	2	2
1134	27	27	28	2	2	3
1135	1757	43	45	3	1	2
1136	284	36	39	3	2	2
1137	621	54	57	1	2	3
1138	319	48	50	3	1	2
1139	599	41	43	1	1	1
1140	1125	3	6	1	1	2
1141	487	49	51	2	2	2
1142	1614	57	58	2	1	2
1143	762	61	64	1	1	1
1144	1473	39	41	3	2	3
1145	1485	39	40	1	2	3
1146	1408	44	46	1	1	3
1147	1050	29	31	1	1	3
1148	904	24	27	2	1	3
1149	376	33	36	2	1	1
1150	305	6	8	1	2	2
1151	1198	2	5	1	2	1
1152	594	55	58	1	1	3
1153	1641	19	21	1	2	1
1154	1682	59	61	1	1	1
1155	1182	35	38	3	2	1
1156	1184	33	36	1	2	3
1157	524	49	51	3	1	2
1158	1764	52	53	2	2	2
1159	854	58	59	3	2	1
1160	1277	33	35	1	2	1
1161	81	57	59	3	1	1
1162	358	19	22	3	2	3
1163	133	14	15	2	1	2
1164	309	56	59	2	2	2
1165	24	18	21	3	2	2
1166	1145	9	12	1	2	1
1167	952	19	22	2	1	2
1168	1174	52	53	1	2	3
1169	546	42	44	1	2	1
1170	1675	38	41	2	1	3
1171	1615	26	28	2	2	2
1172	1219	15	17	1	2	1
1173	1761	7	10	2	1	2
1174	274	4	6	2	1	1
1175	79	8	10	1	1	2
1176	1319	20	21	3	2	2
1177	718	32	35	3	2	2
1178	989	62	63	1	1	2
1179	782	16	17	1	2	1
1180	338	23	25	2	1	1
1181	1119	59	62	1	2	1
1182	1151	54	57	2	2	1
1183	920	42	45	3	2	1
1184	649	27	28	3	1	2
1185	1706	43	46	2	1	3
1186	826	62	63	1	2	1
1187	1610	28	30	2	1	1
1188	1260	38	40	2	1	3
1189	458	27	29	3	2	1
1190	881	15	18	1	1	2
1191	51	13	15	3	2	2
1192	1000	52	53	1	2	3
1193	176	27	29	3	1	3
1194	501	47	48	3	1	1
1195	1512	34	36	3	2	3
1196	1175	39	41	2	1	3
1197	1083	56	57	3	1	2
1198	1101	32	34	2	1	3
1199	1291	12	14	3	1	3
1200	255	53	54	2	1	2
1201	740	48	49	1	1	3
1202	1044	30	32	2	1	1
1203	1010	59	61	3	1	2
1204	883	6	9	1	1	1
1205	369	12	14	1	1	3
1206	798	47	48	1	1	2
1207	1519	26	29	3	1	2
1208	1515	3	6	3	2	3
1209	1492	27	29	1	1	2
1210	1097	11	14	3	1	2
1211	918	58	61	2	2	1
1212	1249	41	42	1	2	3
1213	293	53	54	3	1	2
1214	1673	58	60	1	2	3
1215	626	21	23	1	1	1
1216	1038	28	30	1	1	3
1217	1293	55	56	3	1	2
1218	1598	28	31	1	2	1
1219	1295	6	9	2	1	2
1220	1194	40	41	1	2	2
1221	1389	33	35	3	1	1
1222	345	50	53	2	1	3
1223	461	14	17	3	2	3
1224	1129	42	45	2	2	3
1225	1030	57	58	2	1	2
1226	1393	54	55	1	1	1
1227	187	40	43	2	2	3
1228	1049	5	8	3	2	1
1229	961	32	33	3	2	3
1230	1088	4	7	3	2	1
1231	1229	50	52	2	2	3
1232	22	19	22	2	2	2
1233	971	39	42	3	2	2
1234	1288	46	49	1	1	1
1235	1236	52	54	1	2	1
1236	1654	55	57	2	1	1
1237	1173	1	3	3	1	1
1238	748	33	35	1	1	2
1239	1192	12	13	3	1	3
1240	813	10	12	3	1	3
1241	1410	22	25	2	2	1
1242	1377	17	20	3	1	3
1243	1259	32	35	2	2	2
1244	1663	58	59	3	2	3
1245	529	20	22	1	2	1
1246	1207	55	58	2	1	3
1247	1527	10	12	2	2	1
1248	898	56	58	2	2	1
1249	398	22	23	2	2	1
1250	392	14	16	1	1	1
1251	893	10	13	1	2	2
1252	687	33	34	3	2	2
1253	833	3	6	2	2	1
1254	210	54	55	3	2	2
1255	1567	46	49	3	1	2
1256	1690	36	37	2	1	1
1257	1697	23	24	1	2	1
1258	1033	57	58	2	2	2
1259	1756	55	58	2	1	1
1260	834	24	25	3	2	3
1261	53	43	44	3	2	3
1262	1216	28	30	2	2	3
1263	1057	42	44	2	2	3
1264	478	23	26	2	2	2
1265	431	32	33	1	1	2
1266	1438	21	24	2	2	2
1267	1463	59	60	1	2	1
1268	1449	18	20	1	2	1
1269	1006	37	40	1	2	2
1270	541	20	23	3	2	3
1271	552	61	62	3	2	1
1272	385	23	24	1	2	1
1273	1270	6	7	3	2	2
1274	1472	12	15	2	2	2
1275	410	24	25	2	2	3
1276	384	33	36	2	2	1
1277	47	29	32	1	1	1
1278	675	28	31	2	2	1
1279	1403	36	39	3	1	3
1280	513	14	17	3	1	1
1281	1299	49	50	2	2	1
1282	372	5	6	2	2	2
1283	1572	48	51	2	1	3
1284	1224	51	52	1	1	1
1285	1710	17	19	1	1	1
1286	463	4	5	1	2	2
1287	1495	41	42	2	1	1
1288	598	20	21	2	1	3
1289	505	49	51	1	2	2
1290	1077	18	20	1	2	1
1291	1286	37	38	3	2	3
1292	970	29	31	2	1	2
1293	1396	45	48	2	2	2
1294	785	28	31	1	2	2
1295	1196	19	21	2	2	1
1296	1694	53	56	1	2	1
1297	1313	4	7	2	1	3
1298	1607	17	18	1	1	3
1299	477	9	10	2	1	2
1300	84	33	36	3	2	1
1301	815	58	60	2	1	3
1302	1669	18	21	1	2	1
1303	438	47	49	1	1	3
1304	1574	39	42	2	1	1
1305	894	29	30	2	1	2
1306	1700	3	6	1	2	2
1307	1525	27	29	3	1	2
1308	38	7	10	1	1	2
1309	1380	4	7	1	1	2
1310	1332	50	51	3	2	2
1311	279	10	12	1	1	1
1312	1308	26	29	3	2	2
1313	1683	20	22	3	2	3
1314	1616	12	15	3	1	3
1315	311	18	19	2	1	1
1316	333	27	28	3	1	2
1317	1067	1	4	1	1	1
1318	1724	45	46	2	1	3
1319	1016	49	50	2	1	1
1320	1325	6	7	1	2	1
1321	1672	23	26	1	1	1
1322	1254	19	21	3	1	2
1323	1359	27	30	1	1	1
1324	1696	35	36	2	1	2
1325	1065	9	10	3	1	2
1326	1241	22	24	2	1	3
1327	534	46	49	2	1	1
1328	456	24	27	3	1	3
1329	689	55	58	1	1	3
1330	1740	13	14	1	1	2
1331	1203	16	17	1	1	3
1332	115	1	3	3	1	1
1333	966	19	21	3	2	1
1334	10	58	60	2	1	1
1335	1371	55	57	2	2	1
1336	1060	15	16	2	2	1
1337	1296	15	17	2	2	1
1338	1400	61	63	2	2	3
1339	119	45	48	2	1	1
1340	466	30	31	2	1	1
1341	1651	41	44	1	1	2
1342	1753	36	37	3	1	1
1343	1098	27	29	1	1	3
1344	600	52	53	2	1	3
1345	246	48	50	2	2	1
1346	839	52	53	2	1	3
1347	750	39	40	2	2	1
1348	1442	2	4	2	1	3
1349	1620	53	54	3	1	1
1350	1323	37	38	3	1	2
1351	307	12	14	2	1	1
1352	1629	1	4	3	1	3
1353	1643	37	38	3	2	1
1354	1121	21	23	2	2	3
1355	791	10	12	1	2	1
1356	1526	44	47	2	1	1
1357	581	46	49	2	2	1
1358	686	59	61	3	2	1
1359	618	32	33	3	2	1
1360	570	36	39	3	2	2
1361	1404	20	21	3	2	1
1362	1391	25	26	1	2	1
1363	544	58	60	3	2	2
1364	138	38	39	3	1	3
1365	295	23	26	2	1	3
1366	231	10	13	3	2	1
1367	800	18	21	2	2	2
1368	1217	61	62	2	2	2
1369	1210	39	42	2	2	3
1370	535	15	18	1	2	1
1371	1226	37	39	2	2	2
1372	622	62	63	1	2	2
1373	575	33	36	2	1	1
1374	430	19	22	1	2	2
1375	1333	40	43	1	1	3
1376	1199	9	11	1	1	2
1377	383	28	30	1	2	2
1378	724	22	24	2	1	2
1379	601	31	33	2	2	3
1380	1235	18	20	2	2	3
1381	63	41	43	3	2	2
1382	738	24	26	3	2	1
1383	717	34	35	1	2	2
1384	752	2	3	1	2	2
1385	620	51	53	1	2	1
1386	1092	29	30	3	2	3
1387	1658	54	56	3	1	1
1388	862	6	7	2	2	1
1389	374	33	35	1	1	3
1390	515	16	18	1	1	1
1391	80	19	20	3	1	2
1392	71	25	26	3	2	2
1393	236	26	29	1	1	2
1394	1638	2	4	2	1	2
1395	1064	5	7	3	1	1
1396	1114	34	35	3	1	2
1397	859	54	55	2	2	3
1398	1566	36	38	2	1	2
1399	222	9	10	2	1	2
1400	4	47	48	3	2	2
1401	268	50	52	2	1	1
1402	1507	59	62	1	1	3
1403	1135	18	20	2	1	1
1404	1714	44	45	2	2	3
1405	925	3	5	1	2	3
1406	1580	43	46	1	2	1
1407	1068	18	19	1	1	1
1408	1055	27	30	2	1	3
1409	1412	39	41	1	1	1
1410	282	59	62	2	2	3
1411	549	9	11	3	1	2
1412	1769	57	59	3	1	3
1413	758	19	22	3	2	2
1414	313	27	28	3	1	2
1415	810	51	52	3	1	1
1416	1202	3	4	3	2	3
1417	560	50	53	1	2	1
1418	1596	6	8	1	2	2
1419	1603	11	14	2	2	3
1420	1215	55	57	1	2	2
1421	107	48	50	1	2	1
1422	865	16	19	2	1	2
1423	789	54	56	2	2	1
1424	673	33	34	1	1	2
1425	334	23	25	2	1	1
1426	597	42	44	1	1	1
1427	289	15	17	1	1	1
1428	1732	27	28	2	2	3
1429	1516	54	56	3	1	2
1430	787	42	44	1	2	1
1431	584	39	42	2	1	1
1432	253	47	48	2	2	2
1433	616	27	29	3	1	2
1434	781	37	39	3	2	3
1435	219	42	44	2	2	3
1436	449	59	60	1	1	2
1437	294	60	61	1	2	1
1438	395	37	40	2	2	3
1439	1037	14	17	3	2	2
1440	1502	50	53	1	1	1
1441	1341	25	26	1	2	1
1442	1357	46	47	1	2	3
1443	1171	16	19	1	1	3
1444	1676	45	48	1	1	2
1445	1282	56	58	3	1	3
1446	1470	9	11	2	2	1
1447	205	39	40	2	2	2
1448	517	39	40	3	1	3
1449	1005	8	9	3	1	2
1450	1280	31	33	1	1	2
1451	792	15	17	2	1	1
1452	1480	21	23	3	1	3
1453	568	34	36	2	1	2
1454	110	53	55	3	1	3
1455	1096	33	34	1	2	1
1456	1179	24	27	2	1	2
1457	370	34	35	2	1	2
1458	1752	12	13	3	2	2
1459	873	17	18	1	1	2
1460	41	21	23	2	1	3
1461	2	6	9	3	1	2
1462	783	60	61	3	2	1
1463	1376	15	17	2	1	2
1464	539	15	17	3	1	1
1465	1151	18	20	1	1	2
1466	770	8	10	1	1	2
1467	827	35	36	2	1	3
1468	995	41	43	2	1	3
1469	1709	47	48	1	1	1
1470	145	61	62	1	2	2
1471	359	39	41	1	1	2
1472	296	31	34	1	1	3
1473	651	2	4	2	1	1
1474	103	20	22	3	1	1
1475	567	6	8	1	1	1
1476	1413	3	5	3	1	2
1477	1062	2	4	3	1	3
1478	776	26	28	2	1	3
1479	443	53	56	2	2	3
1480	1540	10	13	1	1	2
1481	1273	48	49	2	1	2
1482	829	52	55	1	2	2
1483	356	56	57	3	2	1
1484	1600	40	43	1	2	1
1485	877	55	58	2	1	2
1486	86	35	38	3	1	3
1487	1637	37	40	3	2	3
1488	1081	18	19	3	2	2
1489	1592	2	4	1	2	1
1490	1120	36	37	3	2	1
1491	143	58	59	1	1	3
1492	1324	47	49	3	1	1
1493	1761	44	47	2	2	3
1494	963	27	28	3	2	3
1495	21	4	7	1	1	1
1496	1103	54	56	3	1	2
1497	42	14	15	1	2	3
1498	1722	30	32	2	1	3
1499	949	52	54	3	1	3
1500	105	53	54	2	1	1
1501	843	55	58	1	1	3
1502	1729	50	53	1	2	3
1503	1094	26	27	2	1	1
1504	248	55	56	3	1	3
1505	1402	37	38	1	1	3
1506	1353	16	19	1	1	1
1507	712	38	39	2	1	2
1508	44	56	59	2	1	2
1509	1587	41	42	2	1	2
1510	426	18	19	1	2	3
1511	1633	56	58	2	1	3
1512	650	3	4	1	2	1
1513	1271	11	13	1	2	1
1514	172	41	42	1	1	2
1515	941	45	48	3	1	1
1516	1539	61	62	3	2	2
1517	3	43	44	1	1	3
1518	310	40	43	2	2	3
1519	239	11	12	2	1	1
1520	659	61	62	3	2	3
1521	11	11	13	2	2	3
1522	1161	56	57	3	2	3
1523	1466	7	9	1	1	2
1524	1379	33	34	2	1	2
1525	373	37	38	3	1	3
1526	609	35	36	3	1	2
1527	1649	15	16	2	2	1
1528	1743	29	32	3	1	1
1529	1289	14	17	3	2	1
1530	1220	19	20	1	1	3
1531	1274	30	32	1	1	3
1532	1049	18	21	3	1	2
1533	1532	35	36	2	2	1
1534	703	57	60	3	1	1
1535	1607	35	37	1	1	2
1536	678	20	21	3	1	3
1537	122	47	49	3	2	3
1538	1108	40	43	1	2	2
1539	1003	61	63	1	2	2
1540	1311	1	3	3	1	1
1541	1228	29	30	2	2	3
1542	1664	21	22	3	2	2
1543	353	59	61	1	1	2
1544	388	17	19	3	2	1
1545	1747	18	21	2	2	2
1546	1459	20	22	1	2	3
1547	1691	7	9	3	1	1
1548	254	33	35	2	1	2
1549	1748	58	59	1	2	3
1550	975	5	7	3	1	2
1551	1170	33	35	3	1	3
1552	693	27	29	1	1	3
1553	1571	50	52	1	1	1
1554	1511	16	18	1	1	1
1555	849	56	59	3	1	1
1556	322	16	17	2	2	2
1557	1652	32	33	1	2	3
1558	948	10	13	1	2	3
1559	69	22	25	1	1	3
1560	1528	2	4	3	1	2
1561	1493	14	15	3	2	2
1562	45	39	40	2	2	3
1563	1655	10	12	3	1	3
1564	662	53	56	2	2	2
1565	1082	22	23	1	1	3
1566	1632	28	30	2	1	2
1567	175	52	55	3	1	1
1568	148	15	18	3	2	3
1569	386	62	63	1	1	3
1570	1071	48	51	2	2	3
1571	1735	50	53	2	1	1
1572	1233	25	27	1	2	3
1573	104	36	37	3	2	2
1574	425	17	20	1	1	1
1575	335	59	60	1	2	1
1576	1283	18	19	1	2	3
1577	1422	5	6	2	1	3
1578	1140	49	52	2	2	2
1579	1690	23	25	3	2	3
1580	226	43	44	1	2	1
1581	950	47	49	1	1	3
1582	839	27	28	2	1	1
1583	977	48	49	2	2	3
1584	399	51	53	1	1	3
1585	1742	24	26	2	1	1
1586	166	58	60	2	1	3
1587	1330	38	40	2	1	3
1588	108	31	34	1	2	2
1589	1084	28	31	2	2	1
1590	531	47	48	3	2	1
1591	90	7	10	3	1	1
1592	489	38	39	1	2	3
1593	263	38	40	1	1	2
1594	870	32	33	3	1	2
1595	990	37	40	2	2	2
1596	775	4	6	1	1	1
1597	615	38	41	2	2	1
1598	1029	8	10	2	2	2
1599	890	39	42	2	2	3
1600	1684	25	27	1	2	3
1601	1294	6	8	1	2	2
1602	1630	24	26	1	2	1
1603	1243	33	34	3	2	2
1604	428	8	10	3	2	3
1605	688	3	6	2	2	2
1606	1020	18	19	2	2	3
1607	611	53	54	1	1	3
1608	1702	11	14	2	2	1
1609	1032	53	54	3	2	1
1610	882	55	57	3	1	2
1611	1124	8	10	3	1	3
1612	100	42	44	2	1	1
1613	1374	24	25	3	2	2
1614	1613	33	34	1	2	2
1615	593	44	47	2	1	2
1616	1011	28	30	1	2	3
1617	211	18	21	2	1	3
1618	1420	48	51	2	2	2
1619	1464	11	13	3	2	1
1620	1178	34	37	1	2	3
1621	1666	19	21	2	2	2
1622	1737	20	21	1	2	1
1623	714	22	23	1	2	3
1624	727	56	58	2	2	2
1625	459	40	41	1	1	2
1626	820	11	12	2	2	3
1627	1662	29	30	1	2	2
1628	751	54	55	3	1	1
1629	1768	38	40	2	2	1
1630	178	48	50	2	2	1
1631	578	52	54	2	2	1
1632	1375	37	39	3	1	2
1633	416	12	14	3	1	2
1634	903	16	19	3	2	3
1635	1451	59	62	3	1	1
1636	1612	55	57	1	1	1
1637	1267	10	13	1	1	2
1638	639	17	20	1	1	1
1639	705	1	4	2	1	1
1640	1334	13	16	3	1	3
1641	1577	41	42	3	2	3
1642	538	55	57	1	1	2
1643	1279	50	51	3	1	3
1644	680	6	7	1	1	1
1645	1051	23	26	1	2	2
1646	852	60	61	2	1	1
1647	242	37	40	2	1	3
1648	288	11	14	3	2	3
1649	1531	19	20	2	1	1
1650	490	9	11	1	2	3
1651	1570	36	39	3	2	1
1652	1251	63	64	1	2	3
1653	830	7	9	3	1	2
1654	280	41	44	1	2	2
1655	1685	32	35	3	2	1
1656	1399	60	63	1	2	1
1657	978	40	41	3	1	2
1658	624	3	6	2	1	3
1659	1071	39	41	2	1	2
1660	874	43	44	3	1	2
1661	165	43	46	2	1	3
1662	617	54	55	2	2	1
1663	668	10	12	1	1	1
1664	225	28	31	3	2	1
1665	266	23	25	2	2	2
1666	1434	18	20	3	1	3
1667	429	29	31	2	2	3
1668	1416	52	53	2	2	3
1669	504	40	43	3	1	3
1670	1468	47	48	1	2	1
1671	1265	19	20	2	1	1
1672	1445	49	52	1	2	2
1673	1565	19	22	2	1	2
1674	328	30	33	3	2	1
1675	1248	22	25	3	2	3
1676	91	21	22	2	1	3
1677	132	58	60	3	1	3
1678	1683	43	44	1	2	1
1679	1654	56	57	3	2	3
1680	1632	6	8	3	1	2
1681	1236	32	35	3	2	1
1682	1385	58	61	3	1	3
1683	581	4	5	2	1	3
1684	1290	12	14	2	1	3
1685	660	25	28	1	2	3
1686	363	45	46	2	2	2
1687	1504	50	51	2	2	2
1688	610	56	57	3	2	1
1689	215	43	45	2	2	2
1690	968	41	44	1	1	2
1691	927	36	38	2	1	1
1692	739	34	35	1	1	3
1693	1430	4	5	3	2	2
1694	624	1	4	3	2	1
1695	842	50	53	1	2	3
1696	1628	34	37	1	2	3
1697	978	56	58	1	2	3
1698	124	38	41	1	1	2
1699	879	19	22	1	2	1
1700	265	40	42	2	1	1
1701	195	31	34	2	2	3
1702	790	12	13	2	1	1
1703	346	39	41	3	2	2
1704	1775	6	9	1	2	2
1705	1172	22	24	2	2	2
1706	200	8	10	2	2	1
1707	984	56	59	1	1	3
1708	835	22	23	2	1	3
1709	657	63	64	1	2	3
1710	1310	38	40	3	2	2
1711	1499	53	54	2	2	1
1712	189	24	27	3	1	1
1713	880	47	50	1	1	3
1714	6	21	22	2	1	3
1715	587	41	44	2	1	3
1716	1727	37	38	3	2	1
1717	1318	10	11	1	1	3
1718	1398	44	45	2	1	3
1719	1599	50	51	2	2	2
1720	1609	26	29	1	1	1
1721	434	49	52	3	2	3
1722	791	31	33	2	2	3
1723	412	52	53	3	2	1
1724	1687	20	23	1	2	2
1725	1116	37	40	2	1	1
1726	165	24	26	2	1	1
1727	542	23	24	3	2	3
1728	1197	43	46	2	2	1
1729	1680	33	34	2	2	3
1730	1188	5	7	3	1	2
1731	341	57	60	1	2	3
1732	979	10	11	1	2	1
1733	157	25	27	3	1	1
1734	736	37	38	2	1	1
1735	365	15	16	1	2	1
1736	1514	18	20	1	1	3
1737	866	21	24	2	1	1
1738	1112	25	26	3	1	2
1739	123	23	24	3	2	1
1740	348	39	42	2	2	2
1741	1479	57	60	3	2	2
1742	614	57	58	2	1	3
1743	985	56	57	3	2	3
1744	1550	23	26	3	2	2
1745	1292	28	29	2	2	3
1746	486	60	61	1	1	1
1747	156	37	39	1	1	1
1748	996	48	49	2	1	1
1749	1595	54	57	1	2	1
1750	1336	35	36	3	1	2
1751	1006	27	28	2	2	3
1752	55	5	8	3	2	3
1753	1062	51	52	3	1	2
1754	1415	15	18	3	2	1
1755	1614	55	58	3	2	1
1756	805	8	10	2	1	2
1757	36	10	11	3	2	3
1758	190	4	6	2	2	3
1759	1169	11	14	3	2	2
1760	1414	45	48	1	1	2
1761	135	15	17	3	1	2
1762	193	43	44	1	2	3
1763	744	32	34	2	1	2
1764	1479	40	43	3	1	3
1765	771	7	8	2	2	1
1766	707	23	26	2	2	1
1767	967	6	9	1	1	3
1768	704	49	52	3	1	1
1769	179	26	29	3	2	2
1770	1340	45	48	3	2	3
1771	1424	15	18	1	1	2
1772	1035	6	7	2	2	1
1773	905	49	51	1	2	1
1774	106	17	19	2	1	2
1775	1555	8	9	3	1	2
1776	1766	53	55	1	2	1
1777	774	35	36	2	2	3
1778	1517	19	21	3	1	1
1779	1510	27	30	1	1	2
1780	1150	57	59	1	2	1
1781	1053	34	35	1	2	3
1782	1478	21	23	3	2	1
1783	1692	47	48	3	1	1
1784	58	20	23	3	2	1
1785	850	30	33	3	2	1
1786	182	41	43	3	2	2
1787	379	50	52	1	1	3
1788	1262	48	51	3	1	3
1789	569	41	42	3	1	2
1790	98	54	55	1	1	1
1791	862	35	37	2	1	2
1792	1042	14	15	1	2	1
1793	795	30	32	1	2	2
1794	728	7	8	1	2	3
1795	111	38	40	3	2	1
1796	1327	55	58	1	1	1
1797	1231	25	27	1	1	1
1798	1487	3	4	3	2	3
1799	550	24	27	2	1	2
1800	152	42	44	2	2	2
1801	1322	58	60	2	1	3
1802	393	4	7	1	2	1
1803	812	40	41	2	2	3
1804	1189	54	55	3	2	3
1805	889	22	25	1	1	1
1806	754	48	49	1	1	1
1807	915	33	35	2	1	3
1808	993	8	11	2	1	3
1809	844	4	7	3	1	2
1810	1079	53	56	1	1	2
1811	1142	39	40	3	1	2
1812	1751	9	12	2	1	2
1813	1346	55	58	2	1	2
1814	1266	27	30	2	2	1
1815	734	5	6	1	1	2
1816	111	34	35	3	1	1
1817	1036	55	57	1	1	3
1818	587	21	24	3	1	2
1819	1136	58	60	3	1	3
1820	1246	41	43	3	1	3
1821	1518	35	37	1	1	1
1822	1606	53	55	1	1	3
1823	1327	45	47	3	2	1
1824	91	57	59	3	1	1
1825	1545	29	32	3	1	1
1826	1354	45	47	1	2	2
1827	674	35	38	3	2	3
1828	1204	53	54	2	1	1
1829	495	17	18	3	2	2
1830	417	29	31	3	1	1
1831	382	52	53	3	2	1
1832	1585	3	5	1	1	2
1833	186	29	31	2	2	1
1834	243	18	19	1	2	1
1835	823	39	41	3	2	2
1836	1461	12	13	1	1	3
1837	1764	23	25	2	2	2
1838	822	5	7	2	1	1
1839	981	32	34	1	1	3
1840	1597	21	24	2	1	3
1841	1546	3	5	2	1	3
1842	1298	46	49	1	2	1
1843	387	3	4	1	1	2
1844	174	26	29	2	2	2
1845	1292	59	62	1	2	1
1846	327	37	39	1	2	1
1847	247	19	20	1	1	3
1848	1021	20	23	1	1	3
1849	1276	1	3	3	1	3
1850	648	40	41	2	2	2
1851	1456	9	10	1	2	2
1852	1278	31	34	2	1	3
1853	632	56	59	1	1	3
1854	403	51	52	1	1	1
1855	1737	36	39	3	2	3
1856	129	50	51	2	1	1
1857	1581	39	41	3	1	2
1858	1317	27	28	3	1	3
1859	235	24	27	2	2	3
1860	396	27	29	2	2	3
1861	152	50	53	2	2	2
1862	147	35	36	1	1	3
1863	1041	16	18	2	2	3
1864	1504	21	22	2	1	2
1865	611	38	41	2	1	3
1866	1407	51	54	2	2	2
1867	1745	2	4	2	1	1
1868	1093	9	12	3	2	1
1869	298	56	59	2	2	1
1870	58	12	13	2	1	3
1871	1578	44	46	3	2	3
1872	694	30	31	2	1	2
1873	1352	36	37	1	2	1
1874	103	35	36	3	1	3
1875	846	60	63	1	1	2
1876	233	6	7	3	1	2
1877	1046	11	14	2	2	2
1878	942	26	27	2	2	1
1879	1584	61	63	2	2	2
1880	1163	42	45	2	1	3
1881	536	8	9	1	1	1
1882	969	49	50	3	2	3
1883	579	14	17	3	2	1
1884	1317	3	5	1	1	1
1885	1108	51	52	3	1	2
1886	630	51	52	1	1	3
1887	960	50	51	3	2	1
1888	779	28	31	2	1	3
1889	35	42	43	1	1	1
1890	1624	41	42	3	1	2
1891	896	37	39	1	1	3
1892	394	24	27	2	1	2
1893	1392	50	52	1	1	3
1894	783	7	8	2	1	2
1895	62	49	50	2	1	3
1896	366	43	44	2	1	3
1897	836	48	50	2	1	3
1898	237	34	35	1	1	2
1899	706	60	61	2	1	3
1900	725	19	21	2	2	1
1901	7	52	54	1	1	1
1902	1433	23	26	1	2	1
1903	886	12	13	1	2	2
1904	1425	44	45	1	2	3
1905	506	16	17	3	1	3
1906	442	12	13	1	1	3
1907	1087	33	35	2	1	2
1908	1378	59	61	1	1	1
1909	570	32	34	1	1	1
1910	1475	43	45	2	2	1
1911	1605	37	39	3	1	3
1912	1159	14	16	1	1	1
1913	530	26	27	1	1	3
1914	551	44	46	1	1	3
1915	1355	27	30	3	2	1
1916	406	43	44	2	2	1
1917	475	1	4	2	2	1
1918	1488	59	62	1	2	3
1919	1653	33	35	2	2	1
1920	170	35	38	2	2	1
1921	690	19	20	1	2	1
1922	931	30	33	1	2	1
1923	1017	7	8	3	2	1
1924	746	21	24	2	2	3
1925	1047	46	49	3	1	1
1926	497	12	15	2	2	3
1927	112	54	56	1	1	3
1928	1652	46	49	3	1	1
1929	585	59	60	3	1	2
1930	1563	47	49	2	1	1
1931	1201	11	13	3	1	3
1932	1095	3	5	3	2	3
1933	492	54	57	3	2	2
1934	1099	16	19	3	2	3
1935	692	40	43	1	1	1
1936	641	1	2	2	1	2
1937	987	3	4	2	1	3
1938	891	33	34	3	2	2
1939	807	3	6	2	2	2
1940	1536	30	32	1	2	1
1941	1453	25	28	3	1	3
1942	380	54	56	2	2	2
1943	516	26	27	3	2	3
1944	1368	18	19	2	1	2
1945	1559	28	31	1	2	2
1946	1482	36	38	2	1	2
1947	299	58	60	2	1	2
1948	648	6	8	3	2	1
1949	117	3	5	2	2	3
1950	479	31	32	2	1	2
1951	50	13	14	2	2	2
1952	1738	3	4	1	2	1
1953	693	45	48	2	1	1
1954	301	17	19	2	1	3
1955	868	45	46	1	2	3
1956	316	27	30	3	2	3
1957	257	55	57	1	1	3
1958	1660	40	43	2	2	2
1959	198	22	24	3	1	3
1960	875	58	59	1	2	3
1961	331	35	38	3	1	3
1962	1774	40	41	1	1	1
1963	1072	28	31	1	1	1
1964	230	44	45	1	2	1
1965	959	46	49	3	2	3
1966	1105	43	45	3	1	2
1967	256	35	36	2	2	3
1968	249	12	15	3	1	2
1969	155	12	13	2	2	3
1970	912	27	28	3	1	2
1971	1542	30	31	2	2	2
1972	1308	32	35	2	1	2
1973	1141	8	9	1	1	1
1974	1755	12	15	1	2	3
1975	509	4	5	2	2	3
1976	216	42	45	3	2	2
1977	1435	1	4	3	2	1
1978	219	18	19	2	1	2
1979	349	18	20	2	1	1
1980	375	34	37	2	2	2
1981	732	57	58	1	1	2
1982	446	15	16	2	1	2
1983	1155	13	16	3	1	2
1984	638	18	20	3	1	2
1985	1648	13	14	2	1	3
1986	582	38	40	1	2	1
1987	683	13	16	3	2	2
1988	809	42	45	1	2	3
1989	986	45	47	2	1	3
1990	312	61	64	1	1	2
1991	311	3	4	3	1	2
1992	227	10	13	1	1	3
1993	377	8	11	2	2	2
1994	999	16	17	3	2	2
1995	223	35	38	2	2	2
1996	70	52	54	1	1	2
1997	121	52	53	3	2	2
1998	1365	27	28	3	1	3
1999	935	56	57	3	1	3
2000	1211	53	56	3	2	2

