DATASET = ORTEC-hidden instance set VeRoLog competition
NAME = tools over vehicles over vehicle days over distance with 2000 requests over 50 days

DAYS = 50
CAPACITY = 45
MAX_TRIP_DISTANCE = 16000
DEPOT_COORDINATE = 0

VEHICLE_COST = 200000
VEHICLE_DAY_COST = 4000
DISTANCE_COST = 1

TOOLS = 2
1	3	144	50000000
2	15	126	10000000

COORDINATES = 1786
0	3976	3992
1	7904	6140
2	5505	6141
3	8209	6152
4	9361	6153
5	8409	6157
6	3505	6165
7	8025	6165
8	8173	6168
9	4275	6176
10	8713	6177
11	7828	6186
12	8317	6142
13	7376	6202
14	8126	6205
15	6168	8008
16	8711	6210
17	7233	6144
18	7461	6220
19	8119	6222
20	6566	136
21	8856	6228
22	8934	6232
23	7543	6232
24	8007	6236
25	7618	6237
26	7624	6241
27	8390	4733
28	8498	6151
29	6006	6270
30	6304	6279
31	7526	6281
32	6371	6283
33	7462	6312
34	7511	6317
35	8263	6321
36	7566	6328
37	7539	6344
38	8385	6345
39	8208	4163
40	8280	6352
41	8195	6360
42	8269	6368
43	4837	2169
44	7867	6402
45	5912	6413
46	8441	6415
47	3848	6424
48	6918	6441
49	7328	6450
50	8590	6455
51	7469	6455
52	6852	6456
53	8424	6471
54	3459	6483
55	9134	5131
56	8049	6484
57	3929	6497
58	9497	6011
59	3777	6522
60	3961	6524
61	7505	6526
62	3351	6528
63	8385	6532
64	7528	6534
65	3529	6537
66	4353	6540
67	8687	6544
68	8212	6547
69	3813	6555
70	3837	6556
71	7662	6557
72	7806	6557
73	6748	6560
74	7480	6561
75	7423	6562
76	8626	6565
77	6761	6579
78	7461	6589
79	7863	6590
80	8443	6593
81	7893	6598
82	8441	6600
83	7055	6604
84	7504	6604
85	7349	6609
86	4415	4211
87	3709	6643
88	3556	6217
89	7030	6653
90	8056	6657
91	7888	6657
92	7403	6659
93	8321	6666
94	7976	6671
95	8051	6671
96	4066	6676
97	7770	6681
98	7907	6721
99	6909	6733
100	8504	6736
101	7192	6742
102	8583	6750
103	6599	6754
104	6771	6758
105	8625	6763
106	4180	6765
107	3979	6765
108	4199	6766
109	3893	6770
110	8712	6784
111	8303	6792
112	7536	6794
113	7348	6801
114	3782	6801
115	7689	6803
116	7962	6818
117	7558	6823
118	8737	6842
119	8479	6842
120	8339	6843
121	4140	6859
122	8633	6863
123	8243	6874
124	8726	6874
125	8352	6887
126	3885	6890
127	8538	4254
128	7715	6899
129	4627	6910
130	9547	6913
131	4633	6922
132	9657	6925
133	3930	6931
134	3985	6932
135	8238	6939
136	7828	6943
137	4557	6945
138	7598	6267
139	3835	6956
140	3957	4266
141	8730	6960
142	3939	6969
143	8598	6976
144	8412	6979
145	9001	6980
146	7432	6981
147	4257	6994
148	8741	7001
149	6907	7012
150	9155	7015
151	7855	7021
152	4290	7026
153	6925	7034
154	7672	7035
155	6939	8236
156	3928	7052
157	9362	7055
158	6871	7060
159	4535	7063
160	8858	7065
161	6462	2280
162	8801	7069
163	4319	4284
164	4795	7071
165	6458	7074
166	8764	7077
167	6793	7082
168	3680	7083
169	7800	7085
170	6757	8293
171	4742	7090
172	4505	7093
173	8742	7094
174	8018	7095
175	3899	7097
176	7747	7100
177	8542	7105
178	5886	7106
179	4528	2361
180	7738	7111
181	9156	7113
182	7699	7120
183	4010	7131
184	4694	5216
185	6879	8302
186	8732	7139
187	6657	7149
188	7246	7154
189	8665	7168
190	7915	7177
191	7562	7181
192	8774	4302
193	7121	7183
194	6726	7197
195	7759	7198
196	8985	7209
197	4266	7217
198	4244	7221
199	4032	7224
200	4433	7225
201	4534	7234
202	4074	7243
203	6711	7244
204	4219	7248
205	7576	7249
206	7443	7253
207	4591	4317
208	8542	7267
209	8329	7268
210	4042	7271
211	7236	7272
212	4300	7278
213	8205	7278
214	4120	7298
215	8772	7298
216	7667	7301
217	3808	7307
218	7170	7971
219	8112	7312
220	8214	7316
221	6689	7320
222	7090	7322
223	7793	7324
224	8054	7326
225	7695	7326
226	6622	7329
227	3490	7346
228	7852	7359
229	3892	7365
230	7160	8774
231	7742	7378
232	6540	7380
233	6583	7389
234	8268	7391
235	7212	7397
236	8050	7403
237	6325	7414
238	6549	2338
239	9616	7442
240	6494	7576
241	8342	6350
242	6565	7461
243	7635	7466
244	7743	7468
245	8979	7472
246	3645	7488
247	7095	7489
248	6362	4354
249	9078	7493
250	9064	7497
251	8615	7524
252	9533	7527
253	3807	7532
254	7710	7532
255	7018	7533
256	8781	7536
257	6794	7537
258	6439	7538
259	7732	7540
260	6533	7549
261	6970	7551
262	7390	7558
263	6595	7558
264	7700	7563
265	9299	7563
266	3785	7564
267	8055	4366
268	6484	7569
269	3914	7570
270	6314	7571
271	8547	7571
272	8449	7583
273	9667	7584
274	8609	7590
275	7109	7594
276	7913	7601
277	7296	7609
278	8349	7616
279	6941	7620
280	7716	7647
281	6107	9183
282	7525	7654
283	7286	7656
284	6994	7663
285	6734	7663
286	7501	7663
287	8035	7667
288	8924	7675
289	7864	7676
290	6938	7678
291	8917	7680
292	5733	7684
293	3542	7699
294	7080	7704
295	5583	7717
296	4161	7720
297	6290	7720
298	6630	7722
299	4498	7743
300	7102	7752
301	6699	7756
302	4084	7758
303	7180	7757
304	5348	7763
305	6472	7765
306	8888	7768
307	5519	7769
308	7526	7774
309	7350	7793
310	8188	7808
311	8580	7809
312	8433	7810
313	7986	7816
314	4142	7822
315	7408	7823
316	6877	7862
317	5545	7829
318	7162	7830
319	7980	7833
320	4425	4412
321	8825	7834
322	5569	7835
323	8994	7839
324	6079	7846
325	8379	7848
326	5274	7852
327	4127	7856
328	8405	7856
329	6928	7862
330	6025	7865
331	6135	7868
332	8706	7868
333	7351	7870
334	6029	7872
335	6747	7878
336	6094	7880
337	9670	8427
338	5419	7894
339	5370	7907
340	6907	7911
341	5478	8436
342	5472	7951
343	6362	7953
344	9230	7956
345	4328	7959
346	6260	7967
347	6955	7973
348	8549	8004
349	6281	8012
350	7047	8014
351	7764	8026
352	7114	8029
353	5591	8039
354	5448	8042
355	7878	8047
356	5489	8048
357	5971	8052
358	7045	8054
359	7349	8055
360	6480	8059
361	9339	8072
362	6280	8080
363	6173	8081
364	8029	7997
365	9375	8084
366	6237	8087
367	5866	7998
368	5683	8100
369	7306	8110
370	7289	8113
371	7128	8116
372	7077	8124
373	6093	8138
374	4690	3596
375	7581	8143
376	7639	8156
377	7701	8163
378	5541	8172
379	6016	8181
380	9730	8188
381	8097	5142
382	6109	8197
383	6777	8205
384	9249	8209
385	8442	4475
386	7359	8217
387	6915	8225
388	8979	8228
389	6472	8233
390	7544	8234
391	6896	8263
392	9248	8267
393	5444	8278
394	7153	8278
395	7106	8288
396	7753	8293
397	9634	6002
398	7390	8301
399	6537	8302
400	5267	4402
401	5927	8497
402	6810	8318
403	7556	8318
404	7930	8405
405	7513	8323
406	5788	8324
407	2450	4494
408	7174	8333
409	7414	8347
410	5533	8347
411	5589	8349
412	7840	8349
413	3641	8356
414	9351	8361
415	7696	8506
416	7616	8378
417	8782	8379
418	5352	8384
419	5487	8510
420	9358	8387
421	8118	4505
422	6552	8401
423	5600	8401
424	7619	8407
425	8841	8408
426	6555	8414
427	9303	8414
428	6653	8415
429	6568	8515
430	3877	8418
431	8174	8419
432	6381	8424
433	5646	8426
434	6244	8427
435	6868	8436
436	6334	8437
437	7412	8520
438	6778	8451
439	9658	8451
440	8423	8459
441	7716	8459
442	6504	8464
443	8349	8464
444	5406	8466
445	6384	8467
446	7501	8473
447	4094	5209
448	6018	8485
449	8887	8486
450	6814	8487
451	7814	8487
452	5747	8493
453	6465	8498
454	6128	8509
455	7741	8510
456	3684	8516
457	6729	8516
458	9533	8520
459	5764	8521
460	4681	2523
461	5943	8525
462	6953	8525
463	9691	8533
464	6484	8538
465	5865	8538
466	8152	8539
467	4521	4010
468	6137	8556
469	5571	8559
470	5669	8565
471	7780	8565
472	9755	8571
473	6041	8573
474	8460	8573
475	3948	8575
476	7761	8578
477	6396	6539
478	8243	4536
479	5361	8593
480	3933	8596
481	6296	8596
482	5870	8598
483	6697	8605
484	3994	4542
485	7679	8619
486	6109	8620
487	6166	8621
488	8655	8639
489	7360	8640
490	8155	8651
491	6190	8654
492	6508	8654
493	6165	8658
494	5903	8661
495	8624	8666
496	5862	8558
497	6937	8678
498	4058	4554
499	9861	8690
500	7625	8693
501	7242	8694
502	5802	8708
503	5914	8715
504	7496	8720
505	7048	8720
506	5664	8727
507	6866	8728
508	9405	8733
509	6986	8736
510	7540	8738
511	5876	8760
512	5828	8761
513	7764	8763
514	7480	8774
515	7665	8781
516	6846	8788
517	3836	4572
518	7381	8794
519	5697	8795
520	7304	8580
521	6006	8815
522	8566	8814
523	8947	6020
524	6669	8828
525	7774	8835
526	5815	8835
527	7539	8840
528	6446	8859
529	7589	8862
530	7056	8868
531	6068	8870
532	6918	8874
533	8383	4585
534	7293	8881
535	5825	2584
536	7607	8889
537	9388	8892
538	7669	8895
539	8793	8895
540	5928	8899
541	7531	8901
542	5875	8909
543	4006	2588
544	5847	8924
545	6527	8924
546	6979	6597
547	6765	8939
548	6051	8952
549	7851	8953
550	7308	8962
551	9782	8970
552	8801	8973
553	3162	2599
554	6107	8979
555	6852	8990
556	7751	9013
557	5726	9032
558	8086	9036
559	9656	9039
560	8830	9056
561	6324	9063
562	7766	9077
563	7492	9078
564	7865	9079
565	7360	9085
566	4521	4028
567	7739	9089
568	7792	4620
569	6458	9092
570	7576	9093
571	8548	9096
572	6565	9101
573	6358	9104
574	8074	9112
575	6560	9114
576	6705	9117
577	8335	9133
578	8123	8635
579	9700	9138
580	6326	9161
581	7628	9168
582	8125	9168
583	8498	9172
584	7976	9174
585	6177	9177
586	6678	9183
587	6150	9188
588	6597	9188
589	8311	9196
590	8601	7633
591	6061	9199
592	6334	9203
593	6904	9206
594	7913	4032
595	7928	9209
596	8229	9213
597	8384	9213
598	8738	9215
599	7915	9224
600	8625	9230
601	7601	9232
602	8756	9235
603	7875	9239
604	8918	9240
605	5700	8653
606	6182	9241
607	8041	9246
608	9142	9250
609	7176	9253
610	7998	9255
611	8364	9260
612	7860	9261
613	7966	9261
614	7822	9265
615	7926	9267
616	7994	9274
617	8185	9296
618	8313	9297
619	6956	9298
620	7767	9300
621	8272	9304
622	7515	9306
623	6488	9308
624	6719	9311
625	8396	9318
626	6690	9322
627	7968	4659
628	7082	9327
629	8625	9329
630	8183	9331
631	9212	9338
632	9096	9341
633	7195	9341
634	8541	9347
635	6574	9351
636	6966	9353
637	8860	9354
638	7074	9359
639	6550	9360
640	9295	9360
641	9347	9362
642	8146	9366
643	8868	9369
644	8403	9374
645	8624	9374
646	8707	9376
647	9081	9378
648	6630	9379
649	7120	9383
650	8326	9384
651	8000	9394
652	9039	9396
653	9059	9415
654	9122	9424
655	4059	4678
656	9175	9438
657	8301	9455
658	7189	9460
659	8491	9461
660	7908	4682
661	6162	8690
662	8619	9468
663	8995	9471
664	2564	4441
665	6935	9479
666	6718	9487
667	8945	9521
668	9087	9523
669	9123	9525
670	8442	9528
671	8240	9530
672	9008	9538
673	8885	9550
674	7772	9559
675	8383	9563
676	7234	9568
677	8563	9572
678	7817	9573
679	8394	9583
680	6939	8712
681	7115	9598
682	6598	9603
683	4976	9605
684	6930	9607
685	7282	9626
686	8187	9634
687	5037	9648
688	8569	9651
689	8167	9657
690	5105	9672
691	4126	5249
692	8110	4721
693	8656	9739
694	8752	9765
695	2764	2731
696	6474	8742
697	3835	2740
698	6458	2742
699	3398	6750
700	4722	5074
701	6165	9863
702	6042	9864
703	6342	9868
704	6364	9869
705	7058	4854
706	7852	4764
707	9481	8059
708	8912	7259
709	6951	8774
710	7351	9976
711	7410	9989
712	7352	10000
713	9509	8781
714	7638	8782
715	5667	4776
716	7127	8862
717	6901	8785
718	3495	2776
719	9400	6061
720	8431	4781
721	2567	2779
722	6119	8790
723	5211	2784
724	5108	2786
725	7419	2787
726	8620	4801
727	5972	8278
728	8165	6808
729	3866	2801
730	5581	4807
731	5668	4817
732	4721	4823
733	7658	8073
734	4130	5078
735	8388	7276
736	3820	8478
737	7714	4890
738	8786	4882
739	8626	8899
740	2770	4894
741	2963	2893
742	4182	2894
743	3933	6903
744	8746	4905
745	4180	2902
746	8840	4907
747	8241	6911
748	3922	2905
749	3894	2915
750	9760	8091
751	8457	4892
752	8208	6093
753	2977	4944
754	8490	6947
755	8370	4947
756	7862	8956
757	3972	4950
758	7483	6955
759	5910	2950
760	3027	2894
761	7500	6962
762	6675	8971
763	8624	4965
764	8728	4966
765	7575	4972
766	5299	4978
767	4079	6984
768	3977	7010
769	8134	7016
770	8929	6109
771	8997	7028
772	6140	5025
773	5960	5031
774	7574	5031
775	8835	5920
776	7352	4303
777	8404	5046
778	9071	6115
779	5536	5064
780	3231	5078
781	7066	3319
782	2717	5083
783	4655	3083
784	3374	3088
785	7342	5098
786	3011	3096
787	5176	4128
788	6110	45
789	6395	66
790	7711	5120
791	5431	5123
792	6610	87
793	6259	101
794	6506	112
795	4493	7135
796	4286	5131
797	6398	134
798	3454	5169
799	3165	5133
800	6297	141
801	8049	9142
802	7619	7140
803	7765	5489
804	6893	200
805	8043	5142
806	6530	203
807	4658	5147
808	6502	226
809	4282	5148
810	8740	5152
811	4279	3150
812	6471	265
813	4134	5157
814	6443	319
815	8582	5165
816	8961	9174
817	6564	353
818	6886	9093
819	6320	364
820	7523	5175
821	7048	9184
822	4384	4541
823	6208	447
824	9098	5186
825	8142	5186
826	4509	3186
827	7731	9198
828	6533	7197
829	6860	4543
830	4712	3193
831	8374	9204
832	6165	555
833	8064	5203
834	4199	5205
835	6337	603
836	7989	7214
837	7549	4372
838	8765	5220
839	8296	5221
840	4238	7229
841	8470	9232
842	3986	3226
843	7042	5232
844	8373	9238
845	6680	738
846	7131	5238
847	7400	5250
848	5592	3253
849	9576	9265
850	5312	3263
851	4008	7270
852	5356	3272
853	6443	9283
854	5236	3273
855	8740	5895
856	3935	5282
857	3718	3280
858	8009	5287
859	7021	7298
860	8764	6164
861	6476	1175
862	8636	5365
863	5798	3304
864	8933	5308
865	7284	9321
866	7038	5317
867	5250	5769
868	6428	1337
869	6463	1351
870	6397	9345
871	8697	5342
872	4011	3344
873	6848	1434
874	7140	1438
875	8298	6175
876	7161	5350
877	6576	7359
878	4207	3355
879	3779	3355
880	5811	3356
881	8669	5365
882	7088	5372
883	6282	1592
884	6486	1602
885	6346	1604
886	6301	1616
887	6203	1627
888	7397	7981
889	6027	1643
890	6726	1653
891	6521	1661
892	6470	1667
893	4247	5390
894	8124	6183
895	6499	7403
896	4679	2983
897	6450	1786
898	6550	9414
899	3993	3409
900	4233	5414
901	5990	1832
902	6392	1844
903	7872	6589
904	6343	3416
905	1077	1868
906	4570	5389
907	6743	1877
908	6810	1889
909	6488	1892
910	6782	1893
911	5847	1908
912	6550	1915
913	1504	1918
914	5718	1925
915	5712	1957
916	6503	1958
917	3823	4191
918	5375	1970
919	3634	4243
920	7229	1979
921	5166	1982
922	6752	9450
923	6385	2006
924	6738	2010
925	5145	2014
926	7247	2026
927	7410	5448
928	6384	2037
929	5257	2056
930	1909	2058
931	5497	2058
932	4703	2075
933	7155	2089
934	4634	2093
935	6104	3455
936	6200	2108
937	5737	2116
938	824	2124
939	8935	7467
940	6202	2127
941	1872	2133
942	5691	2146
943	6318	2152
944	849	2157
945	5091	2165
946	3517	6200
947	4835	2190
948	6339	2191
949	6319	2204
950	6430	2229
951	6755	2231
952	6089	2231
953	6942	5487
954	6351	2277
955	5015	2277
956	5374	2291
957	4809	2300
958	6251	2318
959	9061	9503
960	4569	2331
961	7368	7502
962	5002	2339
963	5125	2357
964	5027	2359
965	5098	2365
966	6531	2371
967	4879	2379
968	4812	2394
969	4590	2398
970	4775	2401
971	7542	5511
972	6900	5513
973	5501	2432
974	4921	2454
975	2044	2473
976	6850	7530
977	6837	2511
978	6208	2519
979	5950	2538
980	5067	2539
981	611	2542
982	3932	2542
983	6487	2544
984	3869	2553
985	4154	2554
986	3174	2561
987	6003	2570
988	3244	2577
989	2474	2581
990	4438	3537
991	2741	2599
992	4674	2608
993	4180	2612
994	4220	2615
995	904	2619
996	1184	2621
997	4600	2627
998	6291	2645
999	4674	2648
1000	3247	2649
1001	4106	2668
1002	7271	2668
1003	6347	2669
1004	2943	2677
1005	4557	2678
1006	5047	2681
1007	8436	5556
1008	6254	2700
1009	7407	7562
1010	514	2703
1011	2608	2705
1012	2853	2709
1013	2801	2710
1014	2699	2712
1015	3166	2719
1016	4763	2719
1017	4894	2727
1018	2936	2734
1019	4552	2736
1020	3822	2737
1021	3615	2741
1022	5156	2757
1023	2963	2769
1024	6353	2772
1025	4954	2774
1026	4236	2775
1027	4804	2778
1028	6151	2778
1029	393	2783
1030	1561	2787
1031	4802	2792
1032	685	2795
1033	5859	2801
1034	4216	2807
1035	6002	2823
1036	3168	2830
1037	7105	2830
1038	4673	2836
1039	5728	2846
1040	516	2850
1041	2481	2854
1042	5393	2854
1043	5408	2857
1044	3084	2878
1045	6112	2881
1046	350	2884
1047	3327	2890
1048	6414	2891
1049	5453	2896
1050	2748	2903
1051	5975	2906
1052	3546	2907
1053	4832	2910
1054	5856	2911
1055	5896	2917
1056	251	2924
1057	2996	2928
1058	485	2932
1059	638	2937
1060	6417	2953
1061	6273	2956
1062	5111	2967
1063	1194	2969
1064	3946	2977
1065	6290	2979
1066	6503	2983
1067	6421	2990
1068	3833	2992
1069	4578	2992
1070	5140	2996
1071	6631	3003
1072	5345	3006
1073	5669	3011
1074	6448	3014
1075	5647	3023
1076	6287	3024
1077	6838	3042
1078	5377	3049
1079	6378	3051
1080	4957	3057
1081	6227	3059
1082	5005	3060
1083	2293	3061
1084	4876	3068
1085	5553	3074
1086	5911	3075
1087	5940	3079
1088	6077	3082
1089	5932	3086
1090	5493	3090
1091	3073	3096
1092	4686	3104
1093	6360	3106
1094	6659	3107
1095	7106	3109
1096	4093	3113
1097	2524	3117
1098	5891	3118
1099	6829	3120
1100	6878	3123
1101	5346	3125
1102	3440	3126
1103	4933	3128
1104	4927	3141
1105	4269	3180
1106	6302	3194
1107	4765	3195
1108	4283	3199
1109	6592	3219
1110	1504	3221
1111	4029	3226
1112	5786	3239
1113	6685	3241
1114	7748	8636
1115	3482	3252
1116	1527	3254
1117	6554	3261
1118	5723	3268
1119	3527	3268
1120	3569	3280
1121	6522	3280
1122	6426	3285
1123	5653	3287
1124	5595	3288
1125	5434	3298
1126	7931	5659
1127	3699	3308
1128	5151	3309
1129	4811	3311
1130	6402	3322
1131	4864	3330
1132	3761	3332
1133	6387	3337
1134	5169	3339
1135	6506	3348
1136	6748	3349
1137	6580	3352
1138	1756	3355
1139	3599	3357
1140	4738	3362
1141	4108	3365
1142	4882	3376
1143	5579	3391
1144	6422	3392
1145	4093	3395
1146	3971	3403
1147	3738	3409
1148	2110	3416
1149	5638	3420
1150	5594	3429
1151	5576	3432
1152	4453	3679
1153	5518	3444
1154	6323	3447
1155	4581	3456
1156	6509	3459
1157	6874	3465
1158	6008	3473
1159	9564	5688
1160	2331	3476
1161	5564	3477
1162	7150	7692
1163	5488	3480
1164	5580	3484
1165	6381	3486
1166	4078	3490
1167	6002	3491
1168	6050	3491
1169	3970	3502
1170	5259	3689
1171	4172	3507
1172	4872	3519
1173	4674	3528
1174	9158	5043
1175	5938	3536
1176	4478	3537
1177	4412	3537
1178	7610	5699
1179	4666	3546
1180	9532	5844
1181	4294	3554
1182	4558	3563
1183	6652	3566
1184	4235	3568
1185	4670	3569
1186	3196	3575
1187	5299	3579
1188	4170	3581
1189	4192	3591
1190	6853	5708
1191	4888	3707
1192	5584	4246
1193	5851	3647
1194	6544	3654
1195	4432	3656
1196	4954	3671
1197	5026	3678
1198	6814	3684
1199	4779	3686
1200	4974	3686
1201	6822	3689
1202	4757	3703
1203	4444	3703
1204	6134	3705
1205	6156	3708
1206	5732	3730
1207	5884	3739
1208	6428	3743
1209	4262	3745
1210	6768	3747
1211	4718	3751
1212	5794	3753
1213	6021	3762
1214	1809	3765
1215	6762	3774
1216	4971	3775
1217	5171	3776
1218	5567	3776
1219	6685	5740
1220	4828	3797
1221	4130	3798
1222	9052	5854
1223	5382	3828
1224	4273	3830
1225	2641	3833
1226	6775	3846
1227	5323	3748
1228	3992	5055
1229	1312	3885
1230	5432	3887
1231	1546	3895
1232	6036	3900
1233	1502	3905
1234	4396	3910
1235	3761	3936
1236	6163	3938
1237	5474	3955
1238	2097	3956
1239	5562	3959
1240	9140	5769
1241	4317	3964
1242	5036	3977
1243	5207	3985
1244	4343	3987
1245	3615	3990
1246	3976	3992
1247	9839	7873
1248	6938	3995
1249	3817	3996
1250	2155	4002
1251	4118	4007
1252	7811	4018
1253	2322	4020
1254	3831	4027
1255	6978	4031
1256	8039	7785
1257	4671	4036
1258	3532	4047
1259	5968	4048
1260	4281	4049
1261	3952	4053
1262	5193	4061
1263	3893	4067
1264	3996	4071
1265	3621	4076
1266	5770	4080
1267	3649	4083
1268	3951	4085
1269	3679	4106
1270	8196	4116
1271	5637	4118
1272	7987	4125
1273	5903	4127
1274	7981	9466
1275	4278	4137
1276	5277	3796
1277	6287	2662
1278	6222	4154
1279	6219	4164
1280	5217	4168
1281	7150	7807
1282	7542	5804
1283	3463	4174
1284	6738	4174
1285	4402	4176
1286	3209	4183
1287	3466	4189
1288	5009	4196
1289	4996	4198
1290	6808	4200
1291	5504	4201
1292	6877	4208
1293	6055	8669
1294	4864	4216
1295	4794	4217
1296	4200	4219
1297	4670	4219
1298	3607	4227
1299	8315	4234
1300	4740	4235
1301	4151	4236
1302	4339	4237
1303	8112	4237
1304	3809	4241
1305	4480	4243
1306	7104	4246
1307	7235	4248
1308	8355	4256
1309	4185	4258
1310	5889	3815
1311	8463	4260
1312	4070	4261
1313	3984	4269
1314	5089	4269
1315	4985	4271
1316	8295	5821
1317	3294	4283
1318	8607	4288
1319	6365	4297
1320	4444	4308
1321	8644	4308
1322	8258	4316
1323	5443	4317
1324	6136	4325
1325	3643	4328
1326	6198	4331
1327	5396	4332
1328	3293	4335
1329	2359	4336
1330	4765	4338
1331	2341	4341
1332	3957	4345
1333	6289	4347
1334	8589	4351
1335	5384	4357
1336	7312	4357
1337	4442	4363
1338	8362	4369
1339	6151	4382
1340	4723	4397
1341	7079	4398
1342	6324	4402
1343	8519	4411
1344	6748	4417
1345	3837	4423
1346	8317	4425
1347	3453	4436
1348	5807	4441
1349	2467	4446
1350	7162	4446
1351	7129	4451
1352	4581	4455
1353	8606	4459
1354	7282	4461
1355	4106	4467
1356	8999	4468
1357	8467	4469
1358	3851	4473
1359	2656	4475
1360	4160	4479
1361	2990	4483
1362	4198	4489
1363	3386	4492
1364	3054	4495
1365	8074	4495
1366	3760	4499
1367	7063	4504
1368	4325	4505
1369	5957	8679
1370	8030	4510
1371	5793	4520
1372	5014	3076
1373	8078	4531
1374	4755	4533
1375	8286	4535
1376	7510	4536
1377	8844	4539
1378	8520	4539
1379	6839	4551
1380	8675	4559
1381	5180	4561
1382	4985	4564
1383	8637	4568
1384	2761	4570
1385	4595	4571
1386	4116	4572
1387	8578	4575
1388	4145	4579
1389	4916	4582
1390	3709	4590
1391	8563	4593
1392	8856	4594
1393	4663	4600
1394	4269	4602
1395	8392	4630
1396	4814	4639
1397	3959	4640
1398	7805	4643
1399	7869	4655
1400	7261	4663
1401	8082	4663
1402	8540	4671
1403	7639	4681
1404	3949	4689
1405	5479	4689
1406	8686	5891
1407	7987	4698
1408	8143	4702
1409	3957	4715
1410	8630	4717
1411	8388	4723
1412	4732	4726
1413	4050	4728
1414	7573	4728
1415	8376	4742
1416	8067	4742
1417	7231	4745
1418	8199	4746
1419	7647	5900
1420	4121	4750
1421	7235	4750
1422	3849	4752
1423	3997	4754
1424	8310	4759
1425	8446	4762
1426	7426	4763
1427	4030	4764
1428	4173	4771
1429	7346	4772
1430	7409	4774
1431	8572	4781
1432	8298	4796
1433	3831	4797
1434	3646	4801
1435	9634	5909
1436	9777	7913
1437	7557	4805
1438	5513	4806
1439	5452	4809
1440	4709	4809
1441	8062	4809
1442	8218	4811
1443	8118	4814
1444	7502	4816
1445	8049	4818
1446	7730	4819
1447	7337	4820
1448	7237	4820
1449	8412	4822
1450	8120	4823
1451	3990	4825
1452	7820	4826
1453	5333	4836
1454	8456	4836
1455	5644	4838
1456	7228	4842
1457	8478	4844
1458	7486	4849
1459	3624	4858
1460	7004	8690
1461	7517	4863
1462	4086	4864
1463	3727	4865
1464	6556	7490
1465	8329	4866
1466	5331	4901
1467	5501	4912
1468	3106	4913
1469	3216	4917
1470	3137	4918
1471	7981	4920
1472	7349	4921
1473	7139	4925
1474	8778	4931
1475	7767	4935
1476	4369	4327
1477	6987	4944
1478	3400	4945
1479	3560	4953
1480	7547	4955
1481	3954	4958
1482	8022	4965
1483	3497	4967
1484	3488	4972
1485	7185	4977
1486	5522	4983
1487	3663	4984
1488	7641	4991
1489	5425	4993
1490	6011	5001
1491	5366	5008
1492	8090	5019
1493	7921	5027
1494	4447	5028
1495	7143	5033
1496	5575	5035
1497	7037	5036
1498	4024	5038
1499	7203	5044
1500	2956	5046
1501	9032	5046
1502	3492	5049
1503	3189	5056
1504	7545	5060
1505	8414	5064
1506	4583	5068
1507	3239	5080
1508	7060	5087
1509	8107	5088
1510	4119	5090
1511	8166	5093
1512	7301	5096
1513	7105	5101
1514	7031	5106
1515	4588	5109
1516	4643	5115
1517	3382	5132
1518	5417	5135
1519	7847	5147
1520	3304	5148
1521	8122	5151
1522	3309	5153
1523	6829	9501
1524	4044	5169
1525	8402	5168
1526	6997	5170
1527	8916	5171
1528	8156	5172
1529	3260	5176
1530	4244	5499
1531	8217	5183
1532	8623	5183
1533	8967	5194
1534	8523	5195
1535	5142	5196
1536	8246	5202
1537	7922	5203
1538	7686	5204
1539	8434	5208
1540	7603	5212
1541	3184	5216
1542	4264	5218
1543	4024	5218
1544	8859	5219
1545	4050	5223
1546	7906	5224
1547	8422	5229
1548	1838	3978
1549	5087	5232
1550	8507	5241
1551	7626	5252
1552	8894	5253
1553	7363	5254
1554	8835	5256
1555	8532	5261
1556	8964	5270
1557	3768	5288
1558	7007	5293
1559	8313	5295
1560	7766	5296
1561	8076	5300
1562	8697	5302
1563	4146	5303
1564	8379	5302
1565	8944	5309
1566	8676	5313
1567	1918	3992
1568	8102	5325
1569	8605	5330
1570	7746	5334
1571	8085	5335
1572	7979	5337
1573	8626	5339
1574	4024	5353
1575	5268	5356
1576	7144	5361
1577	4203	5363
1578	3457	5364
1579	7100	5371
1580	8491	5372
1581	8266	5372
1582	8319	5381
1583	4335	5391
1584	7758	5392
1585	8077	5393
1586	9085	5395
1587	2188	4007
1588	8756	5402
1589	7620	5406
1590	2619	3906
1591	7573	5411
1592	8606	5413
1593	8058	5415
1594	5820	5416
1595	8984	6012
1596	4965	4009
1597	3920	5435
1598	3742	5438
1599	6929	5441
1600	8824	5442
1601	4369	5449
1602	9184	5456
1603	8307	5457
1604	8168	5464
1605	4589	5466
1606	8417	5470
1607	4428	5475
1608	4950	5476
1609	3881	5477
1610	8280	5482
1611	5051	5483
1612	6959	5483
1613	5694	5489
1614	7994	5491
1615	8087	5494
1616	7950	5495
1617	2175	4022
1618	7039	5499
1619	8296	5501
1620	4035	5511
1621	4144	5513
1622	8260	5520
1623	3934	5520
1624	4605	4027
1625	7074	5538
1626	8015	5539
1627	8436	5539
1628	8506	5540
1629	7799	5542
1630	8714	5544
1631	4592	5545
1632	6910	5549
1633	9377	5511
1634	7588	5569
1635	5257	5577
1636	7398	5577
1637	4247	5578
1638	4246	5580
1639	6869	5585
1640	7673	5590
1641	8492	5596
1642	4378	5600
1643	7124	5601
1644	6940	5605
1645	6980	5605
1646	7494	5612
1647	7354	5613
1648	8096	5615
1649	7611	5623
1650	9158	5630
1651	9570	5647
1652	7633	6052
1653	9185	5659
1654	8134	5663
1655	7045	5666
1656	8469	5673
1657	7634	5678
1658	7846	5681
1659	9617	5686
1660	8438	5691
1661	8585	5702
1662	7770	5710
1663	9110	5716
1664	7426	5718
1665	9025	5725
1666	7118	5730
1667	4512	5732
1668	7178	5736
1669	9002	5742
1670	7644	5744
1671	7291	5746
1672	7513	5747
1673	8795	5753
1674	6930	5759
1675	7761	5759
1676	9000	5762
1677	8917	5764
1678	7452	5768
1679	8265	5772
1680	6788	5787
1681	7738	5788
1682	6798	5790
1683	6997	5792
1684	9588	5795
1685	9122	5797
1686	7501	5798
1687	7126	5799
1688	9238	5799
1689	7573	5800
1690	9072	5802
1691	8500	5808
1692	7333	5810
1693	7743	5811
1694	9253	6078
1695	7026	5821
1696	9438	5827
1697	9686	5920
1698	8508	5831
1699	8279	5832
1700	7748	5833
1701	8936	5845
1702	5907	4080
1703	7820	5849
1704	8250	5854
1705	7737	5855
1706	8752	5858
1707	8674	5858
1708	7496	5870
1709	7297	5872
1710	4498	3121
1711	9077	5876
1712	3436	5880
1713	9431	5879
1714	8269	5880
1715	7376	5881
1716	9610	5886
1717	8970	5890
1718	7510	5896
1719	7469	5903
1720	7597	5906
1721	8981	5911
1722	8935	5914
1723	8953	5915
1724	7528	5919
1725	8842	5925
1726	7965	5926
1727	8413	5930
1728	8833	5934
1729	7504	5935
1730	8307	5936
1731	7833	5941
1732	6957	5524
1733	7149	5942
1734	8902	5946
1735	9374	5955
1736	5756	5956
1737	7517	4967
1738	9626	5968
1739	8897	6104
1740	8130	5981
1741	7701	5984
1742	7896	5988
1743	8944	5991
1744	9222	5996
1745	9608	5997
1746	9326	6109
1747	9480	6004
1748	8703	6013
1749	9402	6023
1750	7000	6024
1751	8632	6030
1752	9439	6032
1753	8561	6032
1754	8939	6032
1755	7394	6034
1756	9150	6115
1757	7595	8120
1758	6495	8121
1759	8766	6051
1760	8907	6056
1761	9012	6059
1762	9467	6061
1763	7938	6062
1764	8162	6066
1765	9178	6073
1766	7789	6121
1767	8931	6077
1768	3532	6083
1769	8064	6089
1770	6002	6094
1771	7955	6101
1772	9074	6102
1773	7949	6106
1774	4161	6110
1775	8936	6110
1776	8644	6115
1777	9075	6116
1778	9197	6119
1779	7349	6129
1780	8831	6121
1781	9122	6122
1782	8560	6123
1783	4148	6129
1784	8073	6130
1785	4085	6131

REQUESTS = 2000
1	441	18	19	1	2	3
2	635	43	44	1	2	1
3	160	14	16	2	1	2
4	885	10	11	3	1	1
5	970	12	13	3	1	1
6	370	21	22	2	1	3
7	838	40	43	3	2	1
8	378	7	10	2	1	3
9	975	46	47	2	2	3
10	439	16	18	2	2	1
11	1701	47	48	1	2	2
12	334	12	13	3	2	3
13	158	12	14	3	2	1
14	941	21	23	1	2	1
15	304	43	46	2	2	1
16	100	25	26	3	2	3
17	1424	27	30	1	2	3
18	1622	38	41	1	2	3
19	71	9	12	1	2	2
20	536	39	42	2	1	2
21	1177	12	15	3	2	2
22	604	42	45	3	2	3
23	624	9	11	3	1	2
24	1702	11	13	2	1	1
25	1159	45	47	3	2	1
26	131	4	7	2	1	1
27	1636	22	24	3	2	1
28	621	9	12	2	2	2
29	546	41	43	2	2	1
30	1289	27	30	3	2	1
31	925	39	42	1	1	3
32	1065	40	42	2	2	1
33	321	34	37	2	2	2
34	704	35	36	1	1	2
35	814	7	9	3	1	2
36	1590	22	25	1	2	2
37	195	7	10	2	2	3
38	52	22	23	2	1	1
39	1484	5	8	2	2	2
40	915	47	49	1	2	2
41	827	7	9	3	2	2
42	1278	19	22	1	1	3
43	1563	20	23	3	1	2
44	579	43	45	3	2	2
45	215	35	37	3	2	3
46	1477	16	19	1	2	1
47	95	18	19	2	1	3
48	314	37	39	3	1	3
49	1421	19	21	2	1	2
50	1123	47	48	1	2	1
51	1532	17	20	1	2	2
52	799	44	45	1	2	2
53	480	1	4	1	2	1
54	1673	46	47	3	1	2
55	1196	25	26	2	1	2
56	1021	15	16	1	1	2
57	686	35	36	2	1	1
58	961	35	36	3	2	1
59	41	43	46	1	2	1
60	1386	46	47	2	2	2
61	1127	12	14	1	2	2
62	490	31	32	3	2	2
63	1300	10	12	1	2	2
64	1342	3	4	2	1	2
65	1720	8	10	2	2	1
66	1744	36	37	3	2	1
67	371	35	36	2	2	2
68	1385	43	44	1	1	1
69	1052	11	12	2	2	3
70	548	13	15	3	2	3
71	662	24	26	2	1	2
72	203	11	13	2	2	1
73	891	39	40	1	1	2
74	834	22	24	2	2	2
75	1046	31	34	3	1	3
76	1064	11	13	3	1	3
77	350	34	37	1	2	1
78	1534	43	44	3	2	2
79	528	34	37	2	2	3
80	996	44	46	1	2	1
81	1371	27	30	3	2	1
82	1592	26	29	2	2	2
83	146	11	13	3	1	3
84	716	3	6	2	2	2
85	1054	41	44	2	2	2
86	128	28	30	2	2	2
87	9	13	14	1	2	1
88	1530	36	39	2	1	3
89	798	38	40	3	2	1
90	874	46	47	1	2	2
91	1118	12	13	3	1	1
92	277	2	5	3	2	3
93	1279	29	30	2	2	1
94	1019	6	8	2	2	3
95	945	35	37	3	1	1
96	1753	26	29	3	1	2
97	1257	30	33	3	1	3
98	1652	21	24	1	1	2
99	985	44	47	2	2	1
100	1221	15	18	1	1	1
101	1676	27	29	2	1	3
102	817	11	12	2	1	1
103	986	21	23	1	1	3
104	1757	33	36	3	1	3
105	150	39	42	2	1	3
106	1335	26	29	2	2	3
107	1401	8	10	3	1	2
108	780	46	47	2	2	3
109	15	20	23	3	1	1
110	560	40	42	1	2	2
111	658	44	45	3	2	3
112	1624	15	18	1	2	2
113	196	23	25	3	2	1
114	352	44	45	2	2	2
115	260	10	13	3	2	1
116	323	15	16	2	1	1
117	213	38	40	3	2	2
118	1516	15	16	3	1	1
119	1224	44	47	1	1	1
120	23	30	32	3	2	3
121	1176	2	5	1	1	1
122	978	20	21	2	2	1
123	612	9	12	1	2	2
124	1221	47	48	2	1	3
125	1417	15	17	1	1	2
126	194	21	23	2	1	3
127	23	24	26	3	1	1
128	1191	11	14	1	2	2
129	516	36	38	2	1	3
130	1146	2	4	1	1	1
131	1683	20	22	1	2	2
132	1436	33	36	1	1	1
133	1475	35	36	2	1	1
134	1033	14	15	1	1	1
135	435	32	33	2	2	1
136	135	34	37	3	2	2
137	1428	38	40	2	1	3
138	1355	41	42	3	1	2
139	1036	13	15	2	2	3
140	563	33	35	2	1	2
141	1416	31	34	3	2	1
142	739	42	44	3	2	3
143	1508	20	22	1	1	1
144	639	34	37	1	1	2
145	102	46	49	1	2	2
146	643	40	43	2	1	2
147	1007	3	5	2	2	3
148	245	36	37	2	1	3
149	1240	40	41	1	2	1
150	1256	14	15	2	1	3
151	1262	7	10	3	2	2
152	481	26	28	1	1	1
153	112	23	25	2	2	1
154	1626	32	35	3	2	2
155	1551	21	23	2	2	1
156	1682	14	17	1	1	1
157	1068	10	11	1	2	1
158	897	30	33	1	2	1
159	1264	34	35	2	2	2
160	1165	15	18	3	2	3
161	1314	38	40	3	2	2
162	1351	20	22	3	2	2
163	721	32	34	1	2	3
164	1689	4	7	2	1	1
165	109	14	16	1	2	3
166	1174	45	48	2	1	2
167	815	43	46	3	1	1
168	592	39	42	1	1	3
169	1273	19	22	2	1	3
170	467	8	10	2	2	3
171	960	27	28	1	2	1
172	1369	15	16	3	2	3
173	1374	13	14	3	1	2
174	787	44	46	2	1	2
175	1396	2	4	3	2	3
176	1695	40	42	2	1	1
177	26	8	11	3	1	1
178	773	39	42	3	2	1
179	1368	16	19	3	2	2
180	1082	35	38	3	1	1
181	1230	15	17	2	2	1
182	942	40	42	1	2	3
183	930	47	49	1	1	3
184	695	1	4	2	2	1
185	846	42	43	1	2	3
186	1023	20	23	1	1	3
187	671	3	4	1	2	3
188	849	25	26	2	2	3
189	319	22	25	2	2	2
190	893	43	45	3	1	2
191	993	7	10	1	2	1
192	404	5	6	2	1	3
193	845	22	25	1	1	3
194	1542	12	14	2	2	2
195	1431	13	15	3	1	3
196	1095	26	27	1	1	2
197	1304	4	6	1	2	2
198	826	23	26	2	2	2
199	332	22	23	2	2	3
200	1541	15	16	2	2	1
201	1124	1	2	2	1	2
202	415	37	38	1	1	3
203	382	24	26	1	1	3
204	909	31	32	3	1	2
205	1292	31	32	2	2	3
206	1193	44	47	2	1	2
207	918	12	15	2	2	3
208	1783	24	26	2	2	1
209	1480	33	36	3	1	3
210	832	6	9	1	2	1
211	1503	46	48	1	1	3
212	677	18	20	1	1	1
213	190	23	25	3	1	1
214	949	20	22	2	2	3
215	772	23	26	3	2	1
216	275	38	40	2	2	2
217	43	43	45	1	2	1
218	1758	33	36	1	1	2
219	1451	11	12	2	1	2
220	1275	34	36	3	1	2
221	1392	45	46	3	1	3
222	27	29	32	3	1	1
223	911	16	18	1	2	1
224	833	47	49	1	1	1
225	750	29	32	1	2	3
226	1506	25	28	1	1	3
227	1727	16	18	1	2	3
228	126	38	40	2	2	1
229	65	17	19	2	2	1
230	1066	26	29	3	1	2
231	876	42	43	3	1	2
232	790	28	29	3	2	2
233	680	46	48	2	1	2
234	74	2	5	3	2	1
235	1284	6	7	2	1	3
236	49	11	14	1	2	3
237	396	19	21	1	1	2
238	299	3	5	3	2	3
239	11	19	21	3	1	1
240	498	11	12	3	1	2
241	851	20	22	2	1	2
242	920	11	12	2	1	2
243	720	15	17	2	1	1
244	1037	7	8	3	2	1
245	908	18	20	3	2	3
246	1426	14	17	2	1	1
247	943	8	11	2	2	3
248	942	34	37	3	1	1
249	372	10	13	3	2	2
250	1639	29	30	3	1	1
251	1709	25	28	3	1	2
252	1404	38	41	1	2	1
253	578	2	3	3	1	3
254	1277	1	2	2	2	3
255	606	36	39	3	1	3
256	749	36	38	3	1	1
257	1557	32	35	2	2	1
258	47	46	49	1	2	3
259	144	22	25	1	2	1
260	1618	38	39	1	2	3
261	710	32	34	1	1	1
262	650	17	18	3	1	3
263	777	33	34	1	1	3
264	1542	8	9	1	2	3
265	1621	32	34	3	2	1
266	1425	24	26	2	2	2
267	243	22	24	3	1	2
268	1051	15	18	1	1	2
269	232	4	5	1	1	2
270	445	25	28	3	2	1
271	755	25	26	2	1	3
272	776	31	32	2	2	2
273	1746	43	46	1	2	1
274	618	39	41	3	2	3
275	1205	12	13	2	2	1
276	231	17	19	3	2	2
277	573	35	38	2	1	2
278	1117	22	23	1	1	1
279	354	38	40	2	2	2
280	1153	31	32	2	1	3
281	1585	43	46	1	1	3
282	61	11	14	2	1	1
283	1442	36	37	3	1	3
284	768	25	26	3	2	3
285	379	2	3	3	2	1
286	527	27	30	1	2	3
287	1483	25	28	3	1	3
288	740	17	18	2	2	1
289	551	24	27	1	2	2
290	1736	10	12	2	1	1
291	699	8	11	3	1	2
292	1185	38	41	1	2	2
293	78	6	7	2	1	1
294	1135	14	15	2	2	3
295	802	10	13	3	2	1
296	81	7	10	1	2	2
297	931	28	30	3	1	2
298	1002	45	46	2	1	2
299	121	18	19	2	2	1
300	758	11	14	2	1	3
301	1015	13	14	3	1	2
302	285	3	5	2	2	1
303	1359	16	19	2	2	2
304	141	20	23	2	2	1
305	157	9	12	3	1	1
306	1081	11	13	3	1	2
307	982	20	22	2	2	2
308	506	5	7	3	2	2
309	647	45	46	1	2	3
310	1741	6	7	2	1	3
311	1620	41	44	2	1	1
312	544	31	32	1	1	3
313	574	13	15	3	2	3
314	922	2	5	2	1	1
315	1058	36	37	2	1	3
316	1640	41	42	3	1	3
317	1088	38	39	1	1	3
318	1362	28	29	1	2	1
319	1412	32	34	3	2	3
320	462	1	2	3	2	3
321	1779	44	47	3	1	2
322	1419	16	17	1	2	3
323	1151	7	10	2	2	1
324	1252	13	14	2	1	2
325	1712	33	36	3	1	1
326	1562	3	6	3	1	2
327	30	30	32	1	1	1
328	1646	13	15	2	1	3
329	1586	40	41	1	2	1
330	270	35	36	3	1	1
331	987	12	14	3	1	3
332	577	20	21	3	1	1
333	176	5	6	3	1	3
334	75	39	42	2	1	1
335	499	36	39	3	1	1
336	1132	18	20	3	2	3
337	399	2	5	1	2	2
338	1226	5	7	3	1	2
339	1643	11	14	1	1	3
340	529	31	32	3	1	1
341	1072	12	15	2	1	1
342	1561	16	17	1	1	2
343	1228	4	5	2	2	2
344	1456	30	33	3	2	3
345	34	35	37	3	2	3
346	1743	43	46	1	2	3
347	930	22	25	1	1	1
348	1350	39	41	1	2	1
349	1721	20	21	3	1	2
350	367	30	33	2	2	2
351	311	27	29	1	2	1
352	593	21	22	3	1	3
353	32	14	16	3	1	2
354	255	25	26	3	1	3
355	1339	38	40	1	2	3
356	464	17	18	2	2	1
357	826	10	12	3	2	1
358	1311	43	44	2	2	1
359	1476	19	20	2	2	2
360	1315	28	31	2	2	2
361	833	1	3	3	1	1
362	557	8	9	2	2	1
363	37	25	27	3	1	1
364	488	5	8	3	1	3
365	1595	44	46	2	1	3
366	1711	22	25	1	2	2
367	1074	4	6	1	2	2
368	1123	17	18	2	1	2
369	312	40	41	2	1	2
370	828	19	21	3	2	1
371	1239	45	47	2	2	3
372	538	40	41	2	1	1
373	1620	34	37	3	2	2
374	561	23	24	1	2	3
375	558	17	19	2	2	1
376	1485	6	9	2	2	2
377	684	15	16	2	2	1
378	1365	2	4	2	1	2
379	365	39	40	3	2	1
380	279	9	11	2	1	1
381	73	13	15	2	1	2
382	649	33	36	2	1	1
383	1539	25	27	1	2	1
384	401	39	40	3	2	1
385	891	5	6	3	1	2
386	1265	33	34	1	1	3
387	1026	18	21	2	1	1
388	189	15	18	3	1	2
389	1677	12	13	1	2	2
390	1136	46	47	1	2	2
391	1574	43	46	2	2	3
392	1057	25	26	2	1	3
393	1219	3	6	2	1	1
394	1405	9	11	2	2	1
395	1350	23	24	2	1	3
396	1782	43	45	2	1	1
397	360	7	10	1	1	2
398	171	31	33	3	1	3
399	7	16	17	2	1	1
400	50	1	4	1	2	2
401	155	43	45	1	2	3
402	1543	9	11	3	1	2
403	485	29	31	2	2	2
404	267	4	7	2	2	3
405	684	1	3	2	2	1
406	286	39	41	2	2	2
407	636	38	41	1	2	3
408	571	37	38	2	1	2
409	1377	43	44	1	1	2
410	1138	18	21	2	2	2
411	369	20	22	3	2	2
412	1003	16	19	3	1	3
413	1376	21	23	3	1	1
414	1045	20	21	1	1	1
415	1059	43	46	1	2	1
416	514	41	43	2	2	3
417	1743	26	27	2	1	3
418	1302	27	28	2	2	2
419	1530	29	32	2	1	2
420	1623	34	36	2	1	2
421	1488	8	9	3	2	1
422	390	29	31	3	2	1
423	1745	6	7	3	2	1
424	208	5	7	2	1	2
425	1181	20	22	3	1	1
426	1097	21	24	3	1	1
427	1420	6	8	1	1	1
428	90	12	13	3	2	1
429	358	40	41	1	1	1
430	686	32	35	1	2	2
431	77	10	13	3	1	1
432	1642	33	34	1	1	3
433	168	22	25	1	1	2
434	1693	6	9	1	2	3
435	1407	15	16	2	2	1
436	890	29	30	1	2	3
437	380	17	20	1	2	1
438	1036	44	47	1	2	2
439	293	20	21	1	2	3
440	614	4	5	3	1	2
441	1445	34	37	3	2	3
442	1281	14	15	1	2	3
443	933	10	11	3	1	3
444	31	28	29	1	2	1
445	1321	5	8	2	1	2
446	667	39	42	2	2	1
447	1388	39	40	2	1	3
448	290	26	28	3	2	1
449	959	4	6	1	2	2
450	1254	5	6	2	2	2
451	947	29	30	2	1	2
452	292	20	23	3	2	2
453	1751	33	34	3	1	1
454	1168	12	15	2	1	3
455	1172	40	42	1	1	2
456	1486	27	29	3	1	3
457	655	43	46	2	1	3
458	212	2	3	3	2	2
459	55	37	40	1	1	3
460	1655	19	20	3	2	1
461	419	6	7	2	1	1
462	1112	43	44	3	1	2
463	1103	31	34	1	2	2
464	312	8	9	2	1	2
465	1280	1	4	2	2	2
466	433	3	4	1	2	1
467	6	3	6	2	1	3
468	730	13	16	1	1	1
469	1199	1	2	2	1	3
470	1270	41	43	1	2	3
471	962	38	41	2	1	2
472	1352	42	43	2	1	1
473	20	8	11	1	2	3
474	115	34	37	3	2	1
475	972	25	28	3	1	3
476	760	15	16	2	2	1
477	1460	4	6	2	1	3
478	1309	10	11	1	2	3
479	554	3	5	2	2	2
480	175	16	19	3	2	2
481	1384	9	10	2	1	1
482	545	34	36	2	1	2
483	661	34	35	1	2	1
484	1649	34	35	2	2	3
485	54	2	4	3	2	3
486	1025	23	25	3	1	2
487	118	1	4	3	2	1
488	1140	13	15	2	2	1
489	917	26	29	1	2	1
490	377	35	36	3	2	2
491	1180	30	32	1	2	1
492	475	32	35	3	2	3
493	696	3	5	1	2	3
494	447	8	11	1	2	3
495	300	8	9	1	2	2
496	711	20	21	2	2	2
497	1208	8	9	2	1	3
498	1493	39	40	1	1	1
499	14	4	5	3	2	3
500	628	29	30	2	1	2
501	508	19	22	2	2	3
502	1261	39	40	3	2	3
503	1678	1	3	1	2	3
504	778	35	37	2	1	1
505	1640	38	40	3	2	2
506	394	29	32	2	2	2
507	1531	28	30	1	2	3
508	800	34	36	1	1	2
509	1179	21	23	2	1	3
510	1647	14	15	2	2	2
511	1379	13	14	2	2	1
512	533	14	15	2	2	2
513	83	26	28	3	1	2
514	257	19	22	2	2	1
515	477	2	4	3	2	3
516	1679	21	22	1	1	3
517	1138	2	4	2	1	1
518	1467	43	46	3	2	3
519	1259	41	44	3	1	3
520	1481	28	30	3	2	3
521	742	20	22	2	2	3
522	138	1	3	1	1	1
523	974	29	30	2	1	3
524	152	37	39	3	1	2
525	1668	40	43	1	2	1
526	454	27	28	3	2	1
527	145	43	46	2	1	3
528	1450	4	5	3	1	1
529	1034	7	9	2	2	2
530	1325	27	30	1	1	3
531	123	8	10	2	2	2
532	400	11	12	2	2	3
533	403	36	39	3	2	1
534	823	15	17	3	2	1
535	1121	5	8	1	2	1
536	375	34	35	1	1	2
537	510	41	44	1	2	3
538	749	32	33	1	1	1
539	309	39	42	3	2	2
540	424	30	32	1	2	2
541	432	47	49	1	2	3
542	182	33	34	2	1	3
543	1363	42	45	3	2	1
544	585	22	24	1	1	1
545	472	19	21	3	2	3
546	191	12	14	3	2	2
547	86	17	20	3	1	1
548	1204	5	8	3	2	3
549	162	7	9	1	1	1
550	342	30	32	1	2	1
551	217	30	31	3	1	3
552	1047	46	47	3	1	2
553	59	13	14	1	1	1
554	670	24	26	3	2	1
555	373	9	12	2	1	1
556	874	34	35	2	2	3
557	261	31	34	1	2	3
558	679	34	35	2	2	1
559	1131	44	46	2	1	2
560	1111	20	23	3	2	1
561	672	41	42	2	1	2
562	436	33	34	3	1	3
563	1306	1	3	3	1	3
564	717	40	42	2	1	1
565	1328	23	24	3	1	3
566	438	30	33	2	1	2
567	374	21	23	3	2	3
568	412	21	22	1	1	2
569	1750	32	35	1	1	1
570	1507	34	37	3	2	1
571	344	15	16	2	2	2
572	1101	31	34	3	1	2
573	402	16	17	3	1	3
574	66	30	32	2	1	2
575	712	24	25	2	1	3
576	1492	42	43	1	2	1
577	313	1	3	3	1	3
578	565	26	28	2	2	2
579	1489	40	43	2	1	1
580	339	9	11	2	1	3
581	562	1	2	3	1	3
582	101	1	3	3	1	1
583	757	30	32	3	2	3
584	295	28	31	2	1	3
585	1312	25	28	2	2	1
586	487	22	25	3	1	3
587	808	24	27	2	1	3
588	656	20	23	1	2	2
589	1440	43	46	3	2	2
590	620	15	17	1	2	3
591	1022	36	38	3	2	3
592	1710	39	41	3	1	2
593	235	12	15	1	2	2
594	525	16	19	2	1	2
595	1771	36	37	2	2	2
596	1170	3	4	3	2	2
597	1736	31	32	2	2	1
598	1327	32	34	2	1	3
599	1083	34	35	3	1	1
600	1079	43	45	3	2	1
601	841	16	19	3	2	3
602	913	46	47	2	1	2
603	287	17	19	2	1	1
604	995	14	17	1	1	2
605	1556	44	45	1	1	3
606	229	33	36	3	1	3
607	990	20	22	1	2	2
608	1191	23	24	2	1	3
609	1394	4	5	1	1	2
610	198	29	32	3	1	3
611	1167	23	24	3	1	2
612	1703	7	8	2	1	1
613	58	27	28	2	2	3
614	317	16	18	3	2	2
615	1187	40	41	3	2	3
616	759	11	12	1	2	1
617	1235	15	16	1	2	3
618	80	10	11	1	1	1
619	615	38	40	3	2	1
620	1732	26	27	2	2	1
621	840	13	15	3	1	1
622	627	27	30	1	1	2
623	861	23	26	1	1	1
624	836	39	40	2	1	2
625	24	30	31	3	1	1
626	1778	16	19	2	1	1
627	868	27	28	1	2	3
628	149	28	29	2	1	2
629	1548	21	23	3	2	3
630	1785	30	31	1	2	2
631	971	42	43	3	2	2
632	1447	35	37	2	1	2
633	1529	5	6	2	2	1
634	364	41	44	3	2	2
635	164	29	31	3	2	1
636	906	12	14	2	1	1
637	1011	3	5	3	1	3
638	1781	12	13	1	2	3
639	1629	41	42	3	1	2
640	609	14	16	3	1	1
641	249	16	18	2	2	1
642	355	18	19	3	1	3
643	1564	19	22	3	1	3
644	1766	35	37	3	1	2
645	1268	41	44	3	1	3
646	601	31	33	2	2	2
647	303	24	26	2	1	2
648	64	38	39	3	2	3
649	1490	32	33	2	2	1
650	1056	25	26	1	1	3
651	1243	5	7	3	1	2
652	970	28	29	3	1	1
653	1161	41	42	2	2	2
654	691	40	42	3	1	1
655	1276	42	44	3	1	3
656	1108	3	4	1	2	2
657	1225	5	7	2	1	1
658	420	3	6	2	1	2
659	1238	27	29	3	1	3
660	1160	3	4	2	2	1
661	1016	9	12	2	2	2
662	1194	13	14	3	2	2
663	810	21	23	2	1	2
664	977	16	18	1	1	1
665	884	40	43	2	2	1
666	1370	7	10	3	1	3
667	301	9	11	1	2	1
668	989	3	4	1	2	1
669	1414	37	38	1	2	3
670	1598	27	30	2	2	3
671	629	36	39	3	2	3
672	1692	28	29	1	2	2
673	598	3	5	2	1	3
674	1654	16	18	2	1	3
675	1709	11	12	3	1	1
676	939	9	12	2	2	2
677	495	10	13	1	2	2
678	997	13	14	2	1	2
679	771	44	45	3	1	2
680	564	37	39	2	2	2
681	1086	11	12	3	2	3
682	1333	42	45	3	2	1
683	1464	9	12	2	2	1
684	718	19	22	1	1	1
685	910	14	15	2	1	1
686	454	18	20	3	2	3
687	1533	18	21	2	1	3
688	429	9	11	3	1	1
689	166	36	38	1	2	2
690	1579	24	27	3	2	3
691	866	4	5	1	2	2
692	1364	38	40	1	1	1
693	1356	37	40	1	2	1
694	1688	26	29	1	2	2
695	1149	1	4	2	2	2
696	61	18	21	1	2	2
697	1422	18	19	2	2	1
698	1154	5	7	2	2	2
699	1614	37	38	2	2	2
700	1653	26	28	3	2	1
701	206	20	21	1	1	3
702	1448	19	22	1	2	2
703	731	41	44	2	1	3
704	178	1	2	3	2	3
705	767	3	6	1	2	1
706	1065	25	28	1	1	1
707	1682	30	32	1	1	1
708	1738	39	41	1	2	3
709	752	19	22	1	2	1
710	1004	39	40	2	1	2
711	1597	34	35	2	1	2
712	1437	25	27	2	2	1
713	976	15	17	2	1	3
714	256	3	4	3	1	1
715	1621	42	45	2	1	1
716	1367	27	29	1	2	2
717	871	37	39	2	2	1
718	1079	16	18	3	1	1
719	530	4	6	2	2	2
720	197	44	46	2	1	3
721	1538	7	8	2	1	3
722	1184	30	33	1	1	1
723	1186	25	26	3	1	1
724	953	4	7	2	2	3
725	193	1	2	3	2	2
726	314	45	46	2	1	2
727	256	3	4	3	2	1
728	1106	23	25	3	1	1
729	1608	25	26	2	2	2
730	1349	6	8	1	1	2
731	421	18	21	2	2	1
732	147	45	48	1	1	3
733	53	32	34	2	2	2
734	351	28	31	1	2	2
735	792	19	22	3	1	2
736	1650	2	5	3	2	3
737	1050	13	15	2	2	2
738	1432	46	48	2	1	2
739	957	7	10	1	1	1
740	1089	33	36	2	2	2
741	1648	27	29	1	2	3
742	458	17	19	3	2	1
743	201	42	45	3	1	3
744	770	9	11	2	2	2
745	1446	26	28	3	2	2
746	48	47	48	1	2	2
747	1394	24	25	1	2	3
748	1027	11	13	1	2	3
749	413	40	41	2	2	1
750	266	9	12	2	2	2
751	541	20	21	3	2	2
752	635	9	11	1	2	1
753	75	28	31	3	1	2
754	774	21	22	3	1	2
755	1171	23	24	1	1	2
756	113	2	4	1	2	2
757	1631	17	20	1	2	2
758	1730	39	41	3	1	3
759	40	8	11	3	1	3
760	1671	21	24	1	1	2
761	1116	2	5	1	2	3
762	1737	30	32	2	2	2
763	250	35	36	1	2	1
764	333	21	23	2	1	2
765	991	13	15	3	2	2
766	114	12	15	1	1	2
767	459	12	13	1	2	1
768	706	21	24	1	1	1
769	272	46	47	2	1	2
770	1087	24	26	2	2	1
771	244	5	8	2	1	3
772	1073	22	25	3	1	3
773	265	36	38	2	1	2
774	858	6	9	1	2	1
775	186	32	34	2	1	1
776	1409	32	33	2	1	2
777	383	6	7	3	1	1
778	240	25	28	3	2	3
779	254	12	14	2	1	3
780	631	29	30	3	2	2
781	82	40	42	1	1	2
782	1173	17	20	1	1	2
783	1249	13	14	1	2	3
784	927	24	27	2	2	2
785	1515	17	20	3	2	1
786	120	8	9	1	1	1
787	1530	42	45	3	1	3
788	1603	30	32	3	1	1
789	1565	22	25	2	2	2
790	901	9	11	1	1	3
791	969	8	9	3	1	2
792	142	2	3	3	2	2
793	1658	26	28	1	2	2
794	327	6	9	3	1	1
795	539	18	19	3	2	2
796	848	42	44	1	1	1
797	1685	32	35	1	1	2
798	1210	24	27	2	1	3
799	1382	36	38	2	1	3
800	1583	11	13	1	2	2
801	328	34	35	2	1	1
802	535	28	31	1	1	2
803	879	13	15	3	2	2
804	1063	33	35	2	2	3
805	381	26	27	3	2	1
806	1164	20	21	1	2	3
807	1408	23	24	3	1	2
808	393	1	2	1	2	1
809	1717	1	3	3	2	2
810	1474	30	32	2	2	1
811	596	37	38	1	2	2
812	736	7	8	1	2	2
813	1433	13	16	3	1	3
814	929	41	42	1	1	1
815	76	14	16	2	2	1
816	84	15	17	2	1	1
817	1263	21	22	1	2	3
818	1341	24	27	1	1	3
819	1491	16	18	1	1	2
820	1496	17	20	1	2	3
821	1611	18	21	1	2	2
822	1772	32	34	2	2	1
823	1718	9	10	2	1	3
824	1415	29	30	2	1	1
825	1596	2	3	2	1	3
826	1072	43	45	2	2	3
827	915	28	31	3	1	3
828	1236	6	9	3	2	3
829	1182	42	44	3	1	3
830	491	21	22	2	1	3
831	1389	33	34	3	2	1
832	869	45	46	1	2	1
833	831	42	44	3	2	1
834	1510	29	31	1	2	3
835	368	11	14	3	2	1
836	746	8	11	1	2	1
837	1380	39	41	1	2	1
838	1559	23	25	3	2	2
839	168	11	14	3	1	2
840	519	38	41	3	2	3
841	994	35	38	2	2	3
842	338	42	43	1	2	2
843	366	42	44	3	2	3
844	1633	1	3	1	1	3
845	1248	7	10	2	1	2
846	450	1	4	3	1	1
847	1069	20	22	3	2	1
848	1113	6	7	2	1	2
849	1612	28	31	1	1	2
850	297	7	10	3	1	2
851	1089	20	22	2	1	2
852	859	29	30	2	1	2
853	257	26	29	2	2	3
854	1244	37	40	1	2	1
855	1150	29	31	1	1	3
856	241	31	32	2	2	1
857	470	9	11	1	1	2
858	1755	25	28	2	2	2
859	97	18	19	2	1	1
860	38	24	26	3	2	3
861	766	9	11	3	1	1
862	172	20	21	1	2	3
863	174	38	39	3	1	1
864	1094	14	17	2	1	2
865	1569	26	29	3	1	2
866	1450	36	38	1	1	2
867	1130	34	37	2	2	1
868	1143	23	26	3	1	2
869	877	27	29	3	1	2
870	1348	36	37	2	1	2
871	483	24	25	3	1	1
872	821	20	21	2	2	1
873	761	3	4	2	2	3
874	227	22	25	3	2	2
875	253	2	4	1	2	1
876	1005	45	48	2	1	3
877	724	4	7	1	2	1
878	682	16	18	1	1	3
879	559	16	17	1	1	3
880	1478	33	34	2	1	3
881	173	43	44	2	2	3
882	865	11	12	1	1	3
883	320	38	39	3	1	3
884	98	31	32	2	2	1
885	1423	43	44	2	2	1
886	510	11	13	3	2	1
887	1743	37	39	2	1	2
888	1466	48	49	1	1	3
889	202	9	12	3	1	3
890	1684	38	41	3	2	2
891	460	27	29	3	2	1
892	398	39	42	1	2	1
893	998	31	33	3	2	1
894	505	31	32	2	1	3
895	1189	44	47	3	1	1
896	1296	9	10	2	1	3
897	1737	27	30	2	1	3
898	1242	21	22	2	1	3
899	380	31	32	1	1	3
900	751	29	32	2	2	1
901	87	3	4	3	1	3
902	820	3	4	3	2	3
903	1331	45	47	3	2	2
904	238	44	47	2	2	1
905	1466	31	33	3	1	2
906	1504	39	42	1	2	3
907	1215	26	27	2	2	1
908	659	38	40	3	2	2
909	1076	38	39	3	2	1
910	1336	3	4	2	1	2
911	1257	40	41	1	2	3
912	839	37	39	2	2	2
913	463	27	28	3	2	2
914	1479	31	34	1	1	3
915	1383	19	21	2	1	2
916	10	6	9	3	2	3
917	782	32	33	3	2	1
918	1625	25	26	3	1	2
919	549	38	40	2	1	1
920	965	20	23	3	2	2
921	1192	19	20	1	2	3
922	316	41	43	3	1	1
923	1258	14	17	2	2	3
924	979	1	3	1	1	3
925	1735	11	12	2	2	3
926	1453	30	31	2	1	2
927	881	24	25	2	1	3
928	331	19	20	3	1	3
929	525	32	35	2	1	2
930	426	32	35	1	2	3
931	1686	18	21	1	2	3
932	898	44	46	3	2	2
933	744	35	36	2	2	1
934	521	46	47	1	1	2
935	1681	17	18	1	1	1
936	973	14	16	1	2	2
937	1161	3	6	3	1	1
938	995	36	37	3	1	2
939	872	26	28	1	2	2
940	1019	40	42	3	1	2
941	888	35	36	2	2	2
942	258	16	19	2	2	3
943	611	29	30	1	2	3
944	1461	10	12	1	2	1
945	1773	24	27	3	2	1
946	1202	35	36	3	2	2
947	1521	9	12	1	2	3
948	765	42	44	3	2	2
949	1455	22	25	2	1	1
950	36	22	25	1	2	3
951	1118	27	29	3	2	3
952	140	36	38	1	1	1
953	1145	32	34	1	2	3
954	1297	12	14	3	2	2
955	471	15	16	3	1	2
956	1316	34	36	2	2	1
957	391	14	15	1	1	2
958	1197	8	11	1	2	1
959	446	20	22	2	2	2
960	568	29	31	1	2	1
961	1563	17	19	3	2	3
962	555	36	39	2	2	2
963	693	32	33	2	2	3
964	1137	36	39	3	2	1
965	1494	23	25	3	2	2
966	1009	17	20	3	1	3
967	1035	44	46	1	1	3
968	870	17	18	3	2	1
969	1547	30	33	2	2	2
970	599	16	18	1	2	1
971	804	34	35	1	2	1
972	171	19	21	2	1	3
973	1777	16	19	1	2	3
974	448	25	28	1	1	3
975	753	11	12	1	1	3
976	1010	44	45	2	1	2
977	1379	32	34	3	2	2
978	1553	12	15	1	1	3
979	428	33	34	2	2	1
980	282	43	45	1	1	2
981	129	46	48	1	1	1
982	1102	45	48	1	2	3
983	358	35	36	2	2	2
984	108	20	22	2	1	1
985	1445	12	13	1	2	3
986	754	5	8	3	1	2
987	1604	40	41	3	1	1
988	431	41	43	1	1	1
989	1096	35	37	1	2	3
990	515	35	36	2	2	1
991	1354	41	42	2	2	1
992	68	35	36	2	2	1
993	1313	29	30	2	1	1
994	1661	15	16	3	2	1
995	663	11	14	2	1	2
996	1780	32	33	3	2	1
997	1095	16	18	3	2	3
998	1360	32	33	3	1	3
999	1125	37	39	2	1	3
1000	1703	3	5	1	2	3
1001	1465	46	48	1	1	1
1002	1101	18	19	2	1	1
1003	665	19	20	1	2	2
1004	1178	46	47	1	2	1
1005	511	41	44	2	2	1
1006	1592	13	15	1	2	3
1007	1409	24	26	1	1	1
1008	1498	39	42	1	2	1
1009	1345	10	12	1	2	3
1010	533	42	43	2	1	2
1011	1085	48	49	1	1	3
1012	163	37	38	2	2	2
1013	1452	5	7	3	1	2
1014	353	44	45	1	2	1
1015	1581	18	19	2	2	2
1016	1163	35	36	1	1	1
1017	894	40	42	3	2	2
1018	1229	47	49	1	1	3
1019	1014	32	35	1	2	3
1020	416	46	49	1	1	1
1021	1588	35	38	3	1	3
1022	1258	20	21	3	2	3
1023	1285	14	17	1	2	2
1024	1468	1	2	1	1	1
1025	720	42	45	1	2	3
1026	1427	32	34	2	2	1
1027	1526	28	30	2	2	1
1028	531	12	15	3	2	3
1029	1551	7	8	3	1	3
1030	1590	37	38	2	1	1
1031	237	11	12	2	2	1
1032	1591	28	31	1	2	2
1033	1292	2	3	2	2	2
1034	683	40	43	3	1	1
1035	239	13	15	3	1	2
1036	856	7	10	3	2	3
1037	1042	35	37	1	1	3
1038	278	42	43	3	1	2
1039	895	34	35	2	1	2
1040	85	26	29	3	2	3
1041	570	32	35	1	1	2
1042	1195	9	11	1	2	3
1043	1381	40	43	2	2	2
1044	842	38	40	2	2	3
1045	1283	33	34	1	2	1
1046	324	1	4	3	2	1
1047	1733	27	28	2	1	1
1048	19	8	11	2	1	2
1049	714	23	25	1	2	3
1050	640	24	25	1	1	2
1051	1001	27	30	3	1	1
1052	1598	27	28	2	1	2
1053	1544	34	37	3	1	3
1054	1305	29	32	3	1	3
1055	1704	17	20	3	1	1
1056	1549	47	48	2	1	1
1057	694	24	25	3	1	3
1058	1255	4	5	3	2	2
1059	471	3	6	1	1	1
1060	675	23	26	1	2	1
1061	1763	27	30	2	2	3
1062	803	19	20	3	1	2
1063	552	18	20	3	2	2
1064	1784	10	13	2	2	2
1065	643	3	5	2	2	2
1066	705	1	4	2	1	2
1067	357	19	22	1	2	3
1068	1540	8	9	3	1	3
1069	1558	5	7	1	2	2
1070	1775	24	27	3	2	3
1071	764	41	44	2	1	3
1072	816	32	35	1	2	3
1073	607	12	13	3	2	3
1074	1567	29	30	3	1	3
1075	116	14	17	3	1	3
1076	1190	11	13	1	1	2
1077	689	19	20	2	1	3
1078	107	45	46	2	2	3
1079	625	33	34	2	1	2
1080	1301	21	22	1	2	1
1081	729	14	16	3	2	1
1082	1298	2	3	1	2	2
1083	1104	42	44	3	1	1
1084	384	1	2	2	2	1
1085	639	11	13	1	1	3
1086	110	18	19	2	2	3
1087	1387	27	28	3	2	2
1088	717	8	10	2	1	1
1089	1066	14	16	3	2	3
1090	983	41	44	1	2	3
1091	230	31	32	2	2	1
1092	489	3	5	2	1	1
1093	617	14	16	3	2	1
1094	180	27	28	2	1	1
1095	550	4	6	2	2	2
1096	1053	38	41	2	2	1
1097	559	10	11	2	1	1
1098	1476	5	6	2	2	2
1099	732	39	41	1	2	1
1100	1090	48	49	1	1	1
1101	1476	45	46	1	2	1
1102	1523	7	8	2	2	2
1103	603	40	41	2	2	3
1104	1627	19	22	2	1	2
1105	411	8	9	2	1	3
1106	522	10	12	3	2	2
1107	4	22	24	3	1	2
1108	812	21	24	1	1	1
1109	302	18	21	1	1	3
1110	1060	43	46	1	1	2
1111	1071	8	10	3	1	2
1112	1347	46	47	3	1	1
1113	179	25	27	2	1	3
1114	1200	11	13	1	1	3
1115	1337	28	30	2	2	2
1116	1093	45	48	2	1	2
1117	1092	29	32	1	1	2
1118	1707	21	23	3	2	3
1119	692	17	19	2	2	3
1120	392	23	24	3	1	2
1121	583	43	44	3	2	2
1122	739	27	29	3	2	1
1123	1769	1	4	1	2	2
1124	638	5	7	2	2	2
1125	17	45	47	3	2	3
1126	517	41	44	1	2	3
1127	1411	33	36	1	2	2
1128	816	39	41	3	1	1
1129	315	14	16	2	2	2
1130	136	7	8	1	1	3
1131	1209	27	28	3	2	2
1132	795	11	14	1	2	2
1133	503	40	42	3	1	2
1134	143	5	8	3	2	3
1135	1166	42	44	2	2	1
1136	1615	25	26	2	2	3
1137	1393	2	4	1	2	1
1138	518	16	18	3	2	2
1139	170	1	4	1	2	1
1140	1322	20	21	3	2	3
1141	252	7	9	1	1	3
1142	67	8	9	2	1	2
1143	785	30	33	2	1	3
1144	322	16	17	3	2	1
1145	1109	18	21	3	1	3
1146	1031	15	17	2	1	2
1147	119	18	21	2	2	3
1148	188	38	40	3	1	1
1149	1020	13	14	3	2	2
1150	1144	25	26	2	2	1
1151	1088	25	27	2	2	2
1152	1703	27	30	2	1	3
1153	47	36	37	1	1	2
1154	1371	19	22	2	2	2
1155	1638	37	38	2	2	2
1156	681	1	3	1	1	2
1157	1511	7	8	2	1	1
1158	702	33	35	3	1	1
1159	840	34	35	2	1	3
1160	1454	8	9	1	1	2
1161	183	30	31	3	2	1
1162	878	11	14	1	2	2
1163	1310	45	46	2	2	1
1164	827	4	7	2	1	2
1165	1058	15	18	2	1	2
1166	669	16	18	1	2	3
1167	1210	31	32	2	2	2
1168	1056	15	16	1	1	3
1169	1607	45	46	1	2	2
1170	430	32	34	2	2	3
1171	543	16	19	1	1	2
1172	330	17	18	3	1	2
1173	1090	19	21	2	1	1
1174	1293	15	18	3	1	1
1175	698	11	14	3	2	3
1176	674	13	16	2	1	3
1177	1039	4	6	3	1	3
1178	1518	11	14	3	1	2
1179	1500	27	28	1	1	1
1180	981	25	26	1	1	1
1181	1513	40	42	1	2	3
1182	856	22	23	1	1	1
1183	1499	14	16	1	2	3
1184	1207	33	36	3	1	3
1185	1507	39	40	1	1	3
1186	281	37	39	1	1	2
1187	434	14	17	3	2	3
1188	1691	45	47	1	2	3
1189	1172	27	29	1	2	2
1190	1764	5	8	1	1	3
1191	1147	9	10	3	2	2
1192	1288	21	22	2	1	3
1193	1332	44	47	2	1	2
1194	1218	7	8	1	1	3
1195	818	23	25	2	1	3
1196	1524	34	36	2	2	2
1197	1429	31	32	2	1	2
1198	1550	41	43	3	2	3
1199	54	21	23	3	1	3
1200	673	3	6	2	2	2
1201	1266	32	33	2	1	2
1202	619	26	29	3	1	1
1203	273	45	46	3	1	1
1204	967	18	20	2	1	2
1205	271	11	13	1	2	1
1206	524	21	24	1	1	1
1207	496	13	16	2	2	3
1208	1156	42	44	2	1	2
1209	575	24	26	3	2	3
1210	1719	30	33	3	1	2
1211	921	40	42	3	1	3
1212	1320	21	23	1	2	2
1213	348	14	17	2	1	1
1214	1272	23	26	3	1	2
1215	1286	1	2	3	1	3
1216	633	14	17	2	1	2
1217	318	38	39	2	2	3
1218	1119	6	8	3	1	3
1219	46	44	46	1	1	3
1220	822	40	41	2	1	1
1221	926	43	45	1	1	3
1222	422	16	19	2	1	3
1223	1614	26	28	1	1	2
1224	701	18	21	2	2	2
1225	1330	13	15	1	2	3
1226	132	31	32	1	2	1
1227	1537	6	8	3	1	1
1228	410	26	27	2	2	1
1229	1206	16	17	3	1	2
1230	1616	38	41	3	2	3
1231	395	4	5	1	2	2
1232	712	30	31	2	1	1
1233	924	39	40	1	2	3
1234	1495	5	7	2	1	1
1235	1599	28	31	3	1	1
1236	791	21	23	2	1	2
1237	887	3	4	3	1	3
1238	936	20	23	2	1	2
1239	3	11	14	2	2	2
1240	1006	14	17	3	1	1
1241	1334	1	4	1	2	3
1242	653	7	9	1	2	2
1243	1747	36	39	2	1	2
1244	111	29	32	2	2	1
1245	886	41	43	2	2	1
1246	648	4	5	1	2	3
1247	1120	15	18	1	1	1
1248	1519	15	17	1	2	2
1249	565	15	18	1	1	3
1250	184	27	28	1	1	2
1251	1659	28	30	1	1	1
1252	595	30	31	1	1	2
1253	200	35	37	2	2	3
1254	5	25	28	2	2	1
1255	829	34	37	1	2	3
1256	1470	13	15	2	2	1
1257	1630	43	44	3	2	1
1258	1621	21	24	1	2	1
1259	130	25	26	1	1	1
1260	668	21	24	2	1	3
1261	1287	1	4	3	2	2
1262	844	7	10	2	1	2
1263	308	3	6	3	1	2
1264	154	25	26	1	1	2
1265	1078	7	10	3	2	3
1266	835	27	29	3	2	3
1267	504	44	46	2	2	3
1268	199	22	25	3	1	1
1269	703	32	34	2	1	2
1270	1497	38	39	2	2	3
1271	956	18	19	2	1	3
1272	1560	36	37	1	2	3
1273	456	1	3	1	2	3
1274	1308	15	17	2	2	1
1275	902	41	43	1	2	2
1276	1419	41	42	3	2	2
1277	685	22	24	2	2	1
1278	952	21	24	3	2	2
1279	569	11	12	2	1	1
1280	883	35	37	1	1	1
1281	688	32	34	3	1	1
1282	1694	46	47	1	2	3
1283	763	39	42	3	2	2
1284	336	8	10	1	1	3
1285	1241	9	10	2	1	2
1286	1600	34	35	1	2	1
1287	236	11	12	2	1	1
1288	1227	37	40	2	2	3
1289	737	5	7	2	1	3
1290	1220	30	31	3	2	1
1291	590	28	31	2	2	1
1292	1358	15	17	3	1	3
1293	453	38	39	3	2	2
1294	756	27	29	2	2	1
1295	793	20	21	3	1	1
1296	733	43	46	3	2	1
1297	824	16	19	3	2	1
1298	1501	40	42	1	1	2
1299	748	2	4	2	1	3
1300	907	42	43	1	1	3
1301	509	41	44	1	2	2
1302	1723	30	31	1	1	1
1303	1439	1	4	1	2	3
1304	605	34	36	3	2	2
1305	789	27	28	2	1	3
1306	427	34	35	1	2	2
1307	180	20	22	1	2	2
1308	1378	18	21	3	2	3
1309	28	45	47	3	1	1
1310	33	46	49	1	2	1
1311	715	18	19	1	2	2
1312	951	19	20	1	1	3
1313	1505	6	7	2	1	3
1314	1734	11	13	2	2	3
1315	1223	41	42	1	2	1
1316	760	31	33	2	2	3
1317	707	30	31	1	2	1
1318	586	34	37	2	1	2
1319	56	30	33	3	2	3
1320	687	18	21	1	2	2
1321	494	34	37	2	1	1
1322	408	41	42	2	2	1
1323	1017	11	14	1	2	2
1324	805	15	17	3	2	3
1325	813	39	42	3	1	3
1326	999	16	18	1	2	2
1327	1115	28	29	1	2	1
1328	1459	3	6	2	2	1
1329	1578	35	38	1	2	1
1330	349	23	25	2	2	2
1331	153	29	31	2	1	1
1332	395	22	23	2	2	1
1333	1183	47	48	1	1	1
1334	1080	8	11	1	2	2
1335	523	10	12	1	1	2
1336	39	46	48	1	1	1
1337	723	21	24	2	2	2
1338	148	14	16	3	2	1
1339	233	27	29	1	2	1
1340	147	37	39	3	2	2
1341	241	40	41	1	1	3
1342	310	11	13	2	1	3
1343	1546	38	41	2	2	1
1344	22	3	5	2	2	2
1345	572	1	3	3	2	3
1346	622	2	3	3	2	1
1347	1110	33	36	1	2	3
1348	1765	5	6	2	1	1
1349	513	31	32	1	2	2
1350	167	29	31	1	1	1
1351	1366	42	44	3	2	1
1352	646	1	2	2	2	1
1353	443	5	8	1	2	3
1354	500	14	17	2	1	1
1355	875	35	37	3	1	3
1356	18	20	21	1	1	1
1357	1361	29	30	1	1	2
1358	305	31	32	1	1	3
1359	1525	2	3	2	1	2
1360	1570	45	47	3	2	3
1361	1190	31	33	1	1	3
1362	873	28	30	3	1	2
1363	832	45	48	1	2	1
1364	1158	12	14	1	2	3
1365	1618	11	14	2	2	1
1366	955	22	25	2	2	1
1367	1212	34	37	3	1	1
1368	1525	18	19	1	2	3
1369	1142	1	2	1	2	2
1370	896	42	45	3	1	1
1371	738	46	47	2	1	1
1372	1201	28	29	3	2	2
1373	1155	30	32	2	2	1
1374	709	19	22	2	1	3
1375	35	9	10	2	1	3
1376	642	24	27	1	1	3
1377	919	2	5	3	2	3
1378	341	10	11	3	2	1
1379	1298	35	36	2	2	3
1380	1696	30	31	2	2	2
1381	660	2	4	3	1	2
1382	1175	6	9	1	2	1
1383	1319	26	29	2	2	3
1384	70	1	4	1	1	3
1385	1067	43	46	2	1	3
1386	916	3	5	1	1	3
1387	469	24	26	2	1	3
1388	811	35	38	2	2	1
1389	1743	13	15	2	2	3
1390	200	38	41	1	1	3
1391	1545	4	5	3	1	2
1392	117	3	6	3	2	2
1393	1139	18	21	2	2	1
1394	1233	31	33	1	1	3
1395	1062	35	37	2	2	3
1396	775	21	24	3	2	2
1397	783	41	42	3	1	2
1398	125	43	44	2	2	2
1399	1435	6	9	3	1	3
1400	1748	43	44	1	2	2
1401	1188	36	38	1	1	1
1402	1674	37	38	1	2	2
1403	492	2	3	1	1	2
1404	1606	40	41	2	2	3
1405	1128	38	41	2	2	2
1406	1162	12	15	3	2	3
1407	106	23	24	3	2	1
1408	637	22	23	2	1	2
1409	796	16	17	1	1	3
1410	877	28	30	3	2	1
1411	1472	40	41	2	1	3
1412	719	44	45	2	2	2
1413	385	17	19	3	1	1
1414	1119	12	15	1	2	3
1415	1770	3	5	1	1	1
1416	958	25	26	1	1	3
1417	1680	10	12	2	2	1
1418	1669	46	47	3	1	1
1419	397	30	32	2	1	2
1420	1672	23	25	3	2	1
1421	1133	34	37	1	2	3
1422	741	12	13	2	2	1
1423	482	19	22	2	1	2
1424	1399	21	24	2	2	1
1425	1602	6	8	3	1	3
1426	630	13	16	3	2	1
1427	251	9	10	2	2	2
1428	669	44	46	1	2	1
1429	779	26	28	2	1	1
1430	497	38	40	3	2	2
1431	165	14	17	1	1	3
1432	468	43	44	2	1	3
1433	899	8	9	2	1	1
1434	566	34	37	3	1	3
1435	95	33	36	1	2	1
1436	676	32	35	1	1	2
1437	1267	8	9	2	2	3
1438	211	13	16	3	1	1
1439	599	41	44	3	2	1
1440	880	29	32	1	1	1
1441	1582	21	23	2	2	1
1442	34	15	18	3	1	1
1443	1232	23	26	3	2	1
1444	734	3	6	3	1	2
1445	484	37	38	2	2	3
1446	745	39	40	3	2	3
1447	1666	24	27	2	1	1
1448	1663	22	24	2	2	2
1449	657	6	8	1	2	3
1450	164	45	47	2	2	1
1451	363	6	7	1	2	2
1452	1762	37	39	2	2	1
1453	44	40	42	2	2	2
1454	325	31	33	3	1	1
1455	29	28	31	1	1	1
1456	1729	16	19	1	1	2
1457	1114	37	40	2	2	3
1458	1520	31	34	2	2	1
1459	1617	4	7	3	2	1
1460	727	33	36	3	1	1
1461	283	20	22	2	2	1
1462	442	41	44	3	1	1
1463	1085	11	12	2	2	1
1464	11	10	12	1	1	2
1465	225	44	46	2	1	2
1466	1593	36	37	3	1	3
1467	1705	43	46	1	1	2
1468	1566	40	43	3	2	3
1469	474	21	23	2	1	3
1470	1656	19	22	1	1	2
1471	196	9	11	1	1	2
1472	386	8	11	1	1	3
1473	13	37	38	3	2	1
1474	914	12	13	3	2	1
1475	63	2	5	1	2	1
1476	1609	5	7	1	1	3
1477	1487	39	42	2	2	1
1478	610	22	25	3	1	3
1479	542	32	34	1	2	1
1480	788	32	33	1	2	2
1481	912	33	34	2	2	1
1482	476	15	18	1	2	3
1483	1151	15	17	2	1	3
1484	645	8	9	3	2	3
1485	1568	25	27	1	1	1
1486	1522	23	24	2	2	2
1487	1715	14	15	2	2	3
1488	438	27	30	3	2	1
1489	228	14	16	1	1	3
1490	1601	40	41	3	1	1
1491	462	24	27	1	2	1
1492	532	15	16	1	2	2
1493	1077	11	14	1	2	1
1494	425	17	18	1	1	3
1495	1107	40	42	2	1	1
1496	1270	44	46	3	1	1
1497	860	23	24	2	1	1
1498	934	40	41	3	1	2
1499	700	16	17	2	2	3
1500	781	35	36	3	1	3
1501	904	41	42	3	1	3
1502	854	14	16	2	1	3
1503	634	14	16	1	1	2
1504	265	29	31	3	1	1
1505	1476	21	24	2	1	1
1506	406	39	40	1	2	1
1507	1573	28	31	1	1	1
1508	1375	11	13	2	1	1
1509	1000	2	3	3	2	3
1510	1438	1	4	1	2	3
1511	1134	32	33	2	1	1
1512	1157	26	27	1	2	3
1513	1665	6	9	1	1	3
1514	713	32	35	3	1	2
1515	1716	32	34	2	2	3
1516	221	8	10	3	2	2
1517	335	10	13	3	2	1
1518	16	12	15	3	1	3
1519	1277	39	42	2	1	2
1520	895	13	16	3	1	2
1521	1013	3	6	3	1	2
1522	242	17	20	3	2	2
1523	298	17	19	1	1	2
1524	722	14	15	3	1	2
1525	589	28	29	3	1	3
1526	122	14	15	2	2	2
1527	187	22	25	1	1	2
1528	1768	7	9	1	1	2
1529	1260	29	31	3	2	2
1530	843	19	22	2	1	2
1531	137	40	41	3	1	3
1532	127	12	13	2	1	3
1533	1502	20	21	2	1	2
1534	567	28	29	1	1	3
1535	1418	4	5	2	2	3
1536	124	8	11	2	1	3
1537	1318	27	29	3	2	2
1538	291	40	42	2	1	2
1539	1512	37	40	3	2	1
1540	1056	15	17	2	2	3
1541	1008	28	31	1	1	3
1542	686	23	25	1	2	1
1543	1657	15	16	1	2	2
1544	139	16	19	2	1	1
1545	1075	6	9	1	1	3
1546	1042	2	4	3	2	2
1547	226	40	42	2	2	2
1548	632	16	19	1	1	3
1549	1739	24	26	2	1	1
1550	597	21	23	2	2	3
1551	218	26	28	1	2	1
1552	234	24	25	1	2	3
1553	1171	33	36	1	1	2
1554	1767	7	10	3	1	1
1555	591	17	19	3	2	2
1556	534	12	15	2	2	3
1557	1251	9	11	1	2	2
1558	1774	44	45	2	2	1
1559	356	28	31	1	2	2
1560	1177	15	17	3	1	3
1561	576	25	28	1	1	2
1562	1728	3	5	2	2	1
1563	1514	28	30	2	1	3
1564	210	42	44	3	2	1
1565	1664	19	21	3	2	1
1566	104	45	46	2	2	2
1567	1390	10	12	2	2	2
1568	651	45	46	1	1	1
1569	1148	17	18	2	1	2
1570	1554	38	41	1	1	2
1571	219	17	19	2	2	2
1572	1291	44	46	3	2	2
1573	169	19	21	1	2	2
1574	750	43	45	3	1	1
1575	852	24	25	1	1	3
1576	1434	32	35	2	2	2
1577	928	23	25	3	1	3
1578	512	34	37	2	2	2
1579	1033	23	24	2	2	1
1580	488	34	35	3	2	3
1581	224	5	8	3	2	3
1582	91	38	39	2	2	3
1583	932	18	19	3	1	2
1584	207	9	10	3	2	1
1585	1222	2	5	2	1	1
1586	1687	23	26	2	1	3
1587	1584	40	41	2	1	2
1588	1482	32	35	1	1	1
1589	1367	19	21	3	1	2
1590	1761	7	9	1	2	2
1591	291	8	9	2	1	1
1592	362	4	5	2	1	3
1593	407	32	33	1	2	3
1594	702	26	28	1	1	3
1595	93	6	9	3	2	1
1596	387	28	29	1	1	3
1597	806	29	30	1	2	3
1598	89	28	29	3	2	1
1599	280	27	30	1	1	2
1600	1740	36	37	3	1	1
1601	89	6	9	3	2	1
1602	654	11	14	1	2	3
1603	600	13	15	3	1	2
1604	1660	21	22	3	1	2
1605	156	31	32	2	2	3
1606	216	24	26	2	2	2
1607	623	22	23	3	1	1
1608	368	38	40	2	1	1
1609	1028	21	23	2	1	2
1610	1319	23	26	3	1	2
1611	825	20	21	2	2	1
1612	599	22	23	2	1	1
1613	900	37	40	3	1	2
1614	556	26	28	1	1	2
1615	359	16	18	2	2	3
1616	850	17	18	2	1	3
1617	8	27	30	3	1	1
1618	588	42	44	2	1	1
1619	444	9	11	1	2	3
1620	405	46	47	2	2	2
1621	284	47	48	1	2	1
1622	1048	1	3	2	1	3
1623	1024	19	21	3	2	1
1624	857	24	27	1	2	3
1625	501	5	6	3	1	2
1626	389	3	6	3	1	3
1627	1471	1	2	3	1	2
1628	437	6	9	2	1	3
1629	1192	35	36	1	1	3
1630	950	22	23	2	2	1
1631	968	19	22	2	2	3
1632	1697	15	17	2	1	2
1633	984	31	34	2	1	3
1634	966	25	28	2	2	2
1635	726	11	13	1	1	1
1636	1400	18	19	2	2	2
1637	1444	19	20	3	1	3
1638	337	21	22	3	2	3
1639	269	3	4	2	2	3
1640	1473	31	32	2	2	1
1641	1536	17	19	1	2	1
1642	548	42	43	1	2	2
1643	1760	15	16	1	1	3
1644	1664	34	37	1	2	3
1645	537	32	35	1	1	3
1646	2	12	13	1	1	3
1647	864	26	28	2	2	3
1648	1413	13	14	1	1	2
1649	381	46	47	2	2	1
1650	1756	7	9	3	1	1
1651	268	37	39	1	1	1
1652	42	11	13	3	2	2
1653	493	33	34	3	2	1
1654	340	17	20	3	2	3
1655	522	22	23	3	1	1
1656	1030	14	16	1	1	2
1657	161	30	33	1	2	2
1658	45	42	43	1	2	2
1659	387	8	10	1	1	1
1660	553	45	46	3	2	3
1661	12	24	27	3	2	1
1662	51	35	36	3	1	1
1663	209	6	8	2	2	3
1664	1344	31	34	2	1	3
1665	825	21	22	1	1	2
1666	1726	34	37	1	1	3
1667	1495	7	9	1	2	1
1668	1449	32	33	2	1	1
1669	72	5	6	3	2	3
1670	1613	5	7	1	2	1
1671	937	44	47	2	2	1
1672	1216	28	31	1	1	3
1673	1366	33	36	1	1	1
1674	1527	12	13	3	1	1
1675	141	38	39	2	2	3
1676	948	15	17	3	2	1
1677	1061	9	11	2	1	2
1678	794	15	17	2	1	1
1679	1309	16	19	2	2	3
1680	21	12	13	2	2	1
1681	1402	35	38	1	2	2
1682	1670	39	42	2	2	1
1683	1675	9	10	1	2	3
1684	1211	43	44	1	2	2
1685	540	42	44	2	1	3
1686	1198	14	15	2	1	3
1687	1091	7	8	2	1	2
1688	608	6	9	2	1	1
1689	819	6	7	3	1	2
1690	1575	37	40	2	2	3
1691	944	22	24	2	2	2
1692	347	28	30	2	2	3
1693	1731	23	24	3	1	1
1694	1700	28	30	1	2	1
1695	616	19	20	2	2	3
1696	1443	34	36	1	2	1
1697	1714	33	34	2	2	2
1698	1410	29	30	3	1	1
1699	1323	19	22	2	2	2
1700	99	40	43	2	1	1
1701	862	3	5	2	2	3
1702	1029	17	19	3	1	2
1703	329	29	30	3	1	2
1704	133	6	9	3	2	1
1705	1426	42	44	2	2	1
1706	1169	25	27	3	1	2
1707	79	38	39	1	2	2
1708	516	30	32	3	1	1
1709	479	17	18	1	1	3
1710	1572	43	44	1	1	1
1711	461	34	37	2	1	1
1712	1546	8	9	1	1	1
1713	1528	11	12	2	1	2
1714	1742	6	7	2	1	3
1715	1722	32	35	2	2	2
1716	96	11	12	3	1	1
1717	1651	39	41	1	1	2
1718	455	31	33	2	2	1
1719	964	3	4	2	2	1
1720	452	6	7	2	2	3
1721	1699	29	32	1	1	3
1722	579	5	8	1	1	1
1723	1734	33	34	1	2	1
1724	1261	3	4	2	1	2
1725	1040	19	21	3	1	1
1726	134	9	12	3	1	2
1727	1662	9	11	1	1	1
1728	690	19	20	2	2	1
1729	1271	2	5	1	2	3
1730	1767	22	23	3	1	2
1731	181	45	47	2	1	1
1732	889	46	47	2	2	3
1733	1152	35	36	2	1	3
1734	92	44	46	2	1	3
1735	1759	47	49	1	2	3
1736	935	20	22	2	2	1
1737	1469	41	44	3	1	1
1738	980	27	30	2	1	2
1739	69	38	41	2	1	3
1740	1777	4	5	1	1	3
1741	659	37	40	3	1	3
1742	177	3	4	1	1	1
1743	1645	10	13	1	2	2
1744	329	45	48	2	1	2
1745	1299	4	5	1	1	1
1746	940	43	45	2	2	3
1747	105	25	27	3	1	1
1748	547	20	21	1	2	3
1749	1105	40	41	3	2	3
1750	1725	47	49	1	1	3
1751	652	35	38	1	1	3
1752	289	28	31	2	2	1
1753	1205	31	34	3	2	1
1754	440	43	44	2	2	3
1755	582	29	32	3	2	1
1756	507	19	22	3	2	2
1757	1637	11	13	3	1	3
1758	1641	16	18	3	1	3
1759	1713	38	39	2	1	3
1760	946	10	13	2	1	3
1761	1635	27	29	2	2	1
1762	345	22	23	2	1	1
1763	1430	46	48	2	1	2
1764	60	31	32	1	1	1
1765	414	19	20	3	1	2
1766	1245	26	29	2	1	3
1767	1043	36	39	1	2	1
1768	1247	23	26	1	2	1
1769	318	21	23	2	1	2
1770	581	31	34	2	1	2
1771	1343	41	43	1	2	1
1772	520	31	34	3	2	2
1773	1589	4	7	3	1	1
1774	1290	20	23	1	2	1
1775	1070	27	29	1	2	1
1776	192	25	28	3	2	3
1777	747	7	8	2	1	3
1778	1403	47	48	1	1	1
1779	626	9	12	1	2	3
1780	388	21	24	2	2	1
1781	1340	9	10	1	1	1
1782	1246	14	16	2	2	3
1783	1160	25	27	1	2	1
1784	1509	34	35	3	1	1
1785	446	35	38	2	2	1
1786	215	31	33	2	1	1
1787	274	14	15	2	2	1
1788	1441	8	10	1	2	2
1789	1278	37	38	3	2	3
1790	1032	45	46	2	1	3
1791	1053	14	15	3	2	1
1792	1126	31	33	2	2	3
1793	580	5	6	1	2	2
1794	1233	18	19	3	2	3
1795	697	1	4	1	2	2
1796	1237	36	38	3	2	2
1797	1577	27	30	3	2	3
1798	728	45	48	1	2	1
1799	1044	40	42	3	2	3
1800	992	5	6	1	2	3
1801	882	27	28	2	1	1
1802	1269	40	41	3	2	1
1803	1334	23	25	2	2	2
1804	1319	45	46	1	1	3
1805	263	35	37	1	2	2
1806	346	31	34	1	2	1
1807	449	16	17	1	1	2
1808	1397	6	8	3	2	1
1809	1555	23	26	1	1	1
1810	1084	9	11	2	1	1
1811	214	15	17	1	1	2
1812	1776	43	46	2	2	1
1813	1373	15	17	1	2	2
1814	1122	39	42	2	2	2
1815	1372	36	37	2	1	1
1816	867	30	32	3	2	2
1817	1213	7	10	2	1	2
1818	28	18	20	2	2	2
1819	468	34	35	1	2	1
1820	670	29	30	2	1	2
1821	417	45	48	1	1	2
1822	204	44	47	3	2	1
1823	361	25	27	2	1	3
1824	1752	5	8	3	2	1
1825	1395	16	17	3	2	1
1826	1142	26	28	2	2	3
1827	963	2	5	2	1	3
1828	1520	16	17	2	1	3
1829	103	18	21	2	1	1
1830	281	14	16	2	2	2
1831	418	22	23	3	2	3
1832	526	8	11	1	1	1
1833	613	1	3	1	1	1
1834	223	5	7	3	2	1
1835	451	27	28	2	2	2
1836	1619	4	7	3	1	2
1837	1049	34	35	2	1	1
1838	262	41	43	2	2	2
1839	47	15	16	1	1	2
1840	1282	29	32	1	1	3
1841	423	30	31	3	2	3
1842	220	22	25	2	2	2
1843	641	12	15	3	2	2
1844	246	40	42	3	2	3
1845	962	24	25	3	2	3
1846	1346	2	4	1	1	1
1847	903	36	39	3	2	3
1848	1398	24	25	3	2	2
1849	1294	12	13	2	1	2
1850	57	28	29	3	1	1
1851	453	45	46	3	2	1
1852	326	14	15	3	1	1
1853	762	12	15	2	2	1
1854	1214	40	42	2	2	3
1855	1041	41	44	2	2	2
1856	307	30	33	3	1	2
1857	797	19	20	3	1	3
1858	750	14	16	3	1	2
1859	62	36	38	1	2	1
1860	1038	22	23	1	2	1
1861	1749	35	38	3	1	3
1862	1594	36	37	2	1	1
1863	486	15	16	1	2	3
1864	1303	17	20	1	2	1
1865	405	14	17	1	1	2
1866	708	28	31	1	2	3
1867	801	41	44	2	2	2
1868	786	43	45	2	1	3
1869	1517	45	47	3	1	1
1870	1217	34	37	1	1	2
1871	847	15	18	1	1	2
1872	1754	10	11	2	1	1
1873	276	27	28	3	2	1
1874	1012	38	41	1	1	2
1875	1628	1	4	1	1	3
1876	1353	39	41	1	2	2
1877	837	25	28	1	2	3
1878	1338	8	10	2	1	1
1879	88	45	47	2	2	2
1880	594	22	24	1	2	3
1881	1402	12	14	2	2	2
1882	1644	31	34	2	2	1
1883	837	43	44	3	2	1
1884	1690	37	40	2	1	1
1885	1580	36	39	2	1	1
1886	678	6	9	1	2	3
1887	473	5	8	2	2	2
1888	923	29	32	3	1	3
1889	1253	41	42	2	2	2
1890	1605	8	11	3	1	1
1891	1295	24	25	1	2	3
1892	735	2	5	2	2	2
1893	863	27	29	2	2	2
1894	1307	7	8	2	2	2
1895	1571	46	47	1	2	1
1896	1234	15	18	2	2	3
1897	1406	26	29	2	2	3
1898	715	11	12	2	1	3
1899	248	44	45	1	1	3
1900	1098	26	28	2	2	2
1901	1149	45	47	2	2	2
1902	1324	8	9	1	2	2
1903	466	37	40	1	1	1
1904	266	23	25	1	1	2
1905	855	44	47	1	1	1
1906	938	10	12	2	1	3
1907	205	31	34	2	2	3
1908	478	44	45	2	1	2
1909	457	23	26	3	2	1
1910	1357	44	45	3	2	2
1911	1326	41	44	3	1	1
1912	1463	31	33	1	1	2
1913	1150	29	31	1	2	1
1914	1632	22	23	2	1	3
1915	1281	35	37	1	1	1
1916	222	2	4	3	2	1
1917	892	25	28	1	1	3
1918	1	43	45	1	1	2
1919	1706	34	37	1	1	1
1920	1552	31	34	3	2	1
1921	1231	6	9	1	1	1
1922	444	38	39	1	1	3
1923	409	35	37	2	2	3
1924	134	16	17	3	2	3
1925	94	18	21	3	2	3
1926	1129	18	20	1	2	1
1927	1597	28	31	1	2	2
1928	1099	18	21	2	1	2
1929	988	10	12	2	2	3
1930	1212	22	25	3	2	1
1931	584	1	4	2	1	2
1932	652	45	46	3	2	1
1933	159	39	40	2	2	3
1934	644	15	17	1	2	3
1935	1708	2	5	3	1	2
1936	446	44	46	2	2	1
1937	25	30	33	2	2	1
1938	1610	3	6	3	1	3
1939	1274	22	24	2	2	3
1940	1437	6	7	2	2	2
1941	666	9	12	1	2	1
1942	1698	23	26	2	1	2
1943	664	3	6	2	2	2
1944	497	42	43	2	1	1
1945	1462	20	21	3	2	3
1946	1457	33	35	1	1	1
1947	725	34	35	3	2	2
1948	154	17	19	2	1	2
1949	954	17	19	3	1	2
1950	602	40	43	3	2	2
1951	306	42	45	1	2	2
1952	1667	36	38	2	2	3
1953	1734	37	38	2	1	3
1954	1141	28	31	3	2	2
1955	465	36	38	1	2	2
1956	1535	14	17	2	2	3
1957	1055	8	9	2	2	1
1958	784	21	24	2	2	3
1959	502	20	22	1	2	1
1960	1100	25	28	2	1	3
1961	288	25	27	1	2	3
1962	1772	37	39	1	1	2
1963	853	37	39	2	1	1
1964	1551	40	41	1	1	2
1965	343	33	36	1	1	3
1966	1271	46	47	2	2	3
1967	1018	36	38	1	2	3
1968	1634	43	45	2	1	3
1969	770	32	35	3	1	3
1970	247	43	45	2	1	3
1971	1576	10	12	2	2	1
1972	1329	33	34	3	2	3
1973	1391	11	13	3	2	1
1974	1188	24	26	1	2	1
1975	1724	9	10	2	1	1
1976	1250	2	5	2	1	3
1977	830	24	27	1	2	3
1978	809	1	4	3	1	3
1979	587	8	9	2	1	3
1980	294	6	8	2	1	1
1981	296	26	27	2	1	1
1982	264	45	48	1	2	3
1983	259	39	40	1	2	1
1984	1127	17	18	2	2	2
1985	1203	18	21	3	2	2
1986	1317	12	14	3	2	3
1987	1458	40	42	1	2	2
1988	769	42	44	3	1	1
1989	1605	29	30	1	1	2
1990	1249	18	20	1	2	1
1991	151	22	23	2	2	2
1992	807	36	39	3	2	3
1993	523	23	26	2	1	1
1994	376	21	22	2	1	2
1995	185	27	29	3	2	1
1996	1587	9	12	3	2	1
1997	1181	40	42	3	2	2
1998	743	31	34	1	2	1
1999	905	27	29	2	1	3
2000	47	21	23	2	1	1

