DATASET = ORTEC-hidden instance set VeRoLog competition
NAME = tools over vehicle days over vehicles over distance with 2000 requests over 50 days

DAYS = 50
CAPACITY = 30
MAX_TRIP_DISTANCE = 16000
DEPOT_COORDINATE = 0

VEHICLE_COST = 3000
VEHICLE_DAY_COST = 300000
DISTANCE_COST = 1

TOOLS = 5
1	6	64	50000000
2	6	54	10000000
3	6	58	20000000
4	12	52	20000000
5	3	68	20000000

COORDINATES = 1786
0	5445	2890
1	8284	6131
2	8647	6144
3	4396	6145
4	8073	6145
5	9133	6146
6	5534	6148
7	7946	6158
8	9327	6163
9	3505	6165
10	8025	6165
11	9067	6166
12	7802	6168
13	3666	6175
14	8736	6181
15	8922	6183
16	9060	6185
17	9432	6187
18	9445	6188
19	4263	6192
20	9037	6199
21	8565	6203
22	7470	6207
23	7461	6220
24	8339	6227
25	7650	6229
26	8929	6147
27	7638	6238
28	8952	5934
29	7527	6249
30	6373	6250
31	8153	6153
32	7679	6273
33	7082	7537
34	7526	6281
35	3475	6309
36	8183	6309
37	7511	6317
38	6685	7938
39	3410	6163
40	8157	6164
41	4058	6337
42	8195	6360
43	7651	6376
44	3548	6393
45	6329	6398
46	8518	6398
47	8647	6413
48	3943	6418
49	7399	6437
50	8599	6447
51	6812	6463
52	7458	6469
53	8424	6471
54	8236	6478
55	3459	6483
56	9134	5131
57	4351	6492
58	3929	6497
59	8080	6500
60	7526	6513
61	6460	6518
62	7909	6520
63	3777	6522
64	3961	6524
65	7608	6543
66	8212	6547
67	7500	6549
68	4263	4198
69	7423	6562
70	4435	4200
71	7171	6573
72	6761	6579
73	7349	6589
74	7548	6593
75	5939	8213
76	7504	6604
77	7125	6613
78	6967	6618
79	3341	6625
80	7227	6628
81	8872	6631
82	3543	6639
83	7317	6644
84	8616	6645
85	7590	6648
86	7888	6657
87	7861	6665
88	7563	6671
89	7817	6678
90	8642	6679
91	8716	6680
92	7770	6681
93	4236	6223
94	7022	6693
95	3748	6694
96	8771	6702
97	4002	6707
98	8388	6713
99	7743	6715
100	7907	6721
101	4534	4226
102	7978	6724
103	3567	6727
104	8479	6736
105	7819	6739
106	8701	6741
107	8604	6749
108	7758	6775
109	3828	6788
110	3330	6790
111	8747	6798
112	7689	6803
113	7941	6807
114	7125	6814
115	7558	6823
116	8320	6828
117	8581	6835
118	8153	6845
119	6392	6854
120	4140	6859
121	3787	6868
122	4281	4251
123	8480	6887
124	4033	6892
125	4010	6896
126	7785	6896
127	8389	6898
128	8118	6904
129	8492	4258
130	4574	6917
131	8451	6924
132	7439	6934
133	4676	6935
134	4007	6944
135	4557	6945
136	8490	6946
137	3835	6956
138	7531	6959
139	3957	4266
140	8041	6960
141	7794	6961
142	6777	6969
143	7514	6970
144	9267	6971
145	8598	6976
146	8412	6979
147	7259	6981
148	7432	6981
149	8725	6989
150	8426	6993
151	9177	6997
152	7185	7000
153	6831	7004
154	3940	7006
155	9155	7015
156	4290	7026
157	8678	7028
158	6395	4278
159	7485	7033
160	6925	7034
161	8134	7035
162	8754	7035
163	4570	7041
164	6554	7059
165	4795	7071
166	6173	4285
167	8919	7079
168	8052	6289
169	3995	7081
170	3680	7083
171	8492	7090
172	4505	7093
173	8018	7095
174	8766	7097
175	7642	7100
176	7533	8296
177	5886	7106
178	4528	2361
179	9316	7132
180	4694	5216
181	4382	7144
182	4507	7150
183	7531	7155
184	8138	7158
185	8916	7159
186	4418	7167
187	8646	7168
188	6830	7174
189	7915	7177
190	8774	4302
191	4491	7183
192	6502	4304
193	7688	7192
194	7493	7196
195	8875	7199
196	7249	7200
197	3936	7201
198	9326	7209
199	3975	7219
200	7424	7221
201	4032	7222
202	9179	7229
203	4147	7233
204	7594	7240
205	4219	7248
206	7625	7259
207	8798	7261
208	4913	7263
209	4918	7264
210	8387	7264
211	3447	7271
212	4042	7271
213	8813	7274
214	8513	7277
215	6795	7280
216	3527	7281
217	3762	7285
218	5851	7285
219	8268	7290
220	4120	7298
221	6719	7299
222	7667	7301
223	8835	7302
224	6610	316
225	4054	7307
226	7006	7311
227	4260	7316
228	6689	7320
229	7793	7324
230	4062	7325
231	8018	7325
232	7695	7326
233	7480	7327
234	6671	7329
235	7521	7330
236	4965	4328
237	8524	7336
238	7060	7337
239	8264	4329
240	7596	7344
241	9425	7345
242	7516	7358
243	7332	7359
244	3779	7367
245	7160	8774
246	6382	7381
247	6583	7389
248	7256	7390
249	8268	7391
250	7228	7400
251	8351	7401
252	8050	7403
253	6549	2338
254	4309	7427
255	3841	7443
256	8652	7474
257	8543	4351
258	8288	7476
259	7678	7478
260	6845	7488
261	8710	7489
262	6799	7516
263	3832	7518
264	6547	7528
265	3680	7538
266	6994	7542
267	6970	7551
268	2418	4366
269	6595	7558
270	7700	7563
271	3785	7564
272	8055	4366
273	7763	7592
274	7296	7609
275	8553	7610
276	8349	7616
277	7920	7617
278	3908	7618
279	6194	7618
280	3797	4780
281	6941	7620
282	9386	7636
283	7400	8386
284	6346	7655
285	7994	7657
286	7501	7663
287	6250	7672
288	6321	7684
289	5733	7684
290	9475	7692
291	7080	7704
292	9723	8785
293	5583	7717
294	9507	7718
295	5921	7729
296	9558	7735
297	5806	7737
298	5820	7749
299	8167	7751
300	8167	7755
301	7282	7760
302	5429	7774
303	6652	6406
304	3530	7785
305	7088	7791
306	8012	7810
307	5674	7813
308	6963	7815
309	7019	7824
310	8287	7828
311	7162	7830
312	8414	7831
313	8825	7834
314	6202	7847
315	6582	7853
316	4172	7856
317	5380	7857
318	9154	7858
319	8403	7862
320	6816	7868
321	8706	7868
322	9143	7872
323	5448	7874
324	8300	7876
325	6747	7878
326	6094	7880
327	7192	7889
328	7123	7911
329	7083	7920
330	6875	7921
331	6012	7928
332	6454	7942
333	5440	7964
334	6695	7969
335	7372	7970
336	8401	4435
337	6127	7977
338	7422	7978
339	5364	7980
340	5995	7984
341	8654	7998
342	6902	7999
343	7514	8000
344	8227	8000
345	8549	8004
346	6624	8005
347	8197	5593
348	8219	8022
349	9453	8026
350	9276	8030
351	3460	4446
352	7331	8046
353	7878	8047
354	6370	8066
355	9339	8072
356	8891	8458
357	7075	8078
358	6001	8084
359	7667	8088
360	7429	8108
361	8466	4458
362	5562	8126
363	7790	8133
364	6210	8134
365	6093	8138
366	3619	4463
367	7581	8143
368	5563	8146
369	7561	8156
370	6126	8158
371	5920	3197
372	7140	8171
373	6807	9601
374	7266	8179
375	6232	8181
376	5908	8186
377	6402	8188
378	6272	8193
379	5695	8198
380	5736	8480
381	8551	8210
382	5690	8237
383	6278	8249
384	9188	8250
385	6307	8255
386	6102	8261
387	6896	8263
388	5329	8490
389	5492	8268
390	6135	8270
391	5913	8272
392	7643	8492
393	5405	8282
394	7753	8293
395	6742	8297
396	7187	8299
397	5267	4402
398	7793	8306
399	5391	8312
400	7087	8313
401	9918	8316
402	6810	8318
403	5818	8320
404	7174	8333
405	6879	8342
406	9951	8345
407	6499	8347
408	7752	8348
409	7840	8349
410	7696	8506
411	5467	8372
412	7505	8376
413	6537	8376
414	5352	8384
415	3673	8387
416	9358	8387
417	9773	8392
418	5612	8399
419	3823	8403
420	5341	4406
421	8841	8408
422	6630	8410
423	6372	3525
424	5646	8426
425	8047	8427
426	9119	7608
427	3616	8441
428	8025	8443
429	3787	8446
430	5835	8446
431	7839	4515
432	5964	8460
433	8461	8465
434	6384	8467
435	7396	8471
436	6748	8525
437	7010	8479
438	8238	4664
439	7814	8487
440	8754	8488
441	6269	8490
442	7296	8495
443	2645	2519
444	6181	8500
445	7919	8510
446	4001	6528
447	6834	8524
448	8440	7612
449	6846	8539
450	8152	8539
451	5572	8542
452	5571	8559
453	6693	8562
454	5669	8565
455	6112	8569
456	9659	8571
457	6041	8573
458	7761	8578
459	5809	8591
460	3933	8596
461	4575	4539
462	6697	8605
463	5591	8615
464	7679	8619
465	7303	8620
466	6109	8620
467	7525	8623
468	6391	8625
469	6454	8626
470	7446	8632
471	3770	8634
472	8441	8637
473	7922	8638
474	9047	8646
475	6976	8647
476	8989	8651
477	6508	8654
478	9667	8656
479	7520	8657
480	7753	8668
481	9267	8678
482	6173	8685
483	7899	8687
484	9861	8690
485	8277	8691
486	6514	8692
487	9485	6016
488	6897	8699
489	6430	8705
490	3714	6563
491	6866	8728
492	7001	8729
493	7540	8738
494	8984	8738
495	6378	8739
496	3796	4564
497	5876	8760
498	6924	8785
499	8074	8793
500	5738	8797
501	6014	8800
502	7723	8802
503	6098	8803
504	6430	8818
505	8642	4576
506	5915	8831
507	7525	8833
508	7774	8835
509	5815	8835
510	9389	8844
511	6045	8847
512	7589	8862
513	5486	8866
514	8673	4583
515	5921	8867
516	7056	8868
517	7080	8889
518	6119	8894
519	7669	8895
520	7080	8895
521	9051	8898
522	5928	8899
523	5875	8909
524	4006	2588
525	8907	8917
526	6692	8918
527	5847	8924
528	3764	6597
529	5382	8927
530	6720	8932
531	5714	8936
532	7814	8948
533	5973	8965
534	7374	8967
535	7502	8971
536	9179	8986
537	3750	8611
538	6852	8990
539	7531	8998
540	7100	9003
541	6190	9004
542	9921	9006
543	7955	9014
544	5720	8615
545	7117	9020
546	7965	9022
547	6250	8616
548	6773	9031
549	8086	9036
550	7862	9053
551	8830	9056
552	5791	9069
553	5949	9081
554	5600	9085
555	7360	9085
556	5171	4620
557	8185	9094
558	6446	9097
559	9670	9100
560	6924	9106
561	8214	9108
562	9254	9110
563	6136	9113
564	6860	6628
565	9573	9115
566	6048	9127
567	9700	9138
568	6401	9142
569	7590	9146
570	6326	9161
571	7291	9166
572	9323	9167
573	8561	4633
574	6233	9170
575	8943	9171
576	8498	9172
577	7976	9174
578	9737	8641
579	6177	9177
580	4773	2633
581	6597	9188
582	5988	9191
583	8601	7633
584	6879	9200
585	7455	9202
586	6334	9203
587	6904	9206
588	7311	9208
589	7928	9209
590	6310	9217
591	7537	4643
592	8625	9230
593	5700	8653
594	8697	9241
595	6827	8654
596	7212	9250
597	6916	9258
598	7213	4649
599	8364	9260
600	7966	9261
601	6487	7471
602	6141	9271
603	6498	9276
604	7170	9290
605	8732	9290
606	6420	9295
607	8998	4434
608	8185	9296
609	6956	9298
610	7767	9300
611	6488	9308
612	6855	9309
613	7344	9321
614	8625	9329
615	7564	9333
616	6389	9338
617	9096	9341
618	8838	9345
619	6759	9346
620	8541	9347
621	8890	9349
622	7421	9352
623	7074	9359
624	6973	9360
625	6550	9360
626	6655	9373
627	8972	9381
628	8326	9384
629	7171	9389
630	4579	2668
631	7693	6675
632	9039	9396
633	7093	9401
634	8226	9403
635	8564	9426
636	4059	4678
637	8593	9433
638	8797	9433
639	8580	9450
640	8524	9452
641	8301	9455
642	7189	9460
643	6681	9464
644	2564	4441
645	7091	9474
646	9152	9482
647	6758	9490
648	7813	9492
649	7784	9501
650	7171	9503
651	7102	9504
652	9170	9505
653	8350	6693
654	8427	4693
655	6941	9533
656	5608	2694
657	8286	9586
658	4188	4705
659	7115	9598
660	5558	4706
661	8444	9601
662	8981	9605
663	3842	2705
664	3191	2709
665	5076	9654
666	8520	9654
667	6273	2714
668	4126	5249
669	5162	2737
670	6089	9815
671	3835	2740
672	3398	6750
673	8337	4748
674	6165	9863
675	6364	9869
676	4752	4751
677	4876	2757
678	4894	4762
679	6585	2759
680	9481	8059
681	7182	8773
682	8912	7259
683	9509	8781
684	6901	8785
685	5486	4780
686	6160	2782
687	5211	2784
688	5901	8800
689	4218	4596
690	8071	4798
691	8237	4799
692	8620	4801
693	3616	4804
694	7219	4810
695	7520	4820
696	2302	2818
697	5805	2825
698	8467	6833
699	6629	2834
700	3848	4472
701	3257	2842
702	7035	2843
703	4707	4475
704	8392	4875
705	3688	4077
706	2466	2862
707	6552	8875
708	3854	4869
709	5866	2877
710	8770	6891
711	4001	6894
712	7714	4890
713	2770	4894
714	2963	2893
715	2023	2893
716	3564	4899
717	2788	4905
718	6620	8490
719	7810	8924
720	7304	2919
721	8748	4931
722	7935	6950
723	3027	2894
724	6405	6961
725	7500	6962
726	7076	2956
727	5996	2959
728	8374	6099
729	7025	4981
730	5805	2980
731	8627	4988
732	7955	6993
733	8308	6105
734	9142	7004
735	7724	6506
736	3580	5011
737	8019	5308
738	7960	5021
739	3845	5024
740	6140	5025
741	5293	3037
742	7352	4303
743	8102	9316
744	9071	6115
745	8490	7055
746	4356	4520
747	6818	2519
748	9007	5085
749	7342	5098
750	3011	3096
751	4676	3104
752	5897	3112
753	6650	48
754	6677	3113
755	6863	49
756	6876	54
757	8168	4127
758	6395	66
759	6355	73
760	6536	79
761	4282	6546
762	5431	5123
763	3966	4530
764	6405	119
765	8718	6132
766	8049	9142
767	7619	7140
768	6262	220
769	8548	5334
770	6502	226
771	6539	278
772	7499	9166
773	9085	5164
774	6886	9093
775	6755	358
776	6003	401
777	4384	4541
778	6208	447
779	4509	3186
780	4867	3186
781	6417	498
782	9066	7200
783	7777	9207
784	6165	555
785	2500	3199
786	8064	5203
787	4007	5209
788	3641	5210
789	6286	633
790	3687	7222
791	8794	5224
792	6560	718
793	7400	5229
794	6732	770
795	7131	5238
796	9052	7245
797	6828	811
798	4108	3245
799	4690	2954
800	7353	7259
801	1168	2957
802	8778	7271
803	8268	5273
804	9093	5274
805	7347	9287
806	6956	7284
807	6297	1062
808	7842	5287
809	5618	3292
810	8764	6164
811	4293	7307
812	6405	1175
813	7567	7311
814	6471	1223
815	6605	9320
816	7399	9323
817	6485	1246
818	7366	7320
819	7038	5317
820	6814	1256
821	6461	6170
822	9049	7332
823	6936	3326
824	6483	3338
825	8141	5344
826	7065	5347
827	7140	1438
828	3679	5352
829	6933	1470
830	6576	7359
831	4207	3355
832	7682	4576
833	6692	1590
834	6486	1602
835	6971	1606
836	8730	5379
837	6203	1627
838	6027	1643
839	6005	1647
840	6208	1653
841	6726	1653
842	6947	1662
843	7576	5386
844	6578	1665
845	8062	5386
846	5138	4182
847	7638	5783
848	6461	1741
849	6499	7403
850	4679	2983
851	5661	3402
852	3023	5412
853	6938	7417
854	7105	1845
855	7872	6589
856	1077	1868
857	5114	1882
858	6550	1915
859	1504	1918
860	1796	2589
861	5718	1925
862	5782	1934
863	6401	1936
864	8884	6191
865	5114	1949
866	5754	1953
867	6503	1958
868	5884	1980
869	1023	1995
870	5226	2015
871	8443	9455
872	6185	2057
873	1909	2058
874	5497	2058
875	5913	2068
876	6005	2069
877	5882	2071
878	6700	2076
879	6245	2082
880	7170	2093
881	6200	2108
882	26	2121
883	8935	7467
884	5489	2130
885	5758	2132
886	6095	2140
887	6318	2152
888	6286	2152
889	6175	2158
890	4845	2184
891	6085	2191
892	6339	2191
893	6319	2204
894	6138	2209
895	7531	4599
896	8824	5800
897	4850	2222
898	6237	2230
899	6089	2231
900	5939	2232
901	6104	2234
902	6426	2248
903	6351	2277
904	5015	2277
905	6272	2278
906	4842	2284
907	7845	5491
908	4809	2300
909	6484	2315
910	5113	2317
911	6251	2318
912	4611	2324
913	9166	5499
914	4729	2340
915	2043	2355
916	9359	5502
917	4678	2366
918	6311	2370
919	6531	2371
920	6841	7511
921	7352	2410
922	6342	2417
923	7785	5512
924	9396	5516
925	5016	2457
926	7621	5520
927	2022	2469
928	6888	7525
929	1837	2478
930	9553	5809
931	2645	2485
932	3319	2493
933	4539	2507
934	6519	7987
935	3061	2518
936	2454	2523
937	5950	2538
938	3932	2542
939	6911	2548
940	8117	7537
941	4182	2562
942	6003	2570
943	3331	2575
944	3385	2580
945	3995	2608
946	2839	2624
947	916	2637
948	6259	2641
949	6291	2645
950	4158	2649
951	6730	2658
952	4863	2665
953	5047	2681
954	6219	2688
955	4832	3555
956	6208	2695
957	3918	2697
958	4201	2698
959	5661	2702
960	2608	2705
961	2853	2709
962	6225	2721
963	4894	2727
964	7558	5565
965	4552	2736
966	419	2743
967	3415	2753
968	2963	2769
969	2893	2770
970	4629	2774
971	4954	2774
972	4260	3568
973	4703	2784
974	4254	2785
975	2955	2789
976	2934	2794
977	4087	2799
978	7417	2810
979	4940	3575
980	4899	2816
981	6053	2817
982	7105	2830
983	8105	7822
984	4864	2840
985	369	2841
986	2256	2843
987	4065	2844
988	6425	2845
989	6051	7587
990	5831	2850
991	2481	2854
992	6469	2855
993	327	2861
994	3698	2865
995	4052	2866
996	4000	2869
997	4810	2880
998	4081	2881
999	3219	2892
1000	300	2895
1001	6584	2905
1002	3546	2907
1003	5424	3590
1004	5856	2911
1005	5832	2912
1006	2616	2916
1007	323	2919
1008	2316	2921
1009	3420	6225
1010	6134	2921
1011	5436	5023
1012	5746	2926
1013	4889	2930
1014	6388	2930
1015	3421	2943
1016	5788	2949
1017	5168	2950
1018	5958	2959
1019	2974	2961
1020	5325	2964
1021	1948	2976
1022	3946	2977
1023	4633	2982
1024	5281	2988
1025	5140	2996
1026	4156	3000
1027	5669	3011
1028	8507	5611
1029	6260	3014
1030	2210	3015
1031	6327	3031
1032	5560	3033
1033	3886	3042
1034	6799	3049
1035	6611	3055
1036	6455	3060
1037	4990	3065
1038	5553	3074
1039	5911	3075
1040	6121	3088
1041	6241	3090
1042	5493	3090
1043	6373	3091
1044	4019	3097
1045	4686	3104
1046	6659	3107
1047	5104	3110
1048	6498	3111
1049	8196	5629
1050	6878	3123
1051	5527	3127
1052	4933	3128
1053	3159	3131
1054	7837	5631
1055	4194	3137
1056	3207	3138
1057	4652	3160
1058	4660	3165
1059	6649	3178
1060	5628	3188
1061	4184	3190
1062	1696	3193
1063	6110	3196
1064	4527	3199
1065	5584	3210
1066	6592	3219
1067	6673	3226
1068	4917	3231
1069	6511	3239
1070	6685	3241
1071	1530	3242
1072	6560	3246
1073	6508	3249
1074	2953	3252
1075	3482	3252
1076	5259	3260
1077	3699	3268
1078	4037	3276
1079	5138	3278
1080	5653	3287
1081	2898	3293
1082	5487	5036
1083	2914	3309
1084	7117	3310
1085	4811	3311
1086	2345	3314
1087	6821	3326
1088	3761	3332
1089	4192	3332
1090	2322	3334
1091	1369	3341
1092	7582	8640
1093	6372	3342
1094	6413	3344
1095	1605	3347
1096	4321	3350
1097	1756	3355
1098	5574	3355
1099	1397	3361
1100	3982	3373
1101	4811	3375
1102	5346	3377
1103	1738	3392
1104	4093	3395
1105	4855	3400
1106	5437	3405
1107	5230	3408
1108	7682	5677
1109	4048	3414
1110	5594	3429
1111	6679	3430
1112	6531	3432
1113	5518	3444
1114	1365	3451
1115	6165	3466
1116	4499	3475
1117	5481	3481
1118	5580	3484
1119	4208	3490
1120	4078	3490
1121	6002	3491
1122	9028	5691
1123	4675	3517
1124	5686	3519
1125	5819	4243
1126	6924	3531
1127	8674	6645
1128	4412	3537
1129	4666	3546
1130	6284	3554
1131	4150	3555
1132	3196	3575
1133	4724	3577
1134	6316	3703
1135	5826	3587
1136	7931	5711
1137	6380	3612
1138	4308	3617
1139	5926	3629
1140	6061	3629
1141	5472	3630
1142	5262	3644
1143	6163	3645
1144	8838	5716
1145	6385	3652
1146	5230	3683
1147	4697	3696
1148	6134	3705
1149	3056	3708
1150	6760	7731
1151	4791	3712
1152	2458	3726
1153	9177	5732
1154	6251	3742
1155	4262	3745
1156	6079	3748
1157	5804	3750
1158	6021	3762
1159	1809	3765
1160	6260	3774
1161	5567	3776
1162	1739	3785
1163	1799	3791
1164	2458	3796
1165	5563	3805
1166	4413	3811
1167	5792	3741
1168	8509	7747
1169	6436	3815
1170	4503	3820
1171	4463	3829
1172	4997	3839
1173	5344	3846
1174	4146	3857
1175	6377	1746
1176	4069	3867
1177	6410	7757
1178	1432	3870
1179	3992	5055
1180	1312	3885
1181	1546	3895
1182	2948	3902
1183	5904	3905
1184	4306	3908
1185	4396	3910
1186	5891	3940
1187	4567	3950
1188	4454	3953
1189	4912	3957
1190	9140	5769
1191	6115	3966
1192	2203	3967
1193	5937	3970
1194	1895	3975
1195	2174	3979
1196	3615	3990
1197	5485	3991
1198	3709	3991
1199	3817	3996
1200	6143	4013
1201	5512	4016
1202	7294	4016
1203	2322	4020
1204	6652	4024
1205	4635	4025
1206	3831	4027
1207	7830	4029
1208	1906	4033
1209	4671	4036
1210	5656	4036
1211	3497	4042
1212	3044	3781
1213	3952	4053
1214	4248	4055
1215	7879	4060
1216	5193	4061
1217	2018	4062
1218	2219	4066
1219	5727	4070
1220	3825	4076
1221	3705	4081
1222	3524	4086
1223	3573	4097
1224	4480	4104
1225	3679	4106
1226	7987	4125
1227	3945	4135
1228	3515	4138
1229	4805	4140
1230	4139	4141
1231	5277	3796
1232	3730	4143
1233	4076	4147
1234	3337	4148
1235	9112	5800
1236	5219	4149
1237	3760	4155
1238	8289	4162
1239	3690	4168
1240	3932	4170
1241	4125	4172
1242	3474	4177
1243	4037	4178
1244	3633	4180
1245	6091	4197
1246	6808	4200
1247	3949	4201
1248	4297	4202
1249	6457	4206
1250	4002	4212
1251	4133	4214
1252	4864	4216
1253	4132	4221
1254	8167	4226
1255	5168	4227
1256	3426	4229
1257	4320	4234
1258	4740	4235
1259	4339	4237
1260	8112	4237
1261	8106	4239
1262	3481	4242
1263	8068	4242
1264	4899	4246
1265	7235	4248
1266	4472	4249
1267	3702	4251
1268	4446	4255
1269	3624	4256
1270	5043	4258
1271	8250	4258
1272	4962	4265
1273	3984	4269
1274	8842	4271
1275	4108	4274
1276	8295	5821
1277	8350	4277
1278	2383	4282
1279	4280	4286
1280	5599	4293
1281	5347	7828
1282	6222	4296
1283	4291	4301
1284	7325	7830
1285	4444	4308
1286	8644	4308
1287	4174	4310
1288	5190	4312
1289	8618	4312
1290	4712	4313
1291	8714	4317
1292	4095	4323
1293	4395	4324
1294	4526	4333
1295	6580	4336
1296	4765	4338
1297	4294	4338
1298	5363	4342
1299	6020	4344
1300	3957	4345
1301	4039	4348
1302	4491	4349
1303	7954	4351
1304	3298	4352
1305	4468	4356
1306	5384	4357
1307	6010	4359
1308	8227	4236
1309	4442	4363
1310	2493	4371
1311	2327	4373
1312	2573	4376
1313	6151	4382
1314	3308	4383
1315	8396	4384
1316	9151	5839
1317	8598	4389
1318	7943	4390
1319	4723	4397
1320	3431	4405
1321	8607	4407
1322	8871	4408
1323	2480	4409
1324	6748	4417
1325	7011	4418
1326	5375	4421
1327	3837	4423
1328	4207	4424
1329	8317	4425
1330	4373	4429
1331	3724	4430
1332	3982	4433
1333	9054	4440
1334	2467	4446
1335	2720	4446
1336	8270	4449
1337	3617	4450
1338	4986	4459
1339	7379	4460
1340	4254	4465
1341	8115	4471
1342	7121	4475
1343	7960	4482
1344	3527	4490
1345	3764	4491
1346	4838	4494
1347	9356	5859
1348	7063	4504
1349	4325	4505
1350	4663	4506
1351	8517	4506
1352	2755	4517
1353	5311	4522
1354	8692	4523
1355	5014	3076
1356	8078	4531
1357	7510	4536
1358	5218	4538
1359	8844	4539
1360	7209	4540
1361	5793	4543
1362	4855	4545
1363	4415	4550
1364	7928	4553
1365	8568	4564
1366	7897	4568
1367	4116	4572
1368	4381	4572
1369	8578	4575
1370	4145	4579
1371	8345	4583
1372	3709	4590
1373	5134	4591
1374	4899	4595
1375	3365	4596
1376	7448	8682
1377	7703	4604
1378	8554	4614
1379	4630	4616
1380	8611	4616
1381	4931	4622
1382	8392	4630
1383	8578	4631
1384	8438	4634
1385	5202	4638
1386	4814	4639
1387	8295	4645
1388	8795	4647
1389	7869	4655
1390	8180	4658
1391	8472	4663
1392	8426	4669
1393	5010	4672
1394	3777	4677
1395	4075	4682
1396	4741	4683
1397	5479	4689
1398	8697	4690
1399	3947	4691
1400	7987	4698
1401	7460	4704
1402	4858	4712
1403	6262	8001
1404	7917	5895
1405	8302	4721
1406	6102	7900
1407	4065	4725
1408	8356	4729
1409	5125	5897
1410	8571	4731
1411	4299	4746
1412	8013	4746
1413	7984	4748
1414	7235	4750
1415	8375	4752
1416	3771	4758
1417	8500	4765
1418	8687	4770
1419	5280	4771
1420	8152	4773
1421	4826	4779
1422	8586	4779
1423	8572	4781
1424	6926	5486
1425	7172	4789
1426	7702	4789
1427	4091	4791
1428	5674	4792
1429	7526	4796
1430	4309	4799
1431	8422	4804
1432	5513	4806
1433	4074	4807
1434	7571	5910
1435	7691	4810
1436	8396	4813
1437	7502	4816
1438	8120	4823
1439	8650	4823
1440	3990	4825
1441	7466	8289
1442	8605	4832
1443	5333	4836
1444	5414	4840
1445	8365	4841
1446	3547	4843
1447	3810	4846
1448	4226	4848
1449	4762	4854
1450	5443	4856
1451	7127	4857
1452	4733	4860
1453	4086	4864
1454	3832	4865
1455	2930	4876
1456	3566	4891
1457	5563	4892
1458	3480	4902
1459	4044	4904
1460	8326	4910
1461	3173	4916
1462	3216	4917
1463	7748	4918
1464	4191	4927
1465	8778	4931
1466	7525	4933
1467	7209	4936
1468	4777	4936
1469	6987	4944
1470	8522	4944
1471	5385	4947
1472	8055	4949
1473	3850	4952
1474	8762	4951
1475	4110	4953
1476	3560	4953
1477	4264	4953
1478	5405	4955
1479	3954	4958
1480	3606	4959
1481	7949	4959
1482	8173	4962
1483	5430	4966
1484	2600	4973
1485	2891	4976
1486	3663	4984
1487	8566	4987
1488	3225	4991
1489	3726	4994
1490	7788	4994
1491	3053	5000
1492	7015	5942
1493	6011	5001
1494	3005	5004
1495	3810	5006
1496	5366	5008
1497	5498	5010
1498	8203	5017
1499	8090	5019
1500	3007	5025
1501	7978	5031
1502	7583	5040
1503	3587	5041
1504	8149	5047
1505	8336	5051
1506	5336	7955
1507	7921	5052
1508	8331	5067
1509	8184	5067
1510	3826	5073
1511	3303	5077
1512	5503	5084
1513	5456	5091
1514	8166	5093
1515	8750	5093
1516	2834	4696
1517	9043	5097
1518	4114	5099
1519	8896	5101
1520	4105	5108
1521	4654	5111
1522	4224	5120
1523	8743	5120
1524	3517	5121
1525	3882	5125
1526	3525	5130
1527	3580	5134
1528	5417	5135
1529	3304	5148
1530	4031	5151
1531	9145	5151
1532	3309	5153
1533	5459	5155
1534	7418	7900
1535	9329	5498
1536	2758	5175
1537	5121	5184
1538	7708	5185
1539	7851	5190
1540	4919	5193
1541	4273	5194
1542	7542	5196
1543	9245	5197
1544	7686	5204
1545	4179	5214
1546	3556	5216
1547	3184	5216
1548	8460	5216
1549	4264	5218
1550	4024	5218
1551	5004	4299
1552	4171	5231
1553	8533	5238
1554	7767	5239
1555	8195	5242
1556	8421	5247
1557	7365	5248
1558	7838	5248
1559	3161	5249
1560	8622	5252
1561	5187	5258
1562	4045	5259
1563	7295	5262
1564	4142	5263
1565	4192	5265
1566	8964	5270
1567	7762	5274
1568	8176	5277
1569	8361	5279
1570	7944	5281
1571	8197	5284
1572	3920	5287
1573	3768	5288
1574	7007	5293
1575	4148	5294
1576	8168	4243
1577	8697	5302
1578	3167	5304
1579	9352	5306
1580	5211	5307
1581	7964	5312
1582	8151	5323
1583	8102	5325
1584	6555	8000
1585	3004	5328
1586	2969	5330
1587	3092	5335
1588	8626	5339
1589	3786	5351
1590	3151	5352
1591	7735	6004
1592	3457	5364
1593	5519	5365
1594	7542	5367
1595	8035	5371
1596	7100	5371
1597	7626	5375
1598	8270	5524
1599	7160	7507
1600	3975	5386
1601	5547	5391
1602	4239	5398
1603	8756	5402
1604	8606	5413
1605	4233	5418
1606	8984	6012
1607	4965	4009
1608	7044	5420
1609	5339	5423
1610	9061	5425
1611	5076	5426
1612	7330	5436
1613	7942	5440
1614	7803	5446
1615	4569	4014
1616	4369	5449
1617	5176	5450
1618	8566	5454
1619	9184	5456
1620	7084	5457
1621	8352	5460
1622	8417	5470
1623	8590	5471
1624	8583	5472
1625	4428	5475
1626	7963	5475
1627	8518	5478
1628	8280	5482
1629	6959	5483
1630	7994	5491
1631	8087	5494
1632	8507	5502
1633	8272	5504
1634	7641	5510
1635	4035	5511
1636	4962	5515
1637	7700	5522
1638	8714	5544
1639	8044	5553
1640	5601	4033
1641	7067	5571
1642	7774	5580
1643	8057	5589
1644	8096	5615
1645	7207	5615
1646	8789	5621
1647	7149	5627
1648	7210	5627
1649	9158	5630
1650	7827	5631
1651	4309	5633
1652	6954	5634
1653	3007	5639
1654	7672	5640
1655	8185	5643
1656	4284	5648
1657	7057	5649
1658	7621	5654
1659	7675	5674
1660	7665	5677
1661	9095	5681
1662	9448	5684
1663	8483	5687
1664	6790	5689
1665	8110	5695
1666	9100	5697
1667	8624	5697
1668	8327	5706
1669	8332	5709
1670	4004	5711
1671	7693	5714
1672	7927	5720
1673	4512	5732
1674	9126	6064
1675	7435	5735
1676	9519	5743
1677	7644	5744
1678	8765	5745
1679	3447	4064
1680	7116	5748
1681	8795	5753
1682	7542	5757
1683	6970	5758
1684	8499	5762
1685	7665	5773
1686	7390	5777
1687	4519	5783
1688	7441	5789
1689	6778	5792
1690	4471	5793
1691	3588	4072
1692	7501	5798
1693	7126	5799
1694	9238	5799
1695	7002	5805
1696	5200	5820
1697	7026	5821
1698	9512	5825
1699	9438	5827
1700	9686	5920
1701	3957	5121
1702	7828	5837
1703	3278	5841
1704	8753	5843
1705	7820	5849
1706	7428	5849
1707	9044	5851
1708	7423	5852
1709	8250	5854
1710	9274	5859
1711	9290	5860
1712	8913	5860
1713	9456	5866
1714	9100	5880
1715	9555	5883
1716	9185	5887
1717	9297	5891
1718	9580	5895
1719	9151	5896
1720	8293	5899
1721	8937	5900
1722	8376	5904
1723	7679	5905
1724	7928	5907
1725	7004	5916
1726	8413	5930
1727	8899	5933
1728	7534	5934
1729	7833	5941
1730	7149	5942
1731	5647	5952
1732	8834	5955
1733	8417	5962
1734	9040	5966
1735	9146	5969
1736	7497	8108
1737	8897	6104
1738	9200	5975
1739	7701	5984
1740	8965	6106
1741	5788	4103
1742	8714	5990
1743	9530	5993
1744	7143	5995
1745	9608	5997
1746	9216	5998
1747	9616	6000
1748	5171	6003
1749	8191	6015
1750	8619	6015
1751	8352	6016
1752	9266	6021
1753	7000	6024
1754	8652	6026
1755	8561	6032
1756	9097	6036
1757	8395	6038
1758	7476	6040
1759	4148	6043
1760	8649	6045
1761	8766	6051
1762	7301	6057
1763	9375	6057
1764	9516	6058
1765	9012	6059
1766	9203	6060
1767	9467	6061
1768	8162	6066
1769	7740	6068
1770	9559	6070
1771	7929	6075
1772	8981	6076
1773	5293	6081
1774	3532	6083
1775	8064	6089
1776	9056	6091
1777	9446	6093
1778	6002	6094
1779	9510	6096
1780	4382	6105
1781	7656	6109
1782	8682	6118
1783	8869	6121
1784	8857	6130
1785	8073	6130

REQUESTS = 2000
1	1315	34	36	2	4	2
2	1408	44	47	1	1	1
3	144	5	8	3	5	1
4	1420	47	49	1	1	2
5	146	26	28	3	1	3
6	870	27	28	3	2	3
7	1677	33	36	1	2	1
8	1135	40	42	3	2	3
9	1107	22	23	1	1	2
10	858	20	23	1	4	1
11	5	5	6	2	1	3
12	1342	4	7	2	4	1
13	681	42	43	2	3	2
14	304	31	34	3	3	2
15	645	35	38	3	2	2
16	171	7	9	1	3	3
17	127	38	41	2	5	1
18	1192	25	27	2	5	2
19	456	17	19	3	5	3
20	664	42	45	1	3	1
21	1023	1	3	2	3	3
22	1712	6	8	3	2	3
23	1521	46	47	3	4	2
24	708	16	17	1	5	2
25	1667	21	23	3	1	3
26	1010	25	26	1	5	2
27	1389	20	22	3	2	2
28	1402	19	22	3	3	2
29	1333	3	4	1	1	3
30	1405	20	22	2	2	2
31	1451	7	8	2	1	2
32	445	35	37	1	3	3
33	899	41	44	3	1	1
34	1119	19	22	2	3	2
35	1530	45	47	1	5	3
36	724	17	20	1	3	3
37	1507	5	6	3	4	1
38	197	36	37	1	5	1
39	236	45	46	1	3	3
40	1400	5	6	3	2	1
41	253	27	29	3	4	2
42	727	8	11	2	1	2
43	1195	40	42	2	1	2
44	1559	32	34	3	4	1
45	593	6	9	3	1	3
46	891	10	12	3	5	1
47	661	30	32	1	2	1
48	979	32	33	3	5	2
49	1182	37	38	2	5	1
50	55	20	22	2	4	2
51	259	5	6	3	3	3
52	1171	12	13	3	5	3
53	1152	11	14	3	3	1
54	1547	18	19	3	3	3
55	1325	32	35	3	3	2
56	1586	19	22	2	5	3
57	744	16	19	2	2	1
58	1007	23	25	3	4	1
59	610	45	48	1	3	2
60	890	17	18	3	5	3
61	872	33	36	2	3	1
62	549	5	6	2	3	3
63	676	39	42	1	3	1
64	135	39	40	1	3	3
65	1505	10	11	1	2	3
66	564	19	21	3	2	3
67	1670	19	21	2	1	3
68	521	8	9	3	3	1
69	28	10	11	1	3	1
70	1563	7	8	1	5	2
71	1236	19	20	2	1	1
72	213	36	38	2	5	3
73	288	29	32	3	5	1
74	1684	24	26	1	1	3
75	1301	22	24	2	2	1
76	1324	25	28	3	3	1
77	1501	12	14	3	2	1
78	1653	17	20	2	1	1
79	1172	37	40	1	2	1
80	929	22	23	2	3	2
81	368	36	38	2	5	2
82	1150	46	48	1	2	1
83	1373	21	24	1	4	1
84	38	28	30	2	3	3
85	1604	28	30	2	1	1
86	1241	21	23	2	4	2
87	546	41	44	1	2	1
88	1583	39	42	3	3	2
89	1758	15	17	3	4	1
90	1457	24	25	2	5	2
91	1144	37	40	2	3	1
92	1274	3	5	1	4	2
93	121	31	33	3	3	1
94	1088	2	5	2	3	3
95	1772	13	14	2	4	1
96	277	22	25	3	5	3
97	1550	42	43	2	1	1
98	1616	29	30	3	2	2
99	706	16	19	1	4	2
100	1681	11	14	2	5	2
101	1483	9	12	1	4	2
102	111	30	32	2	1	2
103	1686	3	4	1	5	3
104	91	14	15	2	1	1
105	1251	19	22	3	5	2
106	1494	37	40	2	1	1
107	368	14	16	2	2	3
108	814	13	15	2	2	3
109	428	25	28	2	5	1
110	584	7	8	2	3	3
111	536	23	25	2	1	1
112	1018	37	38	1	4	1
113	1167	35	37	2	1	3
114	802	29	31	2	3	1
115	1022	33	36	3	2	1
116	1248	11	14	3	4	1
117	591	24	25	1	5	2
118	1351	44	46	1	3	3
119	294	16	17	2	4	2
120	695	35	36	3	1	2
121	355	20	23	2	3	2
122	441	17	20	1	1	1
123	1215	27	29	3	4	1
124	1461	31	34	2	1	1
125	526	20	23	2	3	3
126	450	13	14	3	1	3
127	1670	8	9	3	5	3
128	1407	16	17	3	1	2
129	1226	27	30	2	3	2
130	433	17	20	1	5	1
131	1288	35	36	1	3	3
132	1160	29	31	3	3	3
133	1704	11	13	3	5	2
134	1095	24	27	3	2	1
135	1310	18	19	1	2	1
136	321	45	47	3	5	3
137	379	37	39	2	2	3
138	895	8	10	1	2	2
139	1618	15	17	3	1	1
140	221	46	49	1	4	2
141	82	29	31	2	3	2
142	164	28	30	3	2	2
143	774	10	12	2	5	1
144	1221	29	30	2	2	3
145	1042	33	34	2	5	2
146	19	19	20	1	4	1
147	794	36	37	1	5	1
148	151	31	32	3	5	2
149	1542	4	7	2	5	3
150	1502	41	42	3	4	1
151	633	16	19	2	1	1
152	412	14	16	1	5	2
153	1275	45	46	2	4	2
154	736	23	25	2	3	3
155	817	18	21	2	5	1
156	600	14	15	2	2	3
157	1224	13	14	1	3	1
158	269	11	13	2	5	3
159	778	47	49	1	5	3
160	1206	26	28	1	4	1
161	909	24	27	3	3	2
162	958	15	17	1	4	1
163	475	33	36	3	4	1
164	160	31	32	3	3	3
165	1277	29	31	2	1	3
166	553	18	19	1	4	1
167	705	13	14	3	2	1
168	1700	25	27	2	3	3
169	615	18	21	2	5	1
170	650	35	37	1	5	3
171	1591	37	39	2	4	1
172	1021	19	21	1	4	1
173	1258	33	35	1	1	2
174	535	27	30	2	2	2
175	1109	46	48	1	4	2
176	1441	27	28	2	4	2
177	970	4	5	3	1	1
178	145	40	41	2	5	3
179	972	6	9	1	3	1
180	1395	31	34	2	5	2
181	37	41	42	3	4	2
182	167	24	27	1	2	3
183	732	19	20	1	1	2
184	1750	3	6	2	1	2
185	1452	15	16	1	5	3
186	1683	32	33	3	4	1
187	105	30	32	1	1	2
188	1330	19	22	2	1	2
189	152	37	39	2	5	3
190	1348	21	22	3	5	1
191	1335	7	9	1	3	3
192	873	43	44	3	5	3
193	361	1	3	3	5	1
194	558	33	34	2	3	1
195	234	42	44	1	5	3
196	655	31	34	1	1	2
197	1068	3	6	2	5	3
198	723	24	25	2	3	2
199	1624	25	26	1	3	2
200	777	15	16	1	4	1
201	652	27	29	1	5	2
202	1062	45	46	1	3	2
203	1450	2	3	3	1	3
204	565	6	7	3	5	3
205	1306	30	32	2	1	2
206	788	19	20	3	3	3
207	1742	44	47	3	2	3
208	542	22	25	1	2	3
209	1522	5	6	1	1	3
210	421	17	18	3	2	1
211	792	7	10	2	5	2
212	360	31	32	2	4	2
213	112	17	19	1	4	2
214	900	41	44	1	5	3
215	1387	15	16	3	2	1
216	1495	2	5	1	5	1
217	1001	19	20	3	3	3
218	803	41	43	2	1	2
219	1485	14	17	2	5	2
220	989	27	30	1	1	2
221	1752	44	46	3	1	3
222	1454	26	27	3	5	1
223	513	17	19	3	5	2
224	1676	40	43	2	1	3
225	341	3	5	2	4	2
226	1664	36	37	3	1	1
227	1178	1	3	1	4	1
228	8	22	23	3	5	2
229	574	22	25	3	3	1
230	1270	20	21	1	3	3
231	299	32	35	3	4	1
232	741	5	8	2	2	3
233	938	37	40	1	2	2
234	422	34	36	1	2	1
235	1539	38	41	3	5	2
236	1378	5	6	3	2	2
237	1473	18	20	2	5	2
238	342	34	37	1	2	1
239	218	9	10	3	2	2
240	1374	42	43	3	1	1
241	1393	41	43	1	3	1
242	1738	45	47	3	2	2
243	479	41	44	3	2	3
244	1703	4	5	1	3	3
245	70	12	14	2	2	2
246	321	20	23	3	2	2
247	466	31	33	1	1	1
248	143	21	22	1	5	2
249	1629	39	40	3	5	2
250	447	29	30	2	5	1
251	674	3	5	1	2	3
252	226	42	43	3	4	2
253	1493	9	12	3	4	1
254	1529	17	18	3	2	1
255	1308	14	16	3	2	1
256	763	22	23	2	4	1
257	1312	26	27	2	5	1
258	45	39	40	1	5	3
259	967	19	21	3	5	1
260	352	45	48	1	4	1
261	1170	14	16	3	4	2
262	400	12	15	1	1	3
263	391	9	10	2	1	2
264	1096	35	38	1	1	2
265	1579	16	18	1	2	1
266	647	31	33	2	3	1
267	362	20	22	1	4	2
268	389	23	26	2	3	3
269	668	10	12	3	5	1
270	1615	40	43	3	3	1
271	1490	15	18	3	3	2
272	1433	43	45	1	4	2
273	372	35	37	3	4	1
274	1718	30	31	2	5	1
275	75	37	38	3	1	2
276	933	6	8	1	4	1
277	1222	30	32	2	1	2
278	200	9	11	2	4	2
279	782	8	10	2	1	3
280	307	34	37	3	2	3
281	749	3	6	3	4	1
282	336	33	36	3	2	3
283	1355	6	8	3	4	1
284	1180	45	47	3	1	2
285	1294	19	20	2	1	2
286	1267	34	36	3	2	1
287	1350	43	46	2	1	3
288	58	20	21	3	5	2
289	1446	40	43	2	4	1
290	1338	5	7	1	4	1
291	757	22	25	2	4	2
292	742	17	19	2	1	3
293	1240	27	28	2	2	2
294	698	25	26	3	3	3
295	1057	14	17	2	2	2
296	1776	26	28	1	1	2
297	850	12	13	2	1	3
298	273	3	6	1	4	2
299	1410	41	42	1	1	2
300	709	31	34	2	3	3
301	1728	29	32	2	4	1
302	1570	40	43	3	5	1
303	1609	6	9	3	5	3
304	921	40	42	1	2	2
305	163	21	23	3	5	2
306	592	11	13	2	1	1
307	629	2	5	1	4	1
308	527	25	26	2	5	2
309	646	10	12	1	5	2
310	1115	15	16	2	2	1
311	1006	36	38	3	4	2
312	324	33	36	2	5	1
313	54	26	27	3	5	2
314	1246	10	12	1	2	3
315	779	42	43	3	4	1
316	1032	31	33	1	3	1
317	1763	13	16	1	4	2
318	86	9	11	1	5	2
319	1102	41	42	2	5	2
320	1494	31	33	3	4	1
321	1384	15	16	1	1	2
322	863	38	39	2	1	2
323	1421	32	35	1	5	1
324	1242	26	27	2	1	1
325	1184	41	44	1	2	2
326	1233	5	7	3	4	1
327	471	26	28	1	1	1
328	601	41	43	3	5	3
329	32	6	7	1	2	1
330	1510	45	46	2	5	3
331	92	1	2	1	4	1
332	230	39	40	3	2	3
333	172	11	14	3	3	2
334	810	19	20	3	3	1
335	993	2	5	3	4	1
336	1669	24	26	3	4	2
337	903	8	9	3	2	3
338	1376	23	24	2	4	1
339	1561	43	45	3	2	2
340	211	24	25	2	4	1
341	1199	26	29	3	3	3
342	1640	7	9	1	4	2
343	1422	2	5	3	5	2
344	869	29	31	1	2	3
345	1614	37	40	3	2	1
346	1673	18	21	2	1	2
347	1244	45	46	3	2	2
348	265	3	4	2	1	1
349	608	37	39	1	1	1
350	13	17	18	3	5	1
351	569	19	20	2	1	3
352	506	28	30	1	3	1
353	833	40	43	1	1	1
354	1048	18	20	2	4	2
355	238	16	17	1	2	1
356	141	20	23	3	1	1
357	113	39	42	2	1	1
358	982	23	26	2	3	1
359	963	28	29	1	3	3
360	639	26	28	3	3	1
361	1492	2	5	2	1	3
362	1289	25	27	2	2	1
363	57	33	34	3	5	3
364	25	24	27	3	2	3
365	1394	33	36	2	4	1
366	590	37	38	1	3	1
367	602	1	3	1	4	1
368	672	3	4	2	1	2
369	507	5	6	3	5	1
370	1554	34	37	1	1	1
371	1716	40	42	3	2	1
372	607	11	12	3	4	1
373	1728	15	16	3	1	2
374	488	39	40	1	1	3
375	1143	9	11	1	5	1
376	298	2	5	1	1	1
377	1638	12	15	1	5	2
378	715	32	33	1	1	2
379	769	8	9	3	4	1
380	1768	14	15	1	4	1
381	1724	42	43	1	4	2
382	1503	2	5	3	1	3
383	559	38	39	2	1	1
384	636	23	24	3	3	1
385	1750	11	13	2	3	3
386	1081	46	48	2	5	3
387	128	10	13	3	2	1
388	1470	23	25	1	5	1
389	961	9	11	2	3	1
390	165	38	40	3	4	1
391	571	11	14	2	3	3
392	282	46	47	3	4	2
393	383	12	14	1	4	1
394	1610	22	24	1	3	3
395	104	30	32	3	4	2
396	512	15	17	1	2	2
397	161	23	26	2	4	1
398	1655	19	22	2	3	1
399	1236	23	24	2	2	1
400	936	7	10	1	2	2
401	838	10	12	2	3	2
402	991	17	18	2	4	1
403	1231	4	6	3	4	1
404	1349	26	29	2	3	3
405	217	44	45	1	3	3
406	1052	17	20	1	2	1
407	271	22	24	2	3	3
408	1391	44	47	1	1	1
409	107	15	17	2	3	1
410	1269	16	17	3	1	3
411	544	28	31	1	4	2
412	177	6	9	3	4	1
413	1626	19	22	2	4	1
414	1381	44	46	1	5	2
415	1711	35	36	1	3	3
416	1053	45	46	1	2	2
417	1693	14	17	1	3	3
418	508	3	6	3	3	1
419	534	32	34	2	4	1
420	1419	41	43	3	3	2
421	434	19	22	2	3	1
422	1286	19	21	3	4	1
423	431	11	14	3	4	2
424	1689	27	30	3	5	1
425	1343	14	16	1	4	2
426	308	28	30	3	4	1
427	1084	45	47	3	5	2
428	1652	19	20	1	1	3
429	120	25	26	1	4	2
430	285	2	5	2	1	2
431	1418	23	25	1	3	1
432	1337	32	35	2	1	3
433	1593	17	20	1	4	1
434	369	22	24	1	4	1
435	573	45	47	3	1	2
436	102	31	33	1	4	1
437	717	33	35	3	2	3
438	459	33	34	2	2	3
439	926	36	39	1	5	2
440	1059	34	35	3	3	1
441	679	22	23	1	1	2
442	1497	36	38	1	4	1
443	448	43	44	3	5	1
444	81	23	24	1	4	2
445	492	33	36	2	3	3
446	1468	17	20	1	5	3
447	1368	24	25	3	1	3
448	594	3	4	1	2	1
449	1577	8	10	1	1	1
450	88	27	28	3	3	2
451	192	1	2	3	3	3
452	825	17	19	2	5	2
453	504	11	14	2	4	2
454	656	2	4	2	4	1
455	896	25	28	3	4	1
456	1375	13	16	2	1	3
457	292	23	26	2	2	1
458	1571	34	37	3	2	1
459	400	27	28	2	3	3
460	316	26	28	2	5	3
461	22	45	48	2	4	2
462	42	22	24	1	3	2
463	77	33	34	2	4	2
464	555	2	3	3	2	1
465	474	32	34	1	2	2
466	424	39	41	1	1	2
467	256	31	33	3	1	1
468	1268	4	5	2	1	2
469	1781	15	18	3	4	1
470	476	1	2	2	1	3
471	413	9	12	3	4	1
472	1187	1	4	3	1	1
473	916	22	25	1	5	3
474	1278	14	17	3	3	2
475	1416	10	12	2	4	1
476	339	21	22	3	3	1
477	842	41	42	2	3	3
478	1685	23	24	3	2	2
479	833	14	16	1	2	2
480	221	21	24	3	2	3
481	1202	2	4	2	4	2
482	10	29	31	3	3	2
483	1531	13	14	3	2	1
484	996	19	20	3	5	3
485	1011	41	43	3	2	3
486	1098	42	45	2	4	2
487	882	45	46	2	3	1
488	1362	26	28	1	4	2
489	1687	9	12	2	4	2
490	1212	17	19	2	1	3
491	704	28	29	2	2	1
492	820	38	39	1	5	3
493	1374	32	35	2	1	3
494	533	27	30	3	3	3
495	138	12	14	1	5	2
496	1780	37	40	2	3	3
497	1151	44	46	2	4	2
498	677	4	5	2	3	3
499	1259	15	16	1	4	2
500	1100	20	23	2	5	1
501	1347	23	26	2	1	2
502	349	11	14	1	5	1
503	457	14	17	2	1	3
504	1026	33	36	2	2	1
505	1183	26	27	1	2	2
506	1322	22	24	1	4	1
507	1037	9	11	2	1	1
508	730	37	38	2	4	1
509	496	20	21	2	3	2
510	1766	40	42	2	5	2
511	924	38	41	2	1	1
512	458	11	12	2	1	2
513	1411	36	37	1	1	3
514	1705	1	4	3	2	1
515	902	37	39	1	2	2
516	320	12	15	2	4	2
517	546	5	8	2	5	3
518	392	31	34	3	3	3
519	694	16	17	1	4	2
520	1440	11	14	2	5	2
521	333	19	22	1	1	1
522	713	18	19	3	5	1
523	876	24	26	3	1	1
524	944	36	38	2	4	2
525	1024	29	31	1	4	2
526	930	1	4	3	5	2
527	302	45	47	2	1	3
528	1003	44	45	2	5	2
529	1004	9	10	3	3	2
530	376	48	49	1	2	1
531	731	40	43	1	3	3
532	224	26	28	2	3	1
533	1140	16	19	3	4	1
534	1557	22	24	3	4	1
535	1785	13	16	2	4	2
536	1515	18	20	3	2	3
537	728	9	10	1	5	3
538	1758	1	4	3	3	2
539	1281	17	19	2	1	1
540	191	10	12	2	2	1
541	786	8	10	1	2	2
542	1031	32	34	2	4	1
543	235	25	28	2	1	1
544	860	34	35	1	4	2
545	429	19	20	1	3	1
546	235	30	33	1	3	3
547	44	17	20	2	5	3
548	1392	16	19	3	4	1
549	309	24	26	1	3	2
550	485	39	42	1	1	1
551	486	3	6	2	4	2
552	477	30	31	3	3	2
553	1493	21	23	1	4	1
554	768	35	38	1	3	2
555	666	1	4	2	4	2
556	187	18	20	1	3	1
557	3	10	11	3	2	2
558	832	22	23	3	4	2
559	133	11	14	2	2	2
560	555	40	42	2	4	1
561	426	36	37	1	2	1
562	1662	42	45	2	3	2
563	667	22	25	3	3	1
564	29	3	5	1	4	1
565	232	18	19	1	2	2
566	20	25	28	2	2	3
567	1390	45	47	2	4	1
568	301	5	6	2	2	3
569	418	25	28	1	2	2
570	628	3	4	2	2	1
571	329	33	34	3	5	3
572	65	38	40	2	5	1
573	1055	10	13	2	5	1
574	796	32	33	1	2	3
575	834	7	9	2	2	3
576	6	22	23	1	2	2
577	65	34	36	3	1	1
578	1441	4	6	2	5	3
579	577	20	22	3	4	2
580	792	32	35	1	1	2
581	53	21	23	1	2	3
582	965	40	42	2	2	3
583	765	44	47	1	5	3
584	371	35	37	1	3	2
585	1595	44	47	1	5	3
586	378	11	13	1	1	2
587	1778	11	14	2	5	3
588	1164	13	16	3	5	1
589	578	40	42	3	1	1
590	137	10	12	3	5	1
591	613	15	18	3	2	1
592	1565	4	6	2	2	3
593	200	34	35	2	2	3
594	12	6	9	3	4	2
595	1756	19	21	2	1	1
596	950	10	12	3	4	1
597	1191	16	18	2	5	2
598	435	25	27	2	4	2
599	809	18	19	2	3	2
600	1596	43	46	2	5	1
601	444	22	25	2	2	1
602	1588	9	11	1	5	1
603	1114	20	21	1	2	2
604	261	43	45	1	1	1
605	596	12	14	1	4	2
606	178	5	6	2	1	3
607	886	19	20	2	4	2
608	1482	43	44	2	2	3
609	1050	41	44	3	3	2
610	129	43	45	3	4	1
611	367	13	16	2	2	3
612	1380	8	10	2	1	1
613	1330	17	19	1	4	2
614	1109	21	23	1	1	2
615	1546	39	40	2	5	2
616	914	22	24	2	2	1
617	134	4	6	2	3	3
618	1079	41	44	1	2	2
619	108	35	38	2	4	2
620	415	38	40	1	1	3
621	1566	27	29	3	1	3
622	80	44	46	2	3	1
623	1727	45	47	2	5	1
624	249	7	10	1	1	2
625	1688	17	18	1	4	1
626	1030	13	15	2	5	2
627	1122	13	14	3	1	3
628	219	2	3	1	4	1
629	1612	9	11	1	3	2
630	627	35	37	3	1	3
631	1339	13	14	2	4	2
632	292	7	9	2	3	3
633	500	43	45	3	5	3
634	1247	4	7	1	2	3
635	978	7	9	3	2	3
636	326	9	10	3	3	3
637	1722	30	31	2	5	2
638	1341	40	42	2	5	1
639	766	5	7	3	5	2
640	206	11	14	1	1	3
641	437	41	42	1	3	1
642	932	34	35	3	3	2
643	1181	29	31	1	4	1
644	1132	15	17	2	2	3
645	1439	36	37	2	5	2
646	1238	23	26	2	1	3
647	451	45	46	1	4	1
648	620	34	37	1	5	3
649	1210	41	42	2	1	1
650	386	13	16	2	3	1
651	1723	3	5	3	2	2
652	539	21	23	2	3	3
653	678	12	13	2	5	3
654	920	9	11	1	1	2
655	941	33	34	2	5	1
656	1551	28	29	2	2	3
657	1041	21	22	1	2	2
658	1543	26	29	1	2	3
659	1417	23	26	1	4	2
660	311	25	26	1	2	2
661	1016	6	7	1	1	3
662	1282	22	25	3	3	1
663	1524	44	45	3	2	1
664	166	46	47	3	4	1
665	1757	32	34	2	4	1
666	1379	10	12	3	2	3
667	751	6	7	3	3	1
668	36	39	42	1	3	3
669	1739	46	47	3	3	1
670	1754	43	44	1	3	3
671	452	22	25	3	3	1
672	1077	18	19	1	1	1
673	663	21	23	2	5	1
674	888	33	34	1	3	2
675	1127	28	30	2	5	2
676	658	25	27	2	3	3
677	1597	36	38	2	4	1
678	132	9	12	3	4	2
679	915	33	34	2	1	3
680	332	29	30	2	3	1
681	1113	26	29	2	4	2
682	514	31	32	1	4	1
683	251	30	33	3	4	2
684	1104	4	6	1	4	2
685	911	15	16	2	5	3
686	816	37	38	1	2	2
687	622	36	39	1	2	2
688	807	42	45	3	1	1
689	689	28	31	1	3	3
690	1622	36	37	1	1	1
691	940	9	12	2	2	1
692	721	10	11	1	1	3
693	194	35	38	1	2	1
694	1051	41	44	2	4	1
695	572	30	31	3	4	2
696	1074	17	18	1	4	2
697	1129	8	9	3	2	2
698	1537	16	18	2	1	3
699	430	35	36	2	1	1
700	1234	44	45	2	4	2
701	1668	32	33	2	1	3
702	398	30	31	1	4	1
703	1467	29	30	3	1	2
704	185	9	12	1	4	2
705	825	26	29	3	2	1
706	1574	31	33	1	4	2
707	609	42	43	1	2	2
708	1607	6	8	1	3	2
709	1356	25	28	3	5	3
710	643	31	34	1	2	2
711	111	44	47	2	5	1
712	1134	34	37	3	1	1
713	257	24	25	1	4	1
714	157	30	33	2	2	3
715	1326	25	28	2	2	1
716	632	27	28	2	1	1
717	1425	31	34	2	2	2
718	1599	12	13	2	5	3
719	878	39	41	1	4	2
720	322	25	27	2	2	1
721	660	27	29	3	4	2
722	1168	23	25	3	3	2
723	1186	26	27	2	1	3
724	1541	16	17	2	4	2
725	530	7	10	2	2	1
726	798	15	16	3	3	1
727	173	31	34	2	5	1
728	965	19	22	2	1	2
729	1581	31	34	1	2	3
730	399	39	42	2	1	2
731	33	35	36	3	3	1
732	274	38	40	3	1	1
733	1352	31	34	2	4	2
734	1218	11	13	2	2	1
735	963	20	22	1	3	1
736	375	20	21	3	4	1
737	74	4	5	1	5	3
738	444	37	38	3	1	2
739	1608	45	47	1	5	3
740	1453	44	46	3	3	1
741	637	44	47	2	5	1
742	752	3	4	2	5	2
743	1235	10	11	2	5	3
744	879	27	29	1	2	2
745	208	36	38	3	4	2
746	682	9	11	2	5	3
747	1224	12	13	3	1	1
748	834	28	30	3	5	1
749	16	34	35	1	2	3
750	1448	20	22	2	1	1
751	889	1	2	3	5	1
752	1517	44	47	3	1	3
753	1560	23	25	1	3	2
754	714	5	6	1	4	1
755	114	19	22	2	1	3
756	855	17	20	1	1	3
757	188	27	29	3	1	2
758	516	38	40	2	2	3
759	97	5	8	2	4	2
760	974	27	29	3	5	2
761	494	23	26	2	4	1
762	1363	14	16	2	5	2
763	808	3	5	2	2	2
764	519	7	10	3	1	3
765	827	38	41	2	2	1
766	1092	21	23	1	4	1
767	1521	10	12	3	3	2
768	1690	6	9	2	3	3
769	1611	12	13	2	3	3
770	846	40	42	2	5	2
771	1287	43	45	1	4	1
772	1683	16	18	1	3	3
773	1504	39	42	1	5	2
774	1392	2	5	1	2	2
775	1078	21	23	2	5	2
776	758	33	36	3	2	1
777	182	40	42	2	3	2
778	1321	38	39	2	1	2
779	530	37	38	2	1	3
780	1691	44	46	1	4	2
781	1675	39	42	3	4	2
782	1229	34	36	1	4	2
783	1125	11	12	2	5	1
784	1590	30	32	1	5	3
785	579	8	9	1	3	1
786	1636	14	17	3	4	1
787	1628	27	28	2	1	3
788	1111	13	15	1	3	3
789	233	19	20	3	2	2
790	298	24	27	1	1	1
791	623	14	17	2	3	3
792	48	36	38	2	2	2
793	1256	15	16	3	2	2
794	125	20	23	1	4	2
795	1146	41	42	2	2	1
796	1630	38	41	3	4	1
797	488	6	8	1	3	3
798	46	22	23	1	4	2
799	605	15	17	1	3	1
800	1491	30	32	2	2	2
801	30	43	46	2	3	1
802	87	25	27	3	1	1
803	1429	16	17	1	4	2
804	963	16	17	3	1	1
805	754	41	43	1	3	2
806	1082	37	38	1	2	2
807	23	19	20	2	3	3
808	1243	2	4	2	4	1
809	1099	40	41	1	4	1
810	64	10	13	3	2	3
811	1157	12	14	3	3	1
812	829	21	22	1	5	2
813	1113	19	22	3	2	2
814	1213	16	19	3	5	3
815	240	11	13	3	3	1
816	980	27	30	2	5	2
817	394	26	29	1	4	2
818	1215	42	44	2	1	1
819	840	41	42	3	4	1
820	662	9	10	3	5	2
821	1479	37	40	3	2	3
822	8	32	34	1	4	1
823	1700	19	22	3	2	2
824	1073	17	19	3	5	2
825	1570	5	6	1	4	2
826	1303	18	19	2	2	1
827	675	19	22	3	4	1
828	438	3	6	3	3	1
829	1553	24	25	2	2	1
830	248	40	42	1	5	1
831	1499	5	8	2	5	3
832	264	47	48	1	3	1
833	14	15	16	2	2	2
834	699	8	9	2	5	2
835	1076	24	26	2	4	2
836	464	6	9	2	5	3
837	1313	14	15	2	1	1
838	751	1	4	3	1	1
839	381	3	5	2	5	2
840	908	38	41	3	5	3
841	862	44	45	2	5	3
842	1744	25	26	1	2	2
843	297	1	2	3	4	2
844	1035	7	8	2	4	2
845	883	12	15	1	2	3
846	1460	6	7	2	5	2
847	1008	12	15	3	1	3
848	585	9	10	2	3	2
849	310	43	45	2	2	3
850	819	8	9	2	4	2
851	811	7	8	3	1	3
852	1205	11	13	1	5	2
853	1647	34	35	3	4	2
854	1598	5	7	3	5	1
855	947	26	28	3	1	2
856	510	46	48	2	4	2
857	1194	30	31	3	3	1
858	1122	7	8	2	2	3
859	1545	41	44	2	4	2
860	1142	19	21	2	2	1
861	1607	42	45	2	4	1
862	1319	30	32	2	3	2
863	1506	6	7	2	3	1
864	1397	21	24	3	2	1
865	823	11	12	1	5	1
866	66	25	26	2	4	1
867	1693	39	41	1	3	2
868	241	38	39	3	5	1
869	1736	4	5	3	4	2
870	468	12	15	3	5	3
871	1292	32	34	1	2	1
872	1034	9	11	3	4	1
873	1679	37	39	2	5	3
874	446	17	19	2	2	1
875	1080	15	17	3	5	1
876	290	26	27	1	1	3
877	2	18	19	2	5	1
878	78	16	17	3	4	1
879	1784	28	30	3	4	1
880	1734	4	6	2	4	1
881	337	11	14	2	3	2
882	690	44	46	2	5	2
883	857	7	9	1	4	2
884	532	28	31	3	3	3
885	1121	32	34	3	3	3
886	216	29	32	1	4	2
887	377	2	5	2	2	3
888	168	29	30	2	2	1
889	797	42	45	2	4	2
890	1478	41	43	2	2	3
891	277	35	36	1	5	1
892	1573	44	45	1	4	1
893	488	22	25	2	4	1
894	1659	10	11	1	3	2
895	1741	8	10	3	1	1
896	1155	47	49	1	2	3
897	390	36	38	1	1	1
898	74	31	34	2	3	2
899	1472	5	7	2	5	1
900	96	35	38	3	3	1
901	759	36	39	2	4	1
902	859	43	45	1	5	2
903	1540	27	28	2	1	3
904	1424	32	34	3	4	2
905	1564	8	11	1	4	2
906	225	42	45	3	1	1
907	812	33	34	2	5	1
908	1680	5	8	1	2	3
909	770	37	39	2	1	1
910	284	22	25	1	1	3
911	943	2	4	2	5	2
912	204	42	44	2	4	1
913	1447	5	8	2	2	2
914	1207	39	42	2	1	2
915	1403	16	17	2	5	1
916	885	2	5	2	2	1
917	473	7	10	2	2	2
918	291	32	34	2	5	3
919	957	32	35	2	4	1
920	1549	40	42	1	2	3
921	1696	13	16	3	5	1
922	975	14	17	2	1	2
923	1613	42	45	3	1	2
924	1127	38	41	3	2	3
925	1415	27	28	1	4	1
926	1162	37	40	1	1	3
927	1409	41	43	1	1	3
928	388	36	37	2	2	1
929	1047	19	22	3	4	2
930	117	9	11	1	5	2
931	205	16	17	3	5	3
932	1484	34	36	2	3	2
933	543	9	10	1	2	2
934	1733	13	15	2	3	3
935	624	38	40	1	1	3
936	547	37	40	1	3	1
937	254	3	6	2	2	3
938	563	35	36	2	5	1
939	875	35	37	2	3	3
940	571	31	33	3	5	1
941	1745	39	40	1	2	3
942	1746	38	41	3	5	2
943	1210	1	3	3	1	2
944	922	37	40	1	1	2
945	821	13	15	1	1	3
946	175	15	16	3	3	2
947	776	27	28	2	2	3
948	1463	12	14	1	5	2
949	270	15	17	1	5	3
950	189	19	21	2	1	3
951	1732	46	47	1	1	1
952	184	16	18	2	1	3
953	246	26	29	3	3	3
954	1165	36	38	2	5	1
955	528	26	29	3	1	2
956	1645	34	37	2	1	1
957	644	16	18	1	3	2
958	158	16	17	2	4	1
959	1466	38	40	3	2	3
960	1040	10	13	2	3	3
961	1232	34	37	2	4	2
962	300	13	16	1	5	3
963	1260	25	28	2	5	2
964	939	10	13	2	5	2
965	1725	47	48	1	1	2
966	828	25	26	3	2	1
967	11	44	45	3	5	3
968	1244	36	38	2	4	2
969	1299	10	11	3	5	1
970	1398	5	7	2	5	3
971	969	21	24	2	1	3
972	1015	19	22	2	3	3
973	729	30	31	3	4	2
974	1144	9	11	2	1	2
975	1749	21	24	3	3	1
976	1426	14	15	3	5	3
977	374	15	17	2	2	3
978	1719	3	4	1	4	1
979	1511	36	37	3	1	3
980	1112	18	20	3	1	3
981	85	15	18	3	2	2
982	764	19	21	3	4	1
983	651	44	46	3	5	2
984	836	10	12	3	3	3
985	680	22	25	3	5	1
986	1606	8	10	1	4	2
987	179	3	6	2	3	2
988	248	10	13	3	4	1
989	692	43	44	1	2	2
990	1699	45	48	1	2	3
991	948	29	32	2	3	3
992	244	25	27	1	5	3
993	1153	39	42	2	4	2
994	1589	26	29	3	3	1
995	1203	14	16	2	3	2
996	1040	10	11	2	2	3
997	653	43	45	3	1	1
998	1481	16	19	3	4	2
999	454	37	40	3	1	2
1000	162	21	23	2	5	1
1001	678	40	43	3	5	2
1002	683	44	47	2	5	3
1003	1334	44	47	3	4	2
1004	351	5	6	3	4	1
1005	1764	20	23	2	4	1
1006	703	11	12	3	2	3
1007	489	38	40	1	3	2
1008	348	13	15	3	5	1
1009	747	36	37	1	5	1
1010	1065	37	38	1	5	2
1011	201	9	10	3	3	1
1012	893	25	28	3	2	2
1013	1459	30	32	3	5	2
1014	425	6	8	1	2	2
1015	331	37	39	1	3	2
1016	1284	29	30	1	5	3
1017	419	48	49	1	3	3
1018	1325	43	44	3	3	2
1019	1019	9	12	1	1	1
1020	1061	5	7	3	2	3
1021	822	40	43	2	4	2
1022	1189	6	7	2	3	1
1023	84	20	22	1	1	3
1024	992	39	41	2	4	2
1025	1631	14	16	3	1	3
1026	126	40	43	3	3	1
1027	815	3	4	2	2	1
1028	761	36	37	1	5	3
1029	649	7	8	2	5	2
1030	347	8	10	1	5	3
1031	358	34	37	2	3	3
1032	1253	46	47	1	1	2
1033	73	38	41	1	3	3
1034	976	5	8	3	4	2
1035	1330	9	10	1	1	1
1036	1131	43	46	1	3	2
1037	1299	45	47	1	2	1
1038	1627	1	2	1	4	2
1039	1298	28	30	3	4	1
1040	295	9	10	3	4	1
1041	1648	27	28	1	5	3
1042	212	13	16	1	2	1
1043	344	21	23	2	1	3
1044	286	25	26	3	4	2
1045	384	41	44	3	4	1
1046	604	7	9	1	1	2
1047	1311	34	37	3	3	1
1048	255	42	44	3	5	1
1049	1136	43	46	3	3	3
1050	1264	14	16	3	4	1
1051	554	42	44	1	5	1
1052	793	30	33	3	5	2
1053	711	45	46	3	4	1
1054	466	15	16	3	5	2
1055	442	4	5	3	3	3
1056	780	34	36	1	4	1
1057	402	26	27	2	1	2
1058	1259	44	47	3	1	1
1059	617	32	34	1	2	1
1060	1369	28	30	3	4	2
1061	1660	19	22	1	2	2
1062	403	37	38	3	4	1
1063	1747	46	48	2	5	3
1064	1336	38	39	3	3	1
1065	411	6	7	3	4	1
1066	1500	16	18	2	3	2
1067	1455	35	36	2	4	1
1068	541	30	31	1	3	1
1069	834	35	37	1	2	2
1070	72	11	13	3	5	2
1071	1639	31	34	1	2	2
1072	865	22	25	2	4	2
1073	755	4	5	3	5	3
1074	845	17	20	1	1	3
1075	635	21	24	3	5	3
1076	1066	33	35	2	3	2
1077	1361	10	11	3	5	3
1078	1033	27	29	2	3	3
1079	1220	3	4	2	3	3
1080	492	41	42	3	5	1
1081	654	9	12	1	5	2
1082	1767	41	42	2	4	1
1083	521	42	45	2	1	3
1084	167	16	17	1	4	1
1085	538	9	12	1	5	3
1086	874	24	25	3	1	3
1087	1257	10	11	3	4	2
1088	278	17	19	1	4	1
1089	491	14	17	3	1	2
1090	1029	43	46	2	1	1
1091	303	44	47	2	1	3
1092	551	9	11	3	2	1
1093	382	39	42	3	3	2
1094	785	14	16	1	2	2
1095	1427	29	31	1	4	1
1096	556	33	36	3	5	2
1097	24	27	30	2	2	1
1098	931	6	9	3	5	2
1099	1577	48	49	1	3	3
1100	76	11	13	2	5	1
1101	702	26	29	1	2	3
1102	917	41	42	2	3	3
1103	1217	15	17	2	5	1
1104	1261	39	40	2	5	2
1105	847	13	15	2	1	3
1106	813	35	36	3	2	1
1107	1444	10	11	2	5	2
1108	864	22	23	1	1	3
1109	366	19	21	3	1	1
1110	801	46	47	2	2	2
1111	918	36	38	3	2	3
1112	243	19	22	1	5	1
1113	1621	38	40	1	4	2
1114	89	13	14	3	4	1
1115	1174	17	19	2	4	1
1116	509	23	25	2	5	2
1117	999	10	13	3	1	1
1118	1271	8	10	1	2	3
1119	1209	45	46	1	3	1
1120	1354	5	8	3	4	2
1121	1145	38	41	3	1	1
1122	1198	30	32	1	1	1
1123	818	36	39	3	4	1
1124	410	16	18	2	2	1
1125	1309	5	6	1	5	3
1126	1024	30	33	2	3	3
1127	281	40	43	1	4	1
1128	69	37	39	2	3	3
1129	463	44	46	2	5	3
1130	1161	35	36	2	5	1
1131	1371	18	20	2	3	2
1132	1721	24	26	2	3	2
1133	1124	39	42	2	3	2
1134	1117	41	44	1	5	3
1135	1193	7	9	2	2	1
1136	1708	42	43	1	2	3
1137	106	10	11	1	4	1
1138	313	6	7	3	2	3
1139	1181	28	30	2	3	1
1140	870	1	3	3	1	3
1141	497	32	35	1	1	2
1142	889	25	27	3	4	1
1143	1219	41	44	1	4	1
1144	806	12	13	1	3	3
1145	414	36	37	1	2	2
1146	1603	39	42	3	4	1
1147	354	26	27	2	5	3
1148	1221	2	5	2	5	2
1149	1383	8	10	1	2	1
1150	1263	29	31	2	4	2
1151	203	32	35	2	4	2
1152	800	30	32	3	3	2
1153	1171	46	47	2	4	1
1154	995	24	26	3	4	1
1155	396	15	18	2	4	2
1156	1782	34	37	2	1	2
1157	960	43	45	2	2	2
1158	998	13	14	1	3	2
1159	1295	3	5	1	5	3
1160	1585	37	39	2	4	1
1161	693	3	4	2	5	3
1162	222	3	5	3	5	1
1163	1667	7	10	1	5	3
1164	95	11	12	3	1	1
1165	1283	17	19	2	4	2
1166	335	35	38	3	4	2
1167	783	19	22	1	2	2
1168	552	20	22	1	3	2
1169	597	4	7	2	4	2
1170	1715	22	25	1	4	1
1171	247	18	19	1	1	1
1172	745	25	27	1	5	3
1173	452	18	19	1	1	2
1174	1603	15	18	3	4	1
1175	115	17	19	1	1	3
1176	264	17	18	2	2	2
1177	1430	29	30	1	4	1
1178	229	10	13	2	5	2
1179	1486	8	10	1	2	3
1180	1744	5	7	2	1	2
1181	420	22	24	2	5	1
1182	1179	11	13	3	4	2
1183	630	6	7	1	2	2
1184	1216	28	30	3	4	2
1185	416	3	6	3	3	1
1186	1067	29	31	1	3	1
1187	1204	1	3	2	1	1
1188	118	45	47	3	4	1
1189	981	23	26	1	3	3
1190	268	32	35	1	3	1
1191	1139	21	24	1	2	3
1192	631	15	18	1	1	1
1193	527	39	40	3	5	2
1194	274	39	40	3	3	2
1195	599	6	8	3	3	3
1196	1173	26	27	3	3	2
1197	641	14	16	2	2	2
1198	852	10	11	2	5	1
1199	1619	32	35	2	5	1
1200	934	38	39	2	3	1
1201	460	32	34	1	4	1
1202	1444	46	48	1	4	1
1203	1154	44	47	2	5	3
1204	1414	6	9	3	1	2
1205	841	42	43	1	5	1
1206	1436	2	3	3	5	3
1207	1730	46	48	2	4	1
1208	575	1	4	2	4	2
1209	1128	28	29	3	2	3
1210	696	40	43	3	4	1
1211	169	7	10	2	1	1
1212	1769	4	7	1	2	1
1213	1667	23	24	1	3	3
1214	707	17	19	1	2	2
1215	67	13	15	2	2	1
1216	761	22	23	1	3	1
1217	1068	22	24	2	2	1
1218	1442	47	48	1	5	2
1219	959	24	26	1	4	2
1220	739	39	40	1	3	1
1221	90	23	24	2	4	1
1222	710	18	19	2	5	1
1223	1641	17	20	2	5	1
1224	716	30	33	1	4	2
1225	582	32	34	1	4	1
1226	86	14	16	1	2	3
1227	272	28	29	3	3	3
1228	110	20	23	1	4	2
1229	619	30	32	2	5	3
1230	455	30	33	1	5	3
1231	1028	5	7	1	2	1
1232	271	16	18	3	5	3
1233	928	33	36	3	4	1
1234	1069	12	13	3	4	1
1235	1045	24	25	2	1	2
1236	1101	10	12	3	4	1
1237	1399	40	41	1	4	1
1238	1674	42	45	1	2	3
1239	56	2	5	2	4	2
1240	357	40	41	3	1	2
1241	1671	30	32	2	3	2
1242	923	37	38	2	4	1
1243	312	35	36	2	2	3
1244	262	2	5	2	5	2
1245	669	21	22	3	3	3
1246	503	23	24	2	5	3
1247	1367	42	44	2	1	3
1248	1226	15	17	3	4	2
1249	1411	17	20	2	3	2
1250	1587	10	11	3	5	2
1251	1027	33	34	2	2	3
1252	1096	7	9	3	4	2
1253	1175	28	29	3	5	2
1254	515	15	17	3	5	3
1255	1493	34	35	2	5	3
1256	147	29	30	1	4	2
1257	334	35	38	3	4	2
1258	1774	22	23	2	1	1
1259	1344	16	18	3	2	2
1260	557	30	31	3	1	2
1261	1713	41	44	2	4	1
1262	603	36	37	1	5	3
1263	1273	13	16	3	3	3
1264	15	12	13	1	1	3
1265	905	30	31	1	5	3
1266	432	46	48	2	3	1
1267	180	40	42	3	3	2
1268	71	27	30	3	5	2
1269	953	16	19	2	1	3
1270	540	14	17	2	3	2
1271	942	26	27	2	3	1
1272	908	27	30	2	1	3
1273	1046	27	30	2	5	1
1274	725	21	24	2	4	2
1275	465	34	36	1	3	2
1276	128	18	21	3	1	2
1277	740	14	16	2	1	2
1278	898	42	43	3	4	1
1279	537	36	37	3	5	1
1280	954	22	23	2	2	1
1281	1412	5	6	3	5	2
1282	894	2	5	1	1	1
1283	174	17	20	1	5	2
1284	1075	25	26	2	5	2
1285	124	4	7	2	3	3
1286	642	14	17	3	4	2
1287	97	34	36	3	1	1
1288	31	37	39	2	4	2
1289	1083	20	21	3	2	2
1290	781	46	47	1	1	2
1291	1692	30	33	1	2	3
1292	1218	23	26	1	1	2
1293	659	12	13	3	2	1
1294	977	13	15	1	4	2
1295	1765	10	13	1	4	1
1296	220	32	34	2	1	1
1297	438	30	32	1	2	1
1298	633	22	23	2	4	2
1299	1514	35	37	1	4	1
1300	523	23	26	1	4	1
1301	195	13	16	3	4	1
1302	853	25	27	1	2	3
1303	1254	13	16	3	4	1
1304	988	12	14	3	3	2
1305	1580	13	16	3	1	3
1306	242	28	31	2	3	3
1307	1658	1	3	2	3	2
1308	1071	7	10	2	4	1
1309	1331	25	28	1	2	2
1310	1013	33	34	1	2	2
1311	1093	42	45	2	4	2
1312	1717	44	45	2	1	1
1313	63	41	43	2	2	1
1314	1625	11	13	1	5	3
1315	611	47	48	2	4	1
1316	49	18	21	2	2	2
1317	719	6	9	1	1	2
1318	1526	45	46	2	3	3
1319	1753	46	47	1	2	3
1320	1413	14	17	1	2	1
1321	330	18	21	2	1	2
1322	545	29	31	1	4	2
1323	481	28	29	2	1	1
1324	1643	8	11	2	1	3
1325	1665	24	26	3	3	1
1326	370	6	9	1	2	1
1327	951	37	40	1	3	2
1328	1496	1	3	2	5	1
1329	1064	21	23	3	1	3
1330	867	4	7	3	1	3
1331	550	8	9	2	5	2
1332	423	28	29	1	1	1
1333	1556	22	25	2	5	3
1334	47	41	42	2	1	1
1335	953	43	45	3	4	2
1336	612	12	13	1	1	1
1337	401	13	15	3	3	2
1338	1208	8	9	3	4	2
1339	884	4	7	1	3	3
1340	1635	14	17	3	5	3
1341	835	12	13	3	4	2
1342	1382	39	40	1	2	1
1343	59	16	19	1	1	3
1344	1223	32	34	1	1	1
1345	176	22	24	1	3	1
1346	804	36	39	1	3	2
1347	626	43	46	1	2	2
1348	1346	6	7	1	4	1
1349	1641	30	31	3	4	1
1350	1666	40	42	2	3	2
1351	588	44	45	2	4	1
1352	490	23	26	1	5	2
1353	586	10	11	2	3	3
1354	1602	43	44	2	2	3
1355	1474	39	41	1	4	2
1356	560	27	29	1	5	1
1357	618	16	19	3	3	2
1358	720	43	44	1	1	3
1359	932	32	33	1	4	1
1360	1394	34	35	3	5	2
1361	1238	20	23	1	2	2
1362	1731	17	18	1	5	1
1363	469	42	43	2	1	2
1364	795	14	17	2	2	1
1365	39	40	41	2	5	1
1366	1166	43	46	2	5	2
1367	131	32	35	3	2	1
1368	1775	48	49	1	2	1
1369	1695	24	27	3	1	1
1370	1228	2	5	2	4	1
1371	207	25	27	2	3	2
1372	1663	46	48	1	3	3
1373	493	16	18	2	4	1
1374	962	40	41	2	4	1
1375	254	38	41	1	2	2
1376	640	38	39	2	5	1
1377	524	18	20	3	1	3
1378	821	46	49	1	4	1
1379	1000	9	10	3	5	2
1380	1201	27	29	3	4	1
1381	971	39	41	1	1	2
1382	1682	18	20	2	5	2
1383	119	19	21	1	3	2
1384	343	43	46	1	4	1
1385	750	4	7	2	2	3
1386	489	6	9	3	5	3
1387	142	33	35	2	1	2
1388	1314	1	2	3	2	1
1389	1103	37	40	1	5	2
1390	1385	28	29	2	5	1
1391	913	27	28	2	1	2
1392	1519	24	25	1	2	3
1393	1043	17	18	1	5	2
1394	1513	2	4	1	4	1
1395	1028	28	30	2	4	2
1396	228	37	39	3	1	1
1397	1632	11	14	1	1	2
1398	156	12	15	3	2	2
1399	1572	2	5	3	5	1
1400	1702	6	9	2	5	3
1401	215	5	7	1	1	3
1402	1689	3	6	1	3	3
1403	327	37	38	1	2	3
1404	1694	2	4	3	2	2
1405	1237	28	30	1	3	3
1406	109	34	36	1	2	3
1407	1584	7	9	3	4	1
1408	783	47	49	1	1	2
1409	478	38	39	3	5	3
1410	476	47	48	1	1	2
1411	1533	8	10	3	2	1
1412	1188	13	15	2	1	2
1413	362	3	5	2	5	3
1414	531	10	12	3	1	3
1415	328	44	47	1	4	2
1416	1365	12	14	2	3	1
1417	1025	19	22	3	4	2
1418	952	23	24	3	2	3
1419	1123	25	28	3	4	2
1420	1327	31	32	3	1	3
1421	1445	35	38	3	4	2
1422	748	10	13	3	2	3
1423	1434	10	11	2	2	2
1424	517	7	10	3	3	3
1425	76	45	46	1	2	2
1426	568	4	5	3	5	1
1427	362	9	12	2	4	2
1428	1520	9	10	2	5	3
1429	1633	13	15	3	2	2
1430	1329	37	39	2	3	1
1431	733	31	33	2	4	2
1432	1698	14	15	1	1	2
1433	1317	5	7	1	2	1
1434	495	16	17	1	2	3
1435	520	10	13	2	1	2
1436	1196	43	45	2	4	1
1437	964	10	11	2	5	1
1438	686	11	14	1	2	3
1439	305	29	30	2	4	2
1440	1755	13	16	2	5	1
1441	1465	21	23	1	3	1
1442	250	27	29	1	3	2
1443	1783	25	26	1	5	2
1444	203	29	31	2	5	2
1445	906	20	23	1	5	2
1446	68	38	40	3	5	2
1447	1262	17	19	1	5	2
1448	395	1	4	2	3	2
1449	1654	9	10	3	2	1
1450	509	28	30	3	5	3
1451	1762	23	24	2	1	1
1452	576	35	37	1	4	2
1453	561	16	18	2	1	2
1454	61	25	27	3	3	3
1455	269	19	21	1	3	1
1456	1761	23	24	3	5	1
1457	1527	13	14	2	5	2
1458	1516	41	43	1	1	2
1459	283	26	29	2	1	3
1460	82	33	34	1	4	2
1461	287	33	35	3	3	1
1462	722	12	15	3	4	1
1463	1038	16	18	3	4	2
1464	1265	31	33	1	2	3
1465	1534	2	3	2	5	1
1466	1569	24	27	3	3	1
1467	154	10	12	2	3	1
1468	407	27	30	1	5	1
1469	227	36	38	3	2	2
1470	94	9	11	2	1	1
1471	1382	24	27	1	2	1
1472	1227	20	23	3	5	3
1473	685	26	28	3	4	1
1474	1697	13	15	1	1	3
1475	1364	33	34	1	3	2
1476	1642	46	49	1	4	1
1477	60	32	35	1	1	2
1478	1471	10	12	1	4	1
1479	643	25	28	1	2	2
1480	1230	45	46	2	1	1
1481	1279	42	45	1	1	2
1482	1427	31	32	3	5	2
1483	1156	32	35	3	5	2
1484	746	12	15	1	1	3
1485	637	30	33	3	1	3
1486	405	27	30	2	5	3
1487	1600	17	18	3	5	1
1488	595	22	23	2	5	3
1489	527	36	39	1	4	1
1490	1320	19	20	1	5	1
1491	1181	10	12	3	1	3
1492	230	11	13	2	4	1
1493	518	13	15	3	1	3
1494	868	43	46	2	4	1
1495	1141	11	14	2	5	1
1496	159	31	34	2	3	2
1497	499	17	18	3	5	2
1498	470	32	35	1	2	3
1499	987	45	47	3	1	3
1500	1249	13	15	1	3	2
1501	1425	22	24	3	4	2
1502	567	23	25	1	3	3
1503	267	46	48	2	2	2
1504	1672	8	10	1	3	3
1505	713	37	40	1	3	3
1506	1528	14	16	3	5	1
1507	1701	20	22	3	1	3
1508	266	21	23	2	5	3
1509	1487	24	26	1	1	3
1510	337	7	10	3	5	2
1511	946	39	42	3	2	3
1512	1044	10	11	3	3	3
1513	216	28	29	1	3	1
1514	955	30	32	3	2	2
1515	1678	26	27	1	5	1
1516	198	15	16	2	1	1
1517	871	43	44	1	4	2
1518	866	1	4	1	3	1
1519	1431	34	35	2	4	1
1520	762	35	36	1	2	3
1521	223	4	7	1	2	1
1522	1012	37	38	3	2	2
1523	1532	15	18	2	5	3
1524	665	10	12	1	2	3
1525	1634	26	27	1	1	3
1526	72	26	29	3	5	2
1527	1779	6	9	3	5	3
1528	933	4	5	1	5	1
1529	1625	35	36	2	3	3
1530	1423	18	21	2	4	2
1531	1014	7	9	3	3	2
1532	209	11	13	3	3	2
1533	743	34	36	3	1	1
1534	207	15	18	2	4	2
1535	467	7	8	1	5	2
1536	1293	37	40	1	2	2
1537	1737	43	46	3	4	1
1538	1544	6	9	2	5	2
1539	1290	24	26	2	1	2
1540	26	7	10	3	2	1
1541	369	7	10	1	3	2
1542	260	6	9	2	1	2
1543	83	45	48	1	5	1
1544	4	11	14	3	1	1
1545	487	36	39	3	4	2
1546	21	31	33	1	3	3
1547	1072	28	31	3	2	3
1548	1729	33	36	3	2	1
1549	842	40	42	1	2	3
1550	214	33	35	2	4	2
1551	837	32	34	1	3	1
1552	1548	7	10	2	4	2
1553	790	38	39	2	1	2
1554	775	20	22	1	3	2
1555	1651	21	22	3	3	2
1556	1070	32	35	3	5	3
1557	1036	36	39	2	5	1
1558	910	32	33	3	4	1
1559	791	41	44	1	2	1
1560	27	30	31	2	4	1
1561	830	7	9	2	4	2
1562	526	19	21	3	1	2
1563	897	42	44	3	1	3
1564	1116	3	4	3	2	2
1565	276	10	12	1	3	3
1566	1558	29	32	3	4	2
1567	1009	14	16	2	2	1
1568	1432	5	7	3	1	2
1569	1477	26	29	1	5	1
1570	1085	40	41	2	1	3
1571	41	6	8	2	4	2
1572	1770	31	33	2	4	2
1573	35	32	35	1	5	1
1574	1163	44	47	1	1	3
1575	100	10	12	2	1	2
1576	997	4	5	1	3	3
1577	614	39	41	2	3	1
1578	843	41	42	3	3	1
1579	1358	12	15	3	3	1
1580	1137	29	32	1	4	1
1581	453	23	25	1	5	2
1582	1740	46	47	3	4	1
1583	1740	11	14	1	2	1
1584	753	9	10	3	3	3
1585	949	46	49	1	4	2
1586	1536	41	42	1	1	2
1587	990	40	41	1	2	3
1588	583	42	44	3	5	1
1589	1133	31	32	2	1	3
1590	1056	15	17	3	5	1
1591	1388	43	45	2	1	2
1592	1509	11	12	2	4	1
1593	760	37	39	3	4	1
1594	345	17	19	2	3	2
1595	319	40	41	1	5	3
1596	730	46	47	1	2	1
1597	153	39	42	1	4	2
1598	673	29	30	3	4	2
1599	1443	25	26	3	3	2
1600	44	2	4	2	1	2
1601	293	25	26	3	3	1
1602	1656	45	46	2	1	1
1603	99	8	11	1	1	1
1604	928	38	41	1	1	2
1605	101	40	43	2	3	2
1606	773	27	30	1	3	1
1607	51	42	44	3	5	2
1608	196	42	45	3	1	3
1609	1617	27	30	2	3	2
1610	1512	40	41	1	2	3
1611	406	32	35	3	5	2
1612	1148	8	9	1	1	2
1613	1582	38	40	3	1	3
1614	1340	2	4	2	1	3
1615	1005	4	7	3	5	1
1616	1576	42	44	2	3	2
1617	1667	28	31	1	1	1
1618	592	16	17	3	2	3
1619	522	10	11	3	2	1
1620	387	36	38	2	3	3
1621	279	15	16	1	2	2
1622	1661	23	26	1	3	1
1623	412	30	33	3	4	2
1624	1142	11	13	3	1	1
1625	1328	38	39	2	4	2
1626	388	21	22	1	1	1
1627	844	34	35	1	4	2
1628	1456	3	4	3	2	2
1629	1488	37	39	3	4	2
1630	408	43	44	1	3	3
1631	589	23	24	3	3	1
1632	824	4	6	2	4	1
1633	1302	12	15	3	4	2
1634	1297	26	28	3	1	2
1635	391	31	33	1	1	3
1636	1255	41	44	2	4	1
1637	901	9	10	3	5	1
1638	566	25	27	3	2	2
1639	1603	39	40	2	3	3
1640	784	15	18	2	5	2
1641	380	11	12	2	4	1
1642	511	26	27	2	4	1
1643	1285	18	21	2	4	2
1644	1059	21	24	1	4	2
1645	1087	35	38	2	1	2
1646	1118	16	18	1	1	1
1647	1743	25	26	3	3	3
1648	902	26	27	1	2	1
1649	1280	9	10	3	2	1
1650	1476	27	28	1	5	2
1651	966	30	33	3	4	2
1652	985	20	23	3	3	2
1653	1158	15	17	2	1	2
1654	765	18	20	3	4	1
1655	785	26	27	2	5	2
1656	325	45	48	2	1	2
1657	1332	19	22	3	4	1
1658	118	32	35	2	2	2
1659	904	22	24	3	3	2
1660	365	32	35	1	4	2
1661	687	29	30	2	4	2
1662	1449	23	26	3	4	2
1663	734	21	24	1	3	2
1664	1475	33	35	3	1	1
1665	483	26	28	2	1	3
1666	593	44	46	2	2	1
1667	1146	17	18	1	1	1
1668	181	1	2	3	1	2
1669	339	37	39	1	1	1
1670	210	7	9	3	4	2
1671	1490	33	35	1	1	2
1672	1272	5	7	1	1	2
1673	787	29	31	1	2	2
1674	1566	22	25	1	1	3
1675	1536	37	38	2	2	3
1676	1520	39	40	1	5	1
1677	445	43	44	2	5	1
1678	984	31	34	3	2	3
1679	907	35	37	2	5	3
1680	854	28	29	1	5	1
1681	1318	34	37	3	1	1
1682	1597	18	19	3	4	1
1683	657	5	7	1	4	1
1684	1250	25	27	3	2	1
1685	1086	15	17	1	5	1
1686	772	28	29	3	4	1
1687	1304	15	17	3	3	1
1688	1177	20	23	2	1	2
1689	275	19	21	3	3	2
1690	510	13	15	1	5	3
1691	1370	1	4	2	4	2
1692	849	25	26	2	4	2
1693	1406	28	31	2	2	2
1694	296	25	28	1	2	1
1695	116	38	41	1	4	2
1696	1726	1	4	3	3	2
1697	240	27	28	1	2	2
1698	263	46	47	2	3	1
1699	186	3	4	3	2	2
1700	69	28	31	3	1	3
1701	746	3	4	1	2	3
1702	880	24	25	3	1	2
1703	927	27	28	1	3	3
1704	684	27	29	1	3	3
1705	739	22	24	2	1	2
1706	202	20	23	2	1	3
1707	123	36	37	1	1	1
1708	404	1	4	3	5	2
1709	280	22	25	1	3	1
1710	937	43	44	3	5	3
1711	369	21	24	3	1	3
1712	1562	2	5	3	2	3
1713	851	23	26	1	2	3
1714	454	32	35	3	4	1
1715	1428	44	46	3	5	3
1716	887	48	49	1	1	1
1717	40	18	21	3	4	2
1718	1735	33	35	2	2	1
1719	1239	37	39	2	5	1
1720	1089	40	43	2	4	1
1721	315	11	12	2	4	1
1722	472	37	40	1	2	1
1723	581	18	21	3	2	3
1724	1278	11	13	1	5	2
1725	1316	31	32	2	4	1
1726	1060	20	23	3	5	3
1727	799	28	31	1	5	1
1728	648	10	13	1	3	1
1729	1646	21	22	1	4	1
1730	1720	36	39	2	1	3
1731	364	16	19	1	5	2
1732	1709	42	45	1	2	2
1733	1594	20	21	1	4	1
1734	1291	5	7	1	1	3
1735	427	25	26	2	2	1
1736	190	20	22	2	4	2
1737	1176	41	44	2	5	1
1738	696	29	31	3	5	2
1739	1120	44	45	1	4	1
1740	9	16	18	2	2	3
1741	385	27	29	1	4	2
1742	771	43	44	2	4	1
1743	309	17	20	3	5	2
1744	439	47	49	1	5	1
1745	1773	34	37	1	4	1
1746	735	15	17	3	2	1
1747	1214	43	45	2	4	2
1748	1106	15	18	3	5	1
1749	968	22	23	2	3	2
1750	1357	27	30	2	1	3
1751	1644	22	25	2	3	2
1752	314	3	6	1	1	1
1753	1508	21	22	1	2	2
1754	912	1	2	1	4	1
1755	737	31	32	1	5	1
1756	1423	21	23	1	2	1
1757	691	2	4	1	4	1
1758	1323	20	21	3	5	2
1759	505	7	8	2	3	3
1760	1538	24	27	2	3	2
1761	1404	46	47	2	3	1
1762	7	2	4	1	5	3
1763	1245	39	42	2	5	1
1764	363	3	6	1	3	1
1765	598	30	32	3	5	3
1766	1706	23	26	3	2	3
1767	1748	12	13	3	2	1
1768	798	43	46	2	1	2
1769	1657	6	9	3	5	2
1770	1300	47	49	1	3	2
1771	1377	6	9	2	3	3
1772	986	34	37	2	5	3
1773	620	4	7	1	3	3
1774	1601	31	34	2	5	2
1775	170	38	39	3	1	2
1776	482	6	8	3	1	3
1777	274	21	23	1	5	3
1778	1710	10	13	3	4	1
1779	1145	42	45	3	4	1
1780	289	20	21	3	2	1
1781	239	15	17	1	5	3
1782	350	36	37	2	1	2
1783	148	44	47	3	5	1
1784	1275	34	36	2	2	2
1785	1567	2	4	1	4	1
1786	738	21	22	2	1	2
1787	1620	6	8	3	5	1
1788	1760	38	40	1	4	2
1789	718	42	45	1	4	1
1790	1161	43	45	3	5	1
1791	956	34	36	1	2	2
1792	1498	46	48	2	2	2
1793	1208	1	4	2	5	2
1794	155	35	36	2	5	1
1795	1276	14	17	1	3	2
1796	449	8	11	3	2	3
1797	183	45	46	3	4	2
1798	1501	30	33	3	3	2
1799	1058	29	30	3	1	2
1800	356	41	44	3	2	1
1801	461	3	4	2	5	2
1802	807	17	20	1	4	1
1803	892	19	21	2	2	3
1804	50	13	16	2	4	1
1805	998	39	42	2	2	1
1806	34	43	44	1	1	1
1807	496	2	5	1	5	3
1808	353	20	23	3	4	2
1809	1568	31	34	2	3	3
1810	48	46	47	2	1	1
1811	258	36	39	2	2	1
1812	436	36	38	1	4	2
1813	237	35	38	2	2	2
1814	415	29	32	3	5	1
1815	697	27	29	2	4	2
1816	848	37	40	2	3	2
1817	839	8	9	2	1	3
1818	1090	9	10	1	1	3
1819	1396	30	32	2	1	1
1820	1427	3	6	3	5	2
1821	289	37	38	2	2	2
1822	1702	21	24	1	2	2
1823	587	17	19	3	5	2
1824	1225	28	31	2	1	3
1825	1169	38	39	2	3	2
1826	199	40	43	1	4	1
1827	1020	32	34	2	5	3
1828	1575	18	20	1	5	2
1829	139	10	13	3	4	2
1830	1296	29	31	2	5	2
1831	726	7	10	1	5	3
1832	805	22	24	1	2	1
1833	327	32	34	2	4	1
1834	136	1	2	1	4	1
1835	1605	38	40	2	3	2
1836	1489	19	20	1	2	1
1837	1039	27	30	2	4	2
1838	1105	42	43	1	5	1
1839	443	30	32	3	2	3
1840	973	24	25	3	1	3
1841	525	20	23	3	1	3
1842	1650	3	4	1	3	3
1843	1535	15	16	1	2	3
1844	606	9	12	2	3	2
1845	1200	28	31	2	5	2
1846	480	47	48	2	3	2
1847	654	34	36	1	3	2
1848	671	37	40	2	4	1
1849	562	21	24	2	5	3
1850	1105	18	21	3	1	2
1851	877	30	31	1	5	1
1852	1469	40	41	3	1	1
1853	700	3	4	1	2	3
1854	1	44	45	3	5	3
1855	1126	28	30	2	2	2
1856	1372	11	12	3	1	3
1857	756	41	44	1	5	2
1858	626	23	24	2	2	1
1859	323	32	34	3	1	1
1860	767	35	38	2	3	2
1861	247	35	36	2	5	1
1862	79	36	38	3	5	3
1863	1017	1	4	3	4	2
1864	1386	35	37	2	3	3
1865	140	14	17	2	4	1
1866	831	24	27	1	5	1
1867	122	5	8	1	5	2
1868	1049	4	6	1	1	1
1869	231	9	11	1	1	1
1870	502	44	47	2	1	1
1871	1211	14	15	2	2	3
1872	1555	20	21	1	4	2
1873	789	33	36	2	3	1
1874	625	13	14	3	4	1
1875	548	45	47	3	1	1
1876	1108	21	24	1	4	2
1877	1185	17	18	3	5	1
1878	1529	42	45	2	3	1
1879	616	32	33	1	2	2
1880	580	44	46	1	4	1
1881	812	16	19	2	3	2
1882	1002	18	20	2	4	2
1883	7	22	25	1	3	3
1884	346	25	26	2	2	1
1885	306	2	4	3	1	1
1886	193	31	33	3	1	1
1887	1345	39	42	1	1	3
1888	1305	14	17	3	1	1
1889	1359	21	23	1	1	2
1890	1278	47	48	1	5	3
1891	252	24	27	3	1	3
1892	1366	7	10	1	1	3
1893	1435	20	22	1	1	3
1894	393	39	42	2	3	2
1895	856	30	33	1	2	1
1896	1578	34	35	1	5	2
1897	570	16	18	2	5	1
1898	318	22	23	2	2	2
1899	1771	32	33	3	4	1
1900	1149	3	6	2	4	1
1901	861	41	44	1	5	2
1902	550	31	34	1	5	2
1903	1592	22	25	3	2	2
1904	1028	23	24	1	5	2
1905	881	2	5	3	4	1
1906	1307	30	31	2	3	2
1907	1336	31	33	1	1	3
1908	409	34	36	3	1	2
1909	501	29	31	3	2	2
1910	994	46	49	1	3	3
1911	1353	31	33	1	4	2
1912	634	8	10	3	5	2
1913	1063	17	18	1	2	1
1914	712	42	44	2	4	2
1915	1552	31	33	1	3	1
1916	845	37	40	2	5	2
1917	351	6	7	1	2	2
1918	638	40	42	2	2	3
1919	1628	7	8	2	2	2
1920	529	23	24	1	5	1
1921	1759	26	28	3	4	1
1922	1138	17	20	2	5	1
1923	43	2	4	1	2	3
1924	498	17	18	1	3	3
1925	284	34	36	2	3	2
1926	1464	40	41	3	1	3
1927	98	13	15	3	5	3
1928	149	24	26	3	3	2
1929	1707	34	36	3	5	3
1930	1714	21	23	2	1	1
1931	670	12	13	1	1	1
1932	359	13	16	3	2	3
1933	1097	9	10	2	5	1
1934	1094	39	41	3	5	1
1935	440	14	16	3	1	2
1936	1054	45	48	1	3	1
1937	62	2	5	2	1	1
1938	990	20	21	1	2	2
1939	1086	34	36	2	2	1
1940	18	22	24	1	2	3
1941	653	43	44	3	5	1
1942	1437	20	22	3	5	1
1943	1110	28	29	1	1	3
1944	945	6	7	1	3	1
1945	688	33	36	1	5	1
1946	1623	25	28	3	3	2
1947	1458	17	20	1	1	1
1948	317	24	26	1	4	1
1949	1751	45	47	2	4	1
1950	373	18	20	1	3	3
1951	130	15	16	1	3	3
1952	93	21	22	3	4	1
1953	17	45	47	1	3	3
1954	983	8	10	2	3	1
1955	1480	27	30	1	4	1
1956	1140	18	20	3	1	2
1957	1649	36	39	2	3	3
1958	1637	22	23	2	3	1
1959	653	31	32	1	5	3
1960	935	30	32	1	1	2
1961	1130	4	6	2	5	2
1962	338	24	25	3	4	2
1963	1525	28	30	1	2	2
1964	1438	21	23	3	3	1
1965	916	5	7	3	3	3
1966	596	11	12	1	2	1
1967	925	32	33	3	3	3
1968	1147	28	31	1	3	1
1969	420	33	34	3	1	2
1970	621	32	33	1	2	3
1971	1778	30	31	2	1	3
1972	245	43	44	1	1	1
1973	1777	38	39	3	5	2
1974	462	43	46	3	4	2
1975	701	31	34	3	5	3
1976	919	36	39	2	5	3
1977	499	40	43	2	1	2
1978	1266	10	12	1	4	2
1979	1401	3	6	2	4	2
1980	1523	33	36	1	5	3
1981	1462	27	28	1	3	3
1982	1518	36	39	1	1	1
1983	103	40	43	2	1	2
1984	52	40	41	2	4	1
1985	1190	17	20	1	5	2
1986	1252	8	11	2	5	1
1987	731	2	4	2	1	2
1988	484	35	38	1	5	1
1989	826	29	31	3	5	3
1990	18	5	8	2	5	1
1991	1214	24	27	3	2	2
1992	1360	9	11	3	3	1
1993	1747	12	14	3	1	1
1994	1159	32	35	1	4	1
1995	417	38	41	3	2	3
1996	1197	7	8	2	5	3
1997	397	37	40	2	4	2
1998	340	4	5	2	5	3
1999	150	25	28	2	1	3
2000	1091	8	9	3	5	3

