DATASET = ORTEC-hidden instance set VeRoLog competition
NAME = tools over vehicles over vehicle days over distance with 1000 requests over 25 days

DAYS = 25
CAPACITY = 40
MAX_TRIP_DISTANCE = 15000
DEPOT_COORDINATE = 0

VEHICLE_COST = 200000
VEHICLE_DAY_COST = 5000
DISTANCE_COST = 1

TOOLS = 2
1	15	94	10000000
2	3	160	20000000

COORDINATES = 948
0	3917	6819
1	7904	6140
2	9397	6149
3	7388	6160
4	3849	4137
5	6556	3496
6	8244	6197
7	3979	5133
8	8220	6223
9	9459	6225
10	7618	6237
11	8853	6246
12	8839	6261
13	8153	6153
14	6006	6270
15	8484	6289
16	4227	6290
17	8725	6298
18	8263	6321
19	6794	6331
20	4271	6357
21	8235	6363
22	4118	6170
23	7324	6371
24	3939	6380
25	7854	6406
26	3920	6466
27	8358	6475
28	3711	6477
29	8236	6478
30	9134	5131
31	8469	6486
32	4043	6498
33	3961	6524
34	7505	6526
35	4220	6559
36	8665	6569
37	8258	6575
38	4032	6597
39	8158	6607
40	7349	6609
41	8587	6639
42	7176	6649
43	6848	209
44	3983	6665
45	4126	6669
46	8051	6671
47	7699	6674
48	7880	6677
49	3725	6686
50	3748	6694
51	8771	6702
52	8111	6709
53	7961	6710
54	7192	6757
55	8625	6763
56	8679	6773
57	7013	6781
58	4114	6784
59	3702	6786
60	7536	6794
61	3782	6801
62	3698	6826
63	4218	6830
64	4032	6832
65	3389	6834
66	4245	6835
67	9081	8356
68	7717	6857
69	8480	6887
70	8389	6898
71	7715	6899
72	4633	6922
73	8681	6921
74	8238	6939
75	4557	6945
76	7598	6267
77	8730	6960
78	9024	6963
79	6159	2263
80	9260	6988
81	6359	4272
82	8741	7001
83	6831	7004
84	4290	7026
85	7513	7034
86	8134	7035
87	4797	7038
88	8743	7048
89	6871	7060
90	6274	7060
91	8764	7077
92	4161	7088
93	6127	8764
94	4505	7093
95	8018	7095
96	7642	7100
97	7938	7101
98	7738	7111
99	3697	7126
100	4010	7131
101	4507	7150
102	7531	7155
103	4007	7168
104	8665	7168
105	7915	7177
106	2288	4310
107	7546	7228
108	6153	4367
109	7443	7253
110	4458	7277
111	8205	7278
112	7447	7281
113	3919	7301
114	4746	2320
115	6610	316
116	6693	7312
117	6909	7317
118	6689	7320
119	7090	7322
120	4965	4328
121	9425	7345
122	7613	7352
123	7220	7365
124	7500	8347
125	7456	7417
126	6971	7422
127	7767	7426
128	9616	7442
129	3547	7448
130	9561	7469
131	7282	7476
132	7107	7478
133	6845	7488
134	8682	7512
135	8615	7524
136	9533	7527
137	8119	7528
138	7390	7558
139	9599	7567
140	8547	7571
141	8770	7573
142	8449	7583
143	4386	7590
144	7497	7597
145	8349	7616
146	3797	4780
147	6941	7620
148	8475	7633
149	4486	7639
150	6850	7641
151	8145	7643
152	3480	7647
153	7716	7647
154	7264	7649
155	7501	7663
156	5611	7683
157	6430	7690
158	7059	7692
159	6740	7696
160	7080	7704
161	8544	7705
162	6804	7728
163	6460	7731
164	8008	7747
165	4084	7758
166	5832	7759
167	7282	7760
168	3538	4401
169	5458	7772
170	5429	7774
171	6158	8408
172	7350	7793
173	7162	7830
174	4425	4412
175	5585	7847
176	6715	7852
177	6582	7853
178	6222	7892
179	5979	7897
180	6480	7902
181	4654	4425
182	6212	7930
183	7625	8437
184	5472	7951
185	5440	7964
186	6771	7971
187	6271	7981
188	6902	7999
189	8227	8000
190	8445	8010
191	6281	8012
192	6402	8016
193	5448	8042
194	7517	8051
195	7313	8064
196	6539	8109
197	7228	8111
198	7221	4459
199	5562	8126
200	3619	4463
201	5936	8148
202	7487	8149
203	7561	8156
204	5861	8168
205	7054	8193
206	7301	8204
207	6777	8205
208	5953	8481
209	7444	8221
210	8683	8236
211	5690	8237
212	6137	8286
213	6939	8289
214	9634	6002
215	6710	7605
216	9555	8326
217	3746	5068
218	7505	8376
219	5352	8384
220	3673	8387
221	8186	8390
222	8412	8397
223	6552	8401
224	5600	8401
225	3877	8418
226	6551	8421
227	6244	8427
228	6180	8429
229	3837	8432
230	6678	8439
231	8423	8459
232	7716	8459
233	8864	8461
234	7799	8467
235	5884	8471
236	7161	8477
237	7664	8496
238	6128	8509
239	7919	8510
240	4001	6528
241	6729	8516
242	7092	8522
243	6846	8539
244	5796	4530
245	5760	8553
246	6332	8568
247	6814	8582
248	7722	8583
249	5361	8593
250	5870	8598
251	5527	8548
252	8534	8624
253	7506	8625
254	5464	8626
255	7360	8640
256	5661	8641
257	3931	4414
258	9270	8647
259	6305	8653
260	7753	8668
261	8382	8674
262	6390	8686
263	5634	8686
264	6386	8717
265	7466	8566
266	6866	8728
267	6321	8753
268	5828	8761
269	7686	4567
270	8930	6018
271	5649	8775
272	6497	8800
273	8566	8814
274	5702	8816
275	7564	8855
276	5825	2584
277	6243	8898
278	5928	8899
279	5875	8909
280	6028	8920
281	5847	8924
282	7373	8935
283	5728	8826
284	6051	8952
285	9336	8963
286	3162	2599
287	7367	8991
288	8067	8995
289	7531	8998
290	5816	9002
291	6190	9004
292	7955	9014
293	7981	9027
294	6773	9031
295	5726	9032
296	7744	8619
297	6119	9050
298	6442	9053
299	7713	9066
300	6668	9072
301	7865	9079
302	5949	9081
303	5792	9089
304	6446	9097
305	6136	9113
306	6560	9114
307	6860	9116
308	7062	9119
309	9700	9138
310	6401	9142
311	7590	9146
312	7118	9166
313	8586	9168
314	7628	9168
315	9737	8641
316	7661	9185
317	6815	9186
318	8601	7633
319	7823	9206
320	6310	9217
321	6336	9237
322	7326	9246
323	7574	9247
324	9142	9250
325	7468	9256
326	6579	9263
327	8290	9267
328	6141	9271
329	7512	9288
330	9161	9292
331	7685	9305
332	8814	9312
333	8597	9314
334	9006	9326
335	8541	9347
336	8212	9357
337	6550	9360
338	9051	9362
339	8868	9369
340	8624	9374
341	6478	9378
342	9043	9385
343	8285	8677
344	8668	9392
345	8075	9395
346	3681	6676
347	7006	9424
348	8691	9427
349	8593	9433
350	8797	9433
351	6636	9434
352	8705	9441
353	7217	9446
354	7189	9460
355	6681	9464
356	7203	9470
357	6935	9479
358	9114	9490
359	8410	9495
360	6736	9500
361	7171	9503
362	7102	9504
363	8219	9514
364	6778	9519
365	8602	9527
366	8393	9531
367	6941	9533
368	7040	9539
369	7264	9553
370	7115	9598
371	6322	8715
372	6796	9621
373	8459	9673
374	7202	6734
375	5162	2737
376	6435	9858
377	3502	2757
378	4078	2758
379	3975	7680
380	7802	6058
381	7351	9976
382	7410	9989
383	7352	10000
384	5486	4780
385	3495	2776
386	4765	2778
387	5211	2784
388	5901	8800
389	4218	4596
390	5581	4807
391	3463	6843
392	3257	2842
393	8388	7276
394	6577	8874
395	5827	2877
396	6109	8902
397	7312	6922
398	9406	6938
399	7457	6943
400	7652	6950
401	8370	4947
402	7862	8956
403	5867	2953
404	4273	4498
405	4079	6984
406	7025	4981
407	5400	4982
408	7012	4983
409	8455	6102
410	8134	7016
411	7952	9021
412	5536	5064
413	9044	5067
414	7154	8121
415	7621	9097
416	6098	3102
417	6688	58
418	7711	5120
419	6233	70
420	6536	79
421	4476	7126
422	6356	3120
423	6259	101
424	6519	115
425	3165	5133
426	6297	141
427	6116	145
428	8049	9142
429	6530	203
430	8740	5152
431	4134	5157
432	6786	9169
433	6443	319
434	7560	4370
435	4887	3169
436	6734	432
437	8142	5186
438	8726	5187
439	9225	7192
440	4509	3186
441	6488	538
442	6526	594
443	8765	5220
444	7131	5238
445	7731	5248
446	7400	5250
447	6443	9283
448	6273	1018
449	6772	1021
450	8009	5287
451	7366	7320
452	7218	9346
453	8141	5344
454	3679	5352
455	7037	5362
456	8730	5379
457	6638	3380
458	6399	1647
459	6721	1657
460	6947	1662
461	6246	1677
462	5138	4182
463	7638	5783
464	6418	1717
465	6499	7403
466	1501	1785
467	6423	1789
468	6383	1805
469	4233	5414
470	6479	1831
471	3887	7421
472	8114	5418
473	1853	1860
474	6782	1893
475	0	1922
476	6401	1936
477	5114	1949
478	3823	4191
479	6403	1980
480	7018	7445
481	5036	2008
482	6671	2014
483	5797	3444
484	8443	9455
485	6458	2050
486	4703	2075
487	7155	2089
488	6077	2101
489	6099	2108
490	7991	5462
491	26	2121
492	5060	2126
493	5758	2132
494	6702	2150
495	6059	2157
496	6482	2161
497	4733	2174
498	4618	2175
499	5175	2176
500	6339	2191
501	4763	2195
502	6296	2204
503	6209	2218
504	6089	2231
505	6238	2247
506	4846	2257
507	4651	2260
508	4786	2269
509	4809	2300
510	4611	2324
511	4889	2333
512	6518	7502
513	4879	2356
514	6531	2371
515	6841	7511
516	6900	5513
517	6303	2452
518	4127	2483
519	6850	7530
520	3117	2508
521	6837	2511
522	6208	2519
523	3037	2551
524	6086	3532
525	1468	2591
526	4674	2608
527	6764	2653
528	6658	2654
529	3423	2663
530	4702	2674
531	7364	2674
532	3938	2678
533	6427	2679
534	3322	2684
535	2657	2691
536	6208	2695
537	3918	2697
538	4791	2699
539	6128	2713
540	419	2743
541	3539	2746
542	3932	2752
543	5484	3567
544	3902	2779
545	2955	2789
546	6188	2790
547	4278	2826
548	430	2835
549	8105	7822
550	5008	2870
551	6072	2877
552	6112	2881
553	2502	2883
554	6186	2901
555	2748	2903
556	2505	2903
557	6584	2905
558	5975	2906
559	669	2908
560	5832	2912
561	6493	2912
562	5061	2918
563	323	2919
564	251	2924
565	4577	2952
566	8817	5601
567	6864	2994
568	3004	2999
569	6260	3014
570	6759	9619
571	5355	3025
572	6838	3042
573	6799	3049
574	5377	3049
575	1103	3052
576	6227	3059
577	6455	3060
578	5522	3067
579	4133	3076
580	2556	3090
581	4098	3096
582	5011	3097
583	4019	3097
584	6360	3106
585	7106	3109
586	5104	3110
587	6255	3135
588	6308	3142
589	6487	3149
590	4660	3165
591	4184	3190
592	6110	3196
593	6381	3206
594	6511	3239
595	6031	3249
596	3043	3251
597	2953	3252
598	4114	3253
599	3976	3256
600	6554	3261
601	6421	3263
602	6003	3266
603	6327	3271
604	3390	3282
605	2914	3309
606	3540	3315
607	5640	3323
608	4715	3327
609	6375	3333
610	7582	8640
611	6413	3344
612	6506	3348
613	4321	3350
614	5430	3355
615	4246	3367
616	5429	3370
617	4811	3375
618	4882	3376
619	5346	3377
620	3745	3393
621	6284	7679
622	2828	3410
623	6531	3432
624	4550	3436
625	6631	3437
626	3793	3448
627	4049	3454
628	5949	3464
629	5656	3483
630	6050	3491
631	3584	3505
632	4674	3528
633	6067	3534
634	4225	3706
635	8535	5712
636	4543	3629
637	5942	3630
638	5866	3632
639	4368	3640
640	4432	3656
641	6155	3658
642	8338	6012
643	5374	3677
644	4401	3679
645	4779	3686
646	6766	3702
647	2458	3726
648	4874	3738
649	5857	3729
650	4718	3751
651	6786	3759
652	4942	3771
653	5526	3738
654	5691	6654
655	5792	3741
656	5365	3815
657	2641	3833
658	4997	3839
659	6036	3900
660	3942	3924
661	2357	3927
662	5891	3940
663	2388	3945
664	6115	3966
665	6681	3976
666	6938	3995
667	4994	3999
668	7010	4008
669	8039	7785
670	5968	4048
671	4248	4055
672	7819	4057
673	4142	4059
674	8784	4260
675	3621	4076
676	4116	4080
677	3649	4083
678	4730	4086
679	4048	4094
680	3573	4097
681	8196	4116
682	3515	4138
683	6287	2662
684	5868	4146
685	6222	4154
686	3932	4170
687	3463	4174
688	4996	4198
689	3832	4205
690	3997	4208
691	3858	4217
692	4390	4218
693	8193	4232
694	4899	4246
695	4935	4257
696	4185	4258
697	8062	4263
698	5089	4269
699	8663	4279
700	5599	4293
701	6365	4297
702	5044	4304
703	6051	4305
704	8271	4315
705	8258	4316
706	8775	4323
707	6136	4325
708	4162	4331
709	6580	4336
710	4491	4349
711	4442	4363
712	8759	4372
713	6151	4382
714	6215	4389
715	4467	4401
716	8871	4408
717	8519	4411
718	5215	4420
719	3590	4433
720	8570	4442
721	2467	4446
722	4139	4471
723	3527	4490
724	5793	4520
725	7510	4536
726	4415	4550
727	6530	7873
728	4116	4572
729	4114	4572
730	4916	4582
731	5134	4591
732	8660	4593
733	7703	4604
734	4630	4616
735	8427	4622
736	7393	4642
737	7869	4655
738	7780	4658
739	8651	4666
740	8539	4673
741	4811	4693
742	8226	4693
743	7987	4698
744	4824	4708
745	8254	4708
746	3871	4709
747	7493	4710
748	6102	7900
749	5125	5897
750	8571	4731
751	8598	4733
752	7984	4748
753	7647	5900
754	4030	4764
755	4242	4764
756	8687	4770
757	5280	4771
758	8372	4788
759	8458	4790
760	8422	4804
761	4000	4807
762	5452	4809
763	7691	4810
764	7730	4819
765	8412	4822
766	7466	8289
767	5306	4836
768	8365	4841
769	4762	4854
770	3557	4854
771	4733	4860
772	8538	4865
773	3822	4874
774	7128	4877
775	3513	4883
776	8601	4887
777	5351	4891
778	5563	4892
779	3566	4902
780	8053	5490
781	8284	4929
782	4016	4942
783	8324	4942
784	5385	4947
785	4065	4949
786	8663	4949
787	8844	5934
788	5405	4955
789	7547	4955
790	7274	4956
791	7949	4959
792	7185	4977
793	5522	4983
794	3726	4994
795	3711	5015
796	8645	5017
797	7899	5023
798	4234	5038
799	8181	5038
800	8280	5041
801	5878	5044
802	9032	5046
803	8120	5057
804	7545	5060
805	4583	5068
806	3826	5073
807	5526	5075
808	7806	5081
809	8245	5111
810	4643	5115
811	4224	5120
812	7170	5123
813	4555	5128
814	3480	5131
815	8391	5141
816	5116	5151
817	9145	5151
818	5459	5155
819	9464	5968
820	8138	5165
821	6674	7974
822	8916	5171
823	3458	5176
824	3564	5177
825	5121	5184
826	7433	5189
827	7776	5974
828	9245	5197
829	4307	5199
830	8683	5205
831	5004	4299
832	5167	5222
833	8480	5249
834	4142	5263
835	4280	5274
836	4171	5276
837	8361	5279
838	3189	5281
839	8197	5284
840	9070	5285
841	3768	5288
842	3730	5292
843	4148	5294
844	3167	5304
845	7039	5333
846	8626	5339
847	8217	5348
848	7735	6004
849	7891	5378
850	4276	5388
851	8011	5394
852	7515	8012
853	7564	5413
854	7244	8015
855	6944	5430
856	7969	5431
857	8487	5435
858	8648	5444
859	5176	5450
860	8348	5452
861	8167	5453
862	8566	5454
863	9184	5456
864	8070	5462
865	8590	5471
866	8324	5476
867	7994	5491
868	7816	5497
869	7758	5511
870	9261	5521
871	4363	5524
872	8304	5536
873	6512	2309
874	8710	5575
875	7414	5603
876	6940	5605
877	7494	5612
878	7611	5623
879	7149	5627
880	7210	5627
881	7537	5629
882	6954	5634
883	3007	5639
884	7676	5655
885	8134	5663
886	7654	5673
887	7634	5678
888	4598	5690
889	8438	5691
890	4430	5694
891	8110	5695
892	9100	5697
893	8624	5697
894	8101	5703
895	8332	5709
896	9561	5715
897	8767	5715
898	7917	5717
899	7426	5718
900	8706	5720
901	7927	5720
902	7784	5724
903	7600	5729
904	4522	5735
905	3447	4064
906	9466	5751
907	7761	5759
908	8917	5764
909	6788	5787
910	7738	5788
911	7504	5791
912	9370	5858
913	9431	5879
914	9100	5880
915	9331	5882
916	9185	5887
917	8293	5899
918	8937	5900
919	7687	5920
920	4181	4094
921	8413	5930
922	9374	5955
923	7517	4967
924	7738	5958
925	9564	5970
926	7497	8108
927	8897	6104
928	9200	5975
929	5834	8110
930	7848	5988
931	9616	6000
932	8082	6005
933	8667	6010
934	3434	6012
935	8703	6013
936	8939	6032
937	8314	6037
938	7290	6053
939	9178	6073
940	7621	6099
941	3351	6103
942	8591	6103
943	8239	6114
944	7993	6116
945	9075	6116
946	9203	6126
947	9329	6129

REQUESTS = 1000
1	888	16	18	1	2	1
2	491	12	14	1	2	1
3	871	4	5	2	2	2
4	405	23	24	1	1	1
5	223	17	20	3	2	2
6	675	2	5	2	2	3
7	436	20	23	2	1	1
8	788	8	10	3	1	1
9	336	15	18	1	1	2
10	834	21	22	1	2	1
11	887	18	20	1	2	1
12	203	3	4	3	2	3
13	148	21	24	1	2	3
14	22	10	11	2	1	1
15	890	12	13	1	1	1
16	529	20	21	3	2	2
17	195	14	17	3	1	1
18	512	18	19	3	1	2
19	864	12	15	3	1	1
20	614	8	11	2	2	2
21	757	13	15	1	2	3
22	820	7	8	1	2	3
23	96	3	4	2	2	2
24	362	10	11	3	2	2
25	31	14	17	3	1	2
26	808	2	5	2	2	2
27	431	16	19	3	1	2
28	493	5	8	3	1	2
29	476	14	17	2	2	3
30	849	15	17	1	2	1
31	677	12	15	2	1	1
32	745	14	16	3	1	2
33	58	17	20	1	1	1
34	206	4	7	1	1	1
35	685	18	19	1	1	1
36	439	14	15	2	1	1
37	377	1	2	2	1	1
38	322	16	18	3	2	3
39	500	5	6	1	2	2
40	90	14	17	2	1	2
41	838	9	10	2	1	2
42	606	14	16	2	1	1
43	700	19	20	2	2	1
44	663	21	23	2	1	1
45	197	1	4	2	1	2
46	896	15	16	3	1	1
47	600	18	19	1	2	3
48	354	21	22	1	1	1
49	221	4	6	2	1	2
50	608	12	13	1	1	1
51	762	14	15	3	2	1
52	14	6	7	3	2	3
53	365	3	4	3	2	1
54	762	8	11	3	1	1
55	282	7	8	1	2	1
56	417	14	15	1	1	1
57	415	6	7	3	1	1
58	884	11	13	2	2	3
59	45	13	14	1	2	1
60	721	19	21	2	2	2
61	352	11	13	3	2	3
62	265	4	7	3	1	1
63	511	18	19	3	1	1
64	115	9	12	3	1	1
65	930	8	9	2	2	1
66	567	20	21	1	2	1
67	705	12	14	2	2	1
68	118	2	3	3	2	3
69	543	5	8	1	2	1
70	819	12	15	3	1	1
71	11	3	5	1	1	1
72	340	20	21	3	2	2
73	692	12	15	2	2	1
74	599	4	5	3	1	1
75	639	14	17	1	2	1
76	272	11	13	2	1	1
77	361	20	21	2	2	1
78	313	13	16	2	2	1
79	851	20	21	1	1	2
80	784	13	15	3	1	1
81	95	13	14	2	2	3
82	403	15	16	3	2	2
83	886	6	8	1	2	2
84	208	6	8	3	2	3
85	323	1	2	2	1	1
86	894	9	10	1	1	1
87	201	13	14	2	1	1
88	408	9	11	2	1	2
89	400	12	13	1	1	2
90	199	2	3	3	1	2
91	274	10	13	2	1	1
92	899	4	5	2	2	2
93	648	13	14	3	2	1
94	267	15	17	3	2	2
95	563	8	10	3	1	2
96	764	15	17	1	1	1
97	277	5	7	2	2	3
98	542	1	4	3	1	1
99	913	6	7	3	1	2
100	931	5	7	2	1	1
101	790	15	17	2	2	2
102	388	6	7	2	1	2
103	264	6	8	3	2	2
104	89	16	19	2	1	2
105	21	19	21	2	2	2
106	694	13	16	2	1	1
107	103	6	9	3	2	3
108	18	16	19	2	1	2
109	466	9	11	3	1	2
110	634	17	20	3	2	2
111	814	15	17	1	2	2
112	292	1	3	1	2	3
113	117	12	15	2	1	1
114	409	7	9	1	2	2
115	82	11	13	2	2	3
116	939	16	19	1	1	1
117	926	5	6	3	2	3
118	198	7	9	2	1	1
119	188	20	22	3	2	3
120	120	5	6	1	1	1
121	193	16	19	3	1	1
122	469	14	15	2	2	3
123	841	13	15	1	2	3
124	676	17	19	2	2	2
125	616	17	19	1	2	1
126	669	3	4	2	2	3
127	61	5	7	3	2	2
128	722	20	21	1	1	1
129	593	17	20	1	2	2
130	398	10	12	1	2	2
131	703	8	11	1	1	1
132	209	15	16	3	1	2
133	284	5	6	2	2	1
134	73	14	15	2	2	2
135	909	8	11	1	1	1
136	711	12	15	2	2	3
137	854	6	8	1	2	1
138	404	1	2	1	2	3
139	341	3	6	2	1	2
140	189	1	4	3	1	2
141	372	4	6	2	1	1
142	457	20	23	2	2	2
143	168	18	20	2	1	2
144	517	14	15	2	1	2
145	212	7	9	2	1	1
146	779	8	10	2	2	2
147	60	6	8	2	1	1
148	279	20	22	1	2	1
149	335	17	18	3	2	3
150	224	6	9	2	1	1
151	911	7	8	1	1	2
152	495	16	17	3	1	2
153	618	6	9	1	1	2
154	166	10	12	3	1	1
155	545	6	9	3	2	2
156	947	16	17	3	1	2
157	750	3	5	3	1	1
158	940	3	5	1	1	2
159	474	7	8	2	1	1
160	216	15	17	2	1	1
161	659	2	5	2	2	3
162	714	1	2	3	2	1
163	503	14	16	1	1	1
164	481	1	2	2	2	1
165	574	17	18	2	2	3
166	895	17	20	2	1	1
167	307	17	20	1	1	1
168	490	20	22	1	2	2
169	150	11	14	2	2	3
170	410	17	20	1	1	1
171	13	3	6	2	1	1
172	621	3	5	1	1	2
173	172	4	6	2	2	2
174	245	5	7	1	2	1
175	182	16	17	1	1	2
176	811	15	18	1	2	1
177	273	12	13	2	2	3
178	662	7	9	2	2	2
179	38	18	19	2	1	1
180	938	12	15	2	2	2
181	641	21	22	2	2	2
182	121	8	11	3	2	3
183	902	8	11	1	1	2
184	123	16	19	2	2	2
185	780	12	13	1	1	2
186	414	18	19	2	2	3
187	531	2	4	3	2	1
188	584	5	8	3	1	1
189	571	15	17	2	1	2
190	389	15	18	2	2	3
191	668	7	9	1	1	2
192	442	5	8	3	1	1
193	588	10	13	1	2	3
194	149	20	22	2	1	1
195	346	11	12	2	2	2
196	724	11	12	1	2	3
197	446	14	17	1	1	2
198	533	15	18	1	1	1
199	882	7	10	3	1	1
200	351	7	10	1	2	3
201	514	22	23	2	2	3
202	592	16	18	1	1	2
203	169	20	21	2	2	2
204	885	18	21	2	1	2
205	809	23	24	1	1	1
206	558	5	8	1	2	3
207	435	13	15	2	1	2
208	56	19	20	1	1	1
209	492	17	20	1	1	2
210	821	2	4	2	2	3
211	233	5	7	1	1	2
212	347	7	10	2	1	1
213	630	11	13	1	2	2
214	728	19	20	3	2	1
215	735	14	17	1	1	2
216	165	4	6	3	1	2
217	782	17	19	3	2	1
218	815	3	4	2	1	2
219	296	1	4	3	1	2
220	597	13	16	3	2	1
221	582	4	6	2	2	2
222	345	19	22	1	2	1
223	241	20	22	3	1	2
224	552	14	17	2	1	1
225	387	21	22	2	2	2
226	246	17	19	1	2	3
227	153	19	21	3	1	1
228	20	11	14	2	2	3
229	661	18	21	1	1	1
230	214	1	4	3	2	3
231	167	20	21	1	1	1
232	164	21	23	2	1	2
233	53	7	9	3	2	1
234	687	6	9	3	2	3
235	305	15	17	1	1	2
236	520	18	21	1	2	1
237	394	16	19	1	2	3
238	785	14	15	1	1	1
239	214	8	10	2	2	2
240	684	22	24	1	2	3
241	595	2	3	2	2	2
242	339	21	22	1	2	1
243	30	11	12	1	1	2
244	6	6	8	1	2	2
245	611	3	6	2	2	3
246	468	15	17	3	2	3
247	786	4	6	3	2	3
248	673	9	10	1	1	2
249	828	22	24	1	2	3
250	810	19	21	3	2	2
251	443	4	5	1	2	3
252	486	1	2	1	1	2
253	800	10	13	2	2	1
254	488	10	12	3	2	1
255	566	4	6	1	2	3
256	228	2	4	1	1	2
257	576	12	13	2	1	2
258	415	15	16	1	2	1
259	62	16	18	3	1	2
260	768	9	10	2	2	2
261	861	14	16	1	2	2
262	497	16	19	3	2	1
263	234	5	7	3	2	2
264	802	19	21	3	1	1
265	217	13	14	2	2	1
266	914	20	23	1	1	1
267	657	2	4	3	1	2
268	518	3	6	1	2	1
269	891	11	12	3	1	1
270	258	21	22	3	2	3
271	400	20	21	2	2	1
272	222	11	13	1	2	1
273	159	16	17	3	2	1
274	334	2	3	2	2	1
275	934	11	14	3	2	1
276	186	16	19	3	1	2
277	23	16	17	3	2	3
278	104	15	17	2	1	1
279	880	21	22	2	1	2
280	528	8	10	3	2	2
281	847	23	24	1	1	1
282	577	2	3	3	1	2
283	276	18	21	2	1	1
284	272	7	10	1	2	1
285	393	16	18	1	1	2
286	548	7	9	1	1	2
287	936	21	22	2	2	2
288	732	12	13	3	1	1
289	239	1	3	1	1	2
290	632	14	15	2	2	1
291	482	15	18	2	1	1
292	925	2	5	3	1	2
293	63	4	5	2	2	2
294	47	3	4	3	1	2
295	609	12	15	3	2	3
296	316	19	22	3	1	2
297	686	8	11	2	1	2
298	406	7	8	2	2	3
299	759	13	14	1	2	1
300	736	11	12	1	1	1
301	771	7	8	2	1	2
302	756	10	12	1	2	2
303	612	3	6	3	2	1
304	626	5	8	3	2	1
305	658	19	21	1	1	2
306	852	13	15	1	1	2
307	729	5	6	2	2	2
308	624	9	11	3	2	3
309	100	3	5	2	2	1
310	477	13	16	2	2	1
311	298	7	8	1	1	2
312	794	4	5	1	1	2
313	324	15	17	3	1	2
314	519	14	15	2	1	2
315	371	14	17	2	1	2
316	937	1	3	2	1	2
317	769	11	14	3	1	1
318	191	12	14	3	2	1
319	364	2	4	1	1	2
320	878	21	24	1	2	1
321	651	7	10	1	1	2
322	594	13	15	1	2	3
323	399	1	4	2	1	1
324	451	16	18	1	2	2
325	401	11	13	1	2	1
326	872	13	14	1	2	1
327	297	19	22	2	1	1
328	337	9	12	3	2	2
329	508	4	6	3	1	1
330	177	11	13	3	1	1
331	876	11	12	2	2	1
332	269	22	23	1	2	3
333	906	8	11	3	1	1
334	390	19	21	1	1	2
335	660	4	6	3	1	2
336	313	20	22	1	2	2
337	331	9	12	1	1	2
338	637	11	13	1	2	1
339	332	10	13	2	1	1
340	261	11	14	1	1	2
341	311	12	15	1	1	2
342	812	4	7	3	2	3
343	456	3	6	3	2	1
344	81	3	6	2	1	2
345	490	16	17	1	2	1
346	510	5	8	3	1	1
347	46	6	9	1	2	1
348	535	16	18	1	2	2
349	542	2	5	2	2	3
350	541	12	15	3	1	2
351	97	19	21	2	1	2
352	654	3	5	2	1	2
353	525	12	14	1	1	2
354	665	3	4	2	1	2
355	749	23	24	1	1	2
356	513	7	10	3	1	1
357	256	13	16	2	1	1
358	946	18	21	2	2	2
359	19	5	6	3	1	1
360	557	12	14	2	2	1
361	229	6	9	3	2	3
362	15	4	6	2	1	2
363	374	7	8	2	2	1
364	385	16	18	2	1	1
365	131	6	8	2	1	2
366	483	17	18	1	1	2
367	499	14	17	2	1	2
368	16	19	21	1	1	1
369	698	21	22	1	1	2
370	109	20	21	3	2	3
371	230	12	13	1	1	1
372	251	11	13	3	2	2
373	116	18	20	2	1	2
374	146	18	21	2	1	1
375	755	2	3	2	2	2
376	791	12	14	3	2	3
377	716	8	11	3	2	3
378	458	18	21	3	1	2
379	620	4	5	3	2	2
380	905	19	21	1	1	1
381	428	11	13	3	1	2
382	747	4	7	3	1	1
383	34	4	7	2	2	1
384	699	9	11	1	1	1
385	135	20	22	1	1	1
386	553	7	9	3	2	2
387	869	11	14	1	2	2
388	505	17	18	3	1	1
389	1	18	21	2	2	1
390	733	21	22	3	1	1
391	837	13	14	2	2	3
392	642	10	11	3	2	2
393	645	11	13	2	2	1
394	912	5	8	1	2	1
395	627	10	11	1	1	2
396	59	5	8	3	1	2
397	696	18	21	2	2	1
398	440	6	7	1	2	3
399	281	5	8	2	1	2
400	39	15	17	2	1	1
401	570	16	18	1	2	2
402	472	1	2	2	2	3
403	482	5	7	2	1	1
404	928	18	19	2	2	1
405	70	14	17	2	2	1
406	382	13	14	3	1	1
407	827	11	14	1	1	1
408	370	13	14	3	1	2
409	315	19	21	3	2	1
410	243	18	20	3	2	2
411	781	8	9	3	1	1
412	652	4	6	1	1	2
413	853	15	18	3	2	1
414	856	15	16	2	1	2
415	380	4	6	3	1	2
416	462	21	23	1	1	2
417	552	12	13	3	2	2
418	656	17	20	3	2	2
419	778	14	17	2	2	3
420	862	1	2	1	2	1
421	250	3	6	2	1	2
422	870	4	6	2	2	1
423	344	11	12	3	2	3
424	559	15	17	3	1	1
425	134	14	16	1	2	1
426	381	8	10	2	2	3
427	496	22	23	2	1	1
428	717	19	22	1	2	2
429	709	14	15	3	2	1
430	806	20	23	2	1	1
431	205	14	16	3	2	1
432	804	18	21	1	2	1
433	127	10	11	1	2	2
434	766	5	6	2	1	1
435	240	15	16	1	2	1
436	670	11	14	3	2	1
437	39	11	14	2	2	3
438	924	1	4	3	1	2
439	310	9	11	2	1	2
440	300	6	9	2	2	3
441	509	13	14	1	1	2
442	454	1	4	1	1	1
443	461	7	9	2	1	2
444	50	3	6	2	1	2
445	873	18	21	2	2	3
446	678	9	11	2	1	1
447	84	21	23	2	1	2
448	192	2	3	1	1	1
449	355	11	12	3	2	2
450	932	5	8	1	1	2
451	904	17	19	2	1	1
452	72	8	11	1	1	1
453	190	1	4	2	2	2
454	603	21	24	1	2	1
455	581	18	21	3	1	2
456	807	17	20	3	2	3
457	741	15	18	2	2	1
458	287	16	17	3	2	3
459	303	5	6	1	2	3
460	379	15	16	1	2	1
461	522	12	15	1	1	2
462	395	15	16	3	1	1
463	139	7	9	3	1	1
464	628	7	8	1	1	1
465	183	4	7	1	2	1
466	74	14	15	3	2	1
467	36	16	18	3	2	3
468	277	10	12	2	2	2
469	215	21	22	2	1	2
470	772	7	9	1	2	3
471	235	21	22	2	1	1
472	920	10	12	2	1	1
473	285	17	19	1	2	2
474	650	11	14	3	1	2
475	752	8	9	2	2	2
476	763	14	16	1	2	2
477	553	1	4	2	1	2
478	818	10	13	1	1	2
479	445	3	4	2	2	1
480	908	14	15	2	2	2
481	715	3	4	2	2	1
482	704	9	10	2	1	2
483	787	15	16	1	1	1
484	237	9	12	3	1	2
485	319	1	4	3	2	2
486	356	19	20	1	1	2
487	187	9	11	2	2	2
488	236	8	9	2	2	1
489	573	21	23	2	1	1
490	549	18	20	2	1	2
491	682	7	10	3	2	1
492	367	1	4	2	2	2
493	622	1	4	2	1	1
494	137	16	17	2	1	1
495	672	7	9	3	1	2
496	50	1	2	2	2	2
497	510	2	4	2	2	2
498	321	12	13	3	2	2
499	843	16	18	1	1	1
500	12	9	12	2	1	1
501	302	14	16	1	1	2
502	333	14	15	3	2	3
503	646	5	8	3	1	2
504	850	16	18	3	1	1
505	185	10	11	2	1	2
506	947	1	4	3	2	1
507	17	8	11	2	2	2
508	410	9	11	3	2	3
509	226	20	23	1	2	2
510	605	19	21	2	1	2
511	289	4	5	1	1	2
512	683	11	14	1	1	2
513	174	5	6	3	1	2
514	427	20	22	2	2	1
515	889	19	22	3	2	1
516	64	3	4	3	1	2
517	516	18	21	1	2	2
518	57	13	14	2	1	1
519	158	20	23	1	1	2
520	178	10	13	1	1	2
521	796	21	23	2	2	3
522	252	1	3	1	1	2
523	748	18	20	2	1	1
524	839	14	16	1	2	2
525	257	20	23	2	2	2
526	207	19	22	1	2	3
527	196	17	18	3	2	1
528	262	3	5	1	1	2
529	85	3	4	1	2	3
530	640	14	17	1	1	1
531	846	7	8	1	2	2
532	893	2	5	3	1	1
533	27	15	18	3	2	1
534	620	18	19	3	2	3
535	162	7	10	2	2	1
536	232	15	16	2	1	2
537	805	14	17	3	1	1
538	92	4	6	3	2	3
539	883	4	5	3	2	3
540	723	16	17	2	2	2
541	66	21	22	2	1	1
542	173	21	24	1	2	2
543	526	3	4	3	2	2
544	338	20	22	1	2	1
545	93	14	16	2	2	2
546	357	19	21	1	1	1
547	879	3	6	2	2	1
548	142	20	23	1	1	1
549	739	12	15	1	2	1
550	320	3	5	1	2	2
551	463	20	21	2	1	2
552	325	5	8	3	2	1
553	664	21	24	1	1	1
554	386	21	24	1	1	1
555	397	3	5	3	2	2
556	227	3	4	3	1	2
557	892	12	15	2	2	3
558	308	8	9	2	1	1
559	220	12	14	3	1	1
560	579	7	10	3	2	3
561	380	5	8	2	2	2
562	713	17	19	2	1	1
563	789	8	10	3	2	3
564	26	21	22	1	1	2
565	855	7	9	1	2	1
566	24	10	11	1	1	1
567	793	3	4	2	2	1
568	432	10	13	3	1	2
569	560	8	9	3	1	2
570	589	13	16	1	1	1
571	633	7	9	3	1	1
572	65	9	12	2	2	3
573	629	13	14	3	1	1
574	292	1	4	2	1	2
575	330	15	18	2	1	1
576	98	17	19	3	2	3
577	179	9	12	3	1	2
578	369	5	8	3	1	1
579	124	20	22	1	2	1
580	701	20	22	2	2	2
581	348	16	18	3	1	2
582	730	18	19	1	2	2
583	473	11	13	1	1	2
584	110	9	12	2	2	1
585	734	12	15	2	1	2
586	669	4	5	1	1	1
587	863	8	9	3	2	3
588	678	4	5	2	2	2
589	204	3	4	1	1	1
590	523	12	13	2	1	1
591	502	9	12	2	2	2
592	88	8	10	3	2	3
593	760	10	11	1	2	2
594	171	23	24	1	1	2
595	180	18	19	1	1	1
596	286	2	4	3	2	2
597	10	5	6	1	2	2
598	568	17	20	3	1	1
599	163	14	15	1	2	3
600	471	14	17	1	2	1
601	87	14	17	3	2	1
602	547	6	7	1	2	2
603	125	13	14	2	2	2
604	154	10	13	3	2	3
605	266	20	21	3	1	2
606	674	19	21	2	2	1
607	91	18	19	2	1	2
608	538	17	18	3	1	1
609	299	2	3	3	2	3
610	625	22	23	2	2	1
611	604	17	19	1	2	2
612	3	14	16	2	2	2
613	859	19	20	1	1	2
614	86	8	10	1	1	2
615	777	17	20	3	2	1
616	695	3	4	1	1	2
617	9	5	6	1	2	2
618	478	3	6	3	2	3
619	211	4	7	2	1	1
620	941	9	12	1	1	2
621	725	3	4	2	2	3
622	942	5	6	2	2	2
623	160	6	9	2	2	1
624	363	11	12	3	2	3
625	268	2	4	2	1	1
626	202	5	8	1	2	2
627	922	5	6	2	1	1
628	105	4	7	1	1	2
629	112	1	3	2	2	1
630	35	5	6	1	2	1
631	254	13	16	2	2	3
632	824	4	7	1	1	2
633	728	6	7	2	1	1
634	293	7	10	2	1	1
635	877	14	15	3	1	1
636	253	6	9	2	1	2
637	54	10	12	3	1	2
638	76	10	13	2	1	2
639	213	16	17	2	2	2
640	479	3	6	3	1	2
641	67	7	10	2	2	1
642	498	10	11	3	1	2
643	835	2	5	3	2	1
644	136	22	23	2	1	2
645	376	1	2	3	2	1
646	28	8	10	3	1	1
647	2	17	19	2	2	1
648	929	21	22	2	1	2
649	719	15	18	1	1	1
650	353	20	21	1	2	2
651	179	16	18	3	1	1
652	449	5	7	1	1	1
653	384	13	14	2	2	1
654	792	18	21	3	1	2
655	569	12	14	1	2	2
656	259	7	9	3	1	2
657	421	12	15	3	1	2
658	77	15	17	1	1	1
659	848	1	4	3	2	3
660	874	19	21	1	2	3
661	945	3	5	3	2	2
662	231	13	15	2	2	1
663	5	22	23	2	1	1
664	844	4	6	3	2	1
665	774	7	8	1	2	3
666	825	18	19	2	2	3
667	373	9	10	2	1	2
668	613	1	4	2	2	1
669	765	13	15	2	1	1
670	358	16	19	2	2	2
671	865	8	10	1	2	1
672	617	1	4	2	2	3
673	393	5	7	3	2	1
674	744	15	17	1	2	1
675	71	2	5	2	2	1
676	707	6	9	1	2	2
677	438	3	4	1	2	2
678	378	10	12	1	1	1
679	40	4	5	2	2	2
680	119	19	21	2	2	2
681	652	21	23	2	2	2
682	448	10	13	2	2	1
683	860	6	9	1	2	1
684	306	7	10	2	2	2
685	419	18	21	2	1	2
686	901	2	3	1	2	1
687	539	1	3	3	2	2
688	181	5	7	2	2	2
689	527	11	12	1	1	2
690	138	21	24	1	1	1
691	643	8	11	1	2	3
692	411	13	15	2	2	2
693	671	19	21	1	1	1
694	248	13	15	2	1	2
695	712	8	10	2	2	2
696	470	18	20	3	2	1
697	422	13	16	3	2	2
698	350	12	14	2	1	1
699	78	4	7	1	1	1
700	114	20	22	1	2	1
701	935	7	9	3	2	3
702	266	11	12	2	2	3
703	312	6	9	2	1	1
704	464	2	5	1	2	3
705	751	1	3	2	1	1
706	773	20	21	1	2	2
707	858	19	22	1	1	2
708	943	12	15	2	1	2
709	453	10	11	3	1	1
710	783	8	11	2	1	2
711	130	7	8	2	2	1
712	829	2	3	3	1	2
713	842	14	17	3	1	1
714	916	21	22	3	1	1
715	249	18	20	1	2	1
716	51	5	7	3	2	2
717	238	8	11	3	2	3
718	921	3	4	2	1	2
719	596	4	6	3	1	1
720	607	11	12	2	1	1
721	75	7	9	3	1	1
722	727	1	3	2	2	1
723	532	10	13	1	2	3
724	152	17	19	2	2	3
725	271	19	20	3	1	2
726	260	16	18	2	2	1
727	145	3	4	3	1	1
728	413	13	14	1	1	1
729	666	1	2	3	2	2
730	41	13	16	1	2	2
731	534	15	18	1	2	2
732	140	5	6	2	2	3
733	42	4	6	2	2	1
734	817	6	9	3	2	3
735	291	21	22	2	2	1
736	270	12	13	3	2	1
737	242	11	12	2	2	3
738	917	14	17	3	2	2
739	441	6	9	3	1	2
740	33	12	13	3	2	2
741	309	1	3	1	1	1
742	200	3	6	2	2	2
743	145	16	19	1	1	1
744	587	7	10	2	2	2
745	900	16	17	3	2	1
746	465	6	9	2	2	1
747	586	16	18	3	2	2
748	585	19	22	1	2	3
749	689	2	5	1	2	1
750	44	2	3	2	1	1
751	101	16	17	1	2	1
752	460	9	10	1	2	1
753	294	13	15	1	2	3
754	255	18	20	2	2	3
755	157	1	4	2	1	2
756	113	22	24	1	1	1
757	761	8	11	3	2	1
758	688	16	18	3	2	3
759	485	5	8	1	1	2
760	424	18	21	1	1	2
761	237	18	20	3	2	3
762	306	14	15	1	2	3
763	79	7	8	2	2	2
764	151	20	22	1	2	2
765	360	10	12	3	2	1
766	786	5	7	1	1	1
767	156	19	21	1	1	2
768	175	19	21	2	2	3
769	738	14	15	3	2	3
770	185	19	20	2	2	3
771	653	5	6	2	1	2
772	210	3	4	1	1	2
773	275	20	22	1	2	2
774	225	9	11	2	2	2
775	590	18	19	2	1	1
776	420	10	11	2	2	3
777	718	14	15	1	2	3
778	102	2	5	2	1	1
779	795	5	6	2	1	1
780	845	13	15	2	2	3
781	697	5	6	1	1	2
782	430	14	17	1	2	2
783	382	10	11	3	2	2
784	147	3	5	2	1	2
785	423	7	8	3	1	1
786	580	10	12	3	1	2
787	679	6	7	2	2	2
788	635	10	13	1	1	2
789	572	13	14	1	2	3
790	866	10	11	1	2	1
791	708	5	6	3	1	1
792	562	17	19	2	2	1
793	425	17	20	3	1	2
794	797	15	16	3	1	2
795	742	14	15	2	2	1
796	218	22	24	1	1	1
797	304	18	21	3	1	2
798	426	9	12	3	2	1
799	816	20	22	2	1	1
800	578	20	23	1	1	2
801	826	20	21	1	1	2
802	706	11	12	2	1	2
803	551	17	18	3	2	2
804	122	15	17	3	2	2
805	4	8	11	3	1	1
806	69	6	7	2	1	2
807	903	17	18	3	1	1
808	314	18	21	2	1	2
809	340	4	7	3	1	1
810	754	9	12	2	2	3
811	155	13	14	1	1	1
812	556	2	5	3	2	2
813	897	16	19	2	1	2
814	933	15	18	3	2	3
815	619	16	17	2	1	1
816	132	16	18	1	2	1
817	540	17	20	1	2	3
818	591	10	11	1	2	1
819	447	14	17	2	1	1
820	288	5	8	3	1	2
821	290	9	10	2	1	1
822	52	2	5	2	2	1
823	56	21	22	2	2	2
824	362	21	24	1	1	2
825	204	3	5	3	2	3
826	107	5	8	3	1	1
827	494	12	13	3	2	2
828	631	12	14	2	2	2
829	623	6	7	1	1	2
830	7	9	10	2	2	2
831	80	18	21	1	1	1
832	189	8	11	3	2	1
833	450	16	19	2	1	2
834	133	13	14	1	1	1
835	263	9	11	1	1	1
836	43	13	16	3	2	1
837	487	7	10	3	2	3
838	359	17	19	3	1	1
839	655	19	22	1	2	2
840	343	7	9	3	2	1
841	407	19	22	2	2	2
842	318	15	18	1	1	2
843	875	6	9	3	2	3
844	758	20	22	1	2	2
845	128	16	19	1	1	2
846	515	5	6	2	2	2
847	333	5	8	1	2	3
848	726	14	15	1	2	2
849	919	5	7	2	2	2
850	737	20	22	1	1	2
851	301	14	16	3	2	2
852	740	10	11	3	1	2
853	900	1	4	2	2	2
854	329	1	4	1	1	2
855	504	20	22	2	2	1
856	798	10	12	3	2	2
857	391	6	7	2	2	1
858	881	4	6	2	1	2
859	542	15	17	3	2	2
860	524	12	14	3	1	2
861	144	7	10	2	2	3
862	280	7	8	1	2	2
863	247	8	9	1	2	2
864	801	3	4	1	2	1
865	822	14	16	1	2	1
866	803	13	14	1	1	2
867	108	8	9	3	2	1
868	944	17	18	2	2	3
869	244	13	14	3	2	1
870	484	13	16	3	1	1
871	371	16	19	2	2	2
872	907	15	17	1	1	2
873	52	15	18	2	2	1
874	649	8	10	2	1	1
875	681	12	14	3	2	2
876	825	19	20	1	1	1
877	489	7	8	2	2	2
878	327	4	7	2	1	2
879	149	14	17	1	1	2
880	702	16	19	3	1	1
881	647	6	8	3	2	1
882	840	20	21	3	2	2
883	278	10	11	1	2	2
884	927	11	13	1	2	3
885	219	1	3	2	2	1
886	598	20	22	1	2	1
887	636	13	16	3	1	2
888	813	3	4	2	1	2
889	161	2	4	1	1	1
890	867	6	7	3	1	1
891	283	8	11	3	1	1
892	25	11	12	1	2	1
893	743	16	19	3	2	2
894	833	8	11	3	1	2
895	37	17	19	1	2	3
896	113	3	5	3	1	1
897	638	2	3	3	2	3
898	731	18	21	2	1	1
899	475	22	24	1	1	1
900	868	21	22	2	1	2
901	507	18	19	1	2	2
902	29	17	20	3	2	1
903	918	13	16	3	1	1
904	429	22	23	1	2	2
905	898	10	12	3	2	2
906	176	1	4	1	1	2
907	396	20	21	2	2	1
908	693	7	9	1	2	1
909	434	3	5	2	2	1
910	444	5	7	2	1	1
911	433	2	5	3	2	1
912	746	14	17	3	1	1
913	575	1	4	3	1	1
914	691	3	6	1	2	3
915	601	7	9	3	2	3
916	550	10	11	1	2	2
917	744	18	21	3	1	2
918	536	2	4	3	1	1
919	317	12	15	2	2	1
920	111	7	10	1	1	2
921	564	6	7	2	1	1
922	480	11	13	1	2	1
923	143	8	9	2	1	2
924	910	9	12	2	1	2
925	412	17	19	1	2	2
926	799	6	8	1	1	2
927	418	14	17	3	2	3
928	615	10	11	1	2	1
929	776	21	23	1	2	3
930	455	10	13	3	2	3
931	94	7	8	1	1	1
932	583	10	13	2	2	1
933	832	5	6	2	2	3
934	857	4	6	2	1	2
935	775	20	21	3	2	2
936	831	5	8	3	2	2
937	437	1	2	3	2	1
938	32	12	15	3	1	1
939	452	9	11	3	2	2
940	325	14	16	2	2	1
941	295	13	16	1	1	1
942	416	6	7	1	1	1
943	851	8	9	1	1	2
944	349	11	13	1	2	3
945	8	14	15	3	1	1
946	644	15	18	1	1	1
947	710	3	4	2	2	3
948	501	3	5	3	2	3
949	565	9	11	1	1	2
950	184	15	17	3	1	1
951	823	21	23	2	1	1
952	665	12	13	1	1	2
953	194	13	16	3	1	2
954	55	6	9	1	2	3
955	326	2	5	1	2	3
956	767	3	6	2	2	3
957	694	7	9	3	2	2
958	546	19	21	1	1	2
959	49	4	6	3	2	3
960	830	14	16	3	2	3
961	770	6	7	3	2	1
962	383	6	7	2	1	1
963	836	9	11	2	1	1
964	129	7	10	2	1	2
965	610	21	23	1	2	2
966	544	21	22	3	1	2
967	342	10	11	1	1	2
968	170	3	6	1	1	1
969	680	20	22	1	2	1
970	126	16	19	3	1	2
971	923	6	7	2	2	1
972	366	15	17	2	1	2
973	667	1	4	3	2	2
974	99	11	14	2	1	1
975	753	8	9	1	1	1
976	467	19	21	3	2	3
977	48	20	22	2	1	2
978	106	13	16	3	2	3
979	402	7	10	2	2	2
980	328	8	10	2	1	2
981	442	14	17	3	2	1
982	915	11	12	1	1	2
983	392	7	9	1	2	1
984	368	19	20	3	2	1
985	690	10	12	1	2	3
986	375	13	16	2	1	1
987	602	12	13	2	2	1
988	537	1	2	1	2	2
989	555	12	13	1	1	2
990	68	17	20	3	1	1
991	720	17	19	1	2	1
992	459	19	21	1	2	1
993	530	3	4	1	2	2
994	141	8	11	1	2	2
995	83	8	10	1	1	2
996	554	10	12	2	1	1
997	521	20	22	1	1	1
998	770	17	18	3	2	1
999	561	6	8	2	2	2
1000	506	20	22	3	1	2

