DATASET = ORTEC-hidden instance set VeRoLog competition
NAME = tools over distance over vehicle days over vehicles with 2000 requests over 65 days

DAYS = 65
CAPACITY = 45
MAX_TRIP_DISTANCE = 16000
DEPOT_COORDINATE = 0

VEHICLE_COST = 1
VEHICLE_DAY_COST = 4000
DISTANCE_COST = 300000

TOOLS = 5
1	12	54	50000000
2	3	58	10000000
3	3	58	50000000
4	9	64	20000000
5	9	56	20000000

COORDINATES = 1800
0	3976	3992
1	7904	6140
2	8838	6142
3	9397	6149
4	8803	6151
5	7392	6161
6	8275	6163
7	9327	6163
8	5701	6166
9	4289	6176
10	4275	6176
11	7321	6189
12	7682	6193
13	7086	6195
14	8172	6195
15	8565	6203
16	7730	6217
17	8220	6223
18	8856	6228
19	7618	6237
20	3943	4146
21	4551	6246
22	7527	6249
23	7256	6253
24	7894	6264
25	7082	7537
26	4030	6288
27	8484	6289
28	3881	4157
29	8247	6309
30	7462	6312
31	7864	6313
32	5985	6320
33	3410	6163
34	8385	6345
35	6700	6347
36	8195	6360
37	6212	6371
38	8344	6390
39	7733	6396
40	7514	6409
41	8441	6415
42	3848	6424
43	3968	6428
44	7399	6437
45	8590	6455
46	7469	6455
47	8240	6457
48	7569	6462
49	7458	6469
50	7538	6188
51	4073	6488
52	7809	6191
53	8683	6504
54	8050	6505
55	6791	6506
56	3775	6509
57	7546	6512
58	6460	6518
59	8445	6519
60	7909	6520
61	3777	6522
62	7676	6527
63	7608	6543
64	8209	6545
65	7024	8205
66	4220	6559
67	7450	6568
68	3890	6571
69	4262	6571
70	8441	6600
71	7683	6601
72	8663	6602
73	7055	6604
74	7373	6605
75	3780	6613
76	6967	6618
77	7193	6620
78	8574	6621
79	8369	6623
80	7537	6628
81	8587	6639
82	8318	6640
83	4055	6650
84	8295	6651
85	7030	6653
86	8321	6666
87	4190	6670
88	8051	6671
89	3838	6673
90	7685	6673
91	7699	6674
92	8023	6681
93	3883	4220
94	7863	6686
95	8862	6224
96	8004	6696
97	3416	6705
98	4534	4226
99	8488	4226
100	3680	6730
101	7726	6734
102	8743	6734
103	7763	6738
104	8701	6741
105	4020	6748
106	8604	6749
107	7997	6751
108	8679	6773
109	8550	6776
110	3850	6782
111	8303	6792
112	7348	6801
113	7125	6814
114	3698	6826
115	4218	6830
116	3389	6834
117	8581	6835
118	8307	6843
119	6392	6854
120	4585	6863
121	8633	6863
122	4663	6866
123	8243	6874
124	7749	6876
125	8522	6885
126	8117	6888
127	8170	6889
128	8538	4254
129	5019	2754
130	8043	6900
131	8118	6904
132	8492	4258
133	7820	6916
134	9628	6918
135	8681	6921
136	3930	6931
137	7828	6943
138	8490	6946
139	7462	6948
140	7478	6951
141	8763	6955
142	8730	6960
143	7794	6961
144	8023	6961
145	6777	6969
146	9110	6976
147	7550	6992
148	3940	7006
149	6907	7012
150	4240	7014
151	7855	7021
152	3916	5560
153	4309	7025
154	4277	7026
155	3541	7028
156	8780	7027
157	4797	7038
158	6939	8236
159	8759	7067
160	5985	7070
161	4012	7073
162	3982	7074
163	8052	6289
164	3680	7083
165	6127	8764
166	4742	7090
167	8742	7094
168	7747	7100
169	8542	7105
170	7699	7120
171	3506	7127
172	7184	7129
173	9316	7132
174	4694	5216
175	4316	7136
176	8732	7139
177	8491	7142
178	8140	7148
179	6657	7149
180	4507	7150
181	7790	7152
182	8256	7153
183	7246	7154
184	4230	7160
185	7379	7170
186	4779	3964
187	4181	7175
188	6733	7175
189	6903	7177
190	8991	7182
191	4491	7183
192	6502	4304
193	9083	7196
194	6726	7197
195	3882	7199
196	8875	7199
197	3936	7201
198	4353	7203
199	7269	7203
200	7241	7206
201	3975	7219
202	4416	7223
203	3368	7227
204	7546	7228
205	9179	7229
206	8016	7231
207	4147	7233
208	8582	7233
209	4534	7234
210	8794	7235
211	9124	7246
212	7443	7253
213	8058	7258
214	4913	7263
215	4591	4317
216	4951	7265
217	7980	4316
218	8813	7274
219	6795	7280
220	3527	7281
221	8002	7288
222	7654	7289
223	8268	7290
224	7478	7292
225	8835	7302
226	3808	7307
227	4054	7307
228	8713	7309
229	7170	7971
230	4260	7316
231	3746	7327
232	6622	7329
233	5406	4327
234	7023	7345
235	8048	7348
236	7613	7352
237	6586	7353
238	3845	7358
239	7829	7363
240	3817	7378
241	6540	7380
242	8268	7391
243	6954	7398
244	7228	7400
245	8351	7401
246	8050	7403
247	7500	8347
248	6325	7414
249	7767	7419
250	7767	7426
251	4177	7438
252	5979	7440
253	9616	7442
254	6494	7576
255	8342	6350
256	3928	4348
257	7635	7466
258	7743	7468
259	8652	7474
260	8365	7480
261	6941	7490
262	3746	7492
263	9078	7493
264	7344	7506
265	9420	7511
266	4165	4360
267	8861	7535
268	6030	7537
269	6439	7538
270	7732	7540
271	6994	7542
272	7367	7549
273	2418	4366
274	9299	7563
275	9315	7569
276	8343	4778
277	4513	7581
278	3750	7588
279	4386	7590
280	7823	7601
281	8478	7603
282	4388	4373
283	7300	7612
284	7920	7617
285	3908	7618
286	7608	7620
287	7112	7627
288	5802	3979
289	2908	2779
290	4486	7639
291	6850	7641
292	7264	7649
293	5698	7661
294	7501	7663
295	8035	7667
296	7864	7676
297	5611	7683
298	5733	7684
299	8342	7686
300	6430	7690
301	8389	7699
302	7525	7701
303	7937	7701
304	7841	7716
305	7523	7720
306	7583	7731
307	9558	7735
308	4498	7743
309	6659	7747
310	5820	7749
311	5393	7761
312	6719	7773
313	3922	4402
314	7350	7793
315	4496	2401
316	6575	7797
317	8968	7799
318	8580	7809
319	6963	7815
320	6782	7819
321	6877	7862
322	4048	7829
323	7162	7830
324	8414	7831
325	7980	7833
326	4425	4412
327	6582	7853
328	4142	7853
329	5380	7857
330	6859	7860
331	8706	7868
332	3700	2414
333	5293	7873
334	6747	7878
335	5350	7883
336	7384	7885
337	7400	7892
338	6222	7892
339	6757	7893
340	5979	7897
341	5370	7907
342	7123	7911
343	6800	7923
344	7322	7937
345	6904	7938
346	4235	7943
347	5472	7951
348	4357	4433
349	6236	7967
350	6260	7967
351	7372	7970
352	5856	4434
353	7422	7978
354	8312	6440
355	6586	7989
356	8468	7997
357	7136	7998
358	6902	7999
359	7005	8004
360	7160	8007
361	8197	5593
362	5399	8015
363	6402	8016
364	5898	8020
365	5427	8024
366	6338	8024
367	9276	8030
368	8324	8034
369	7317	8037
370	5971	8052
371	6120	8058
372	7161	8069
373	6001	8084
374	9375	8084
375	7667	8088
376	5866	7998
377	3987	3995
378	5683	8100
379	9984	8101
380	9628	8103
381	7549	8106
382	6539	8109
383	7289	8113
384	5469	8117
385	6064	8121
386	8246	4460
387	8416	8128
388	7409	8130
389	7278	8135
390	3619	4463
391	4690	3596
392	5563	8146
393	6143	8471
394	7561	8156
395	7701	8163
396	8645	8166
397	6168	8169
398	7054	8193
399	5695	8198
400	6690	8200
401	7294	8201
402	7084	8202
403	7301	8204
404	6777	8205
405	7307	8208
406	6487	8222
407	7482	8226
408	6615	8231
409	5690	8237
410	8803	8239
411	7418	6483
412	5538	8253
413	7715	8261
414	5970	8263
415	6896	8263
416	7643	8492
417	8776	8277
418	6939	8289
419	7576	8293
420	7514	8295
421	5361	8302
422	7006	8326
423	5471	8331
424	6879	8342
425	5533	8347
426	7634	8349
427	7259	8356
428	8928	8369
429	8529	4501
430	3589	8378
431	8782	8379
432	7955	8382
433	5352	8384
434	7890	8386
435	8093	8389
436	9773	8392
437	5623	8393
438	5861	8397
439	8841	8408
440	8060	8410
441	9363	8411
442	7212	8514
443	9303	8414
444	3877	8418
445	7578	8420
446	7715	6512
447	7406	8426
448	6244	8427
449	5814	8432
450	6868	8436
451	8734	8520
452	7412	8520
453	6089	8455
454	7501	8473
455	6748	8525
456	8887	8486
457	8238	4664
458	5786	8497
459	6181	8500
460	7709	8502
461	7882	8504
462	4001	6528
463	3684	8516
464	7714	8518
465	6953	8525
466	6557	8534
467	6874	8534
468	8440	7612
469	6846	8539
470	9552	8539
471	6135	8545
472	7210	8551
473	6217	8559
474	7780	8565
475	8829	4533
476	8528	8566
477	6112	8569
478	9755	8571
479	9659	8571
480	8460	8573
481	7376	8577
482	6354	8578
483	6396	6539
484	6814	8582
485	5361	8593
486	3933	8596
487	5870	8598
488	5891	8603
489	5527	8548
490	6109	8620
491	6166	8621
492	6391	8625
493	7489	8628
494	5651	8631
495	7446	8632
496	9647	8644
497	8069	8649
498	8155	8651
499	6190	8654
500	6165	8658
501	5903	8661
502	6109	8681
503	5841	8682
504	6514	8692
505	5727	8697
506	6897	8699
507	7680	8702
508	7541	8712
509	7736	8716
510	7790	6562
511	7466	8566
512	3910	8726
513	7152	8731
514	8119	8735
515	6211	8759
516	7764	8763
517	7360	8765
518	4097	4567
519	8930	6018
520	5441	8773
521	7480	8774
522	5649	8775
523	6814	8778
524	8807	4569
525	8348	8783
526	6924	8785
527	5625	8789
528	5697	8795
529	6014	8800
530	6006	8815
531	8566	8814
532	8103	8828
533	5796	8831
534	7338	8838
535	7539	8840
536	6045	8847
537	7564	8855
538	6446	8859
539	5486	8866
540	5921	8867
541	7056	8868
542	7739	8872
543	9402	8874
544	6918	8874
545	8383	4585
546	6194	8592
547	7607	8889
548	7080	8889
549	9388	8892
550	7394	8902
551	4189	4591
552	4584	4022
553	4006	2588
554	5595	8931
555	6720	8932
556	6765	8939
557	5571	8957
558	5824	8960
559	7627	4599
560	7374	8967
561	7529	8971
562	7502	8971
563	7986	9007
564	7751	9013
565	7630	9017
566	7293	9018
567	6666	9042
568	6726	9044
569	6973	5308
570	5988	8624
571	8002	9074
572	7865	9079
573	7931	9079
574	5949	9081
575	6334	9087
576	6446	9097
577	6827	9099
578	7816	5629
579	6008	9111
580	8074	9112
581	6705	9117
582	9010	9141
583	6326	9161
584	9323	9167
585	8586	9168
586	6233	9170
587	8943	9171
588	8498	9172
589	8168	9174
590	7318	9176
591	6040	9179
592	7535	9181
593	8778	9183
594	4773	2633
595	6597	9188
596	6635	9195
597	8392	9198
598	9315	9198
599	7823	9206
600	7058	2636
601	9270	9211
602	6407	9218
603	8756	9235
604	8918	9240
605	6674	9242
606	8041	9246
607	9298	5234
608	6374	9255
609	7468	9256
610	6498	9276
611	3816	6656
612	7471	9282
613	8683	9283
614	8551	9287
615	6167	9289
616	8732	9290
617	8313	9297
618	7994	9307
619	6855	9309
620	8064	9311
621	8396	9318
622	7464	9323
623	7968	4659
624	8315	6663
625	8207	6664
626	9212	9338
627	9096	9341
628	9288	9346
629	6921	9347
630	7421	9352
631	6973	9360
632	6550	9360
633	7966	9376
634	6478	9378
635	9081	9378
636	8326	9384
637	8285	8677
638	4579	2668
639	8307	9398
640	6207	9409
641	8360	9415
642	6550	9428
643	9175	9438
644	7754	9442
645	8580	9450
646	9189	9464
647	8886	9466
648	8391	9478
649	6914	9480
650	8476	9482
651	9152	9482
652	8418	9485
653	7242	9493
654	7102	9496
655	6904	9498
656	7102	9504
657	9170	9505
658	7951	9506
659	9209	9509
660	8500	4431
661	8122	8699
662	8945	9521
663	9123	9525
664	8383	9563
665	9167	9580
666	8057	9613
667	8495	9631
668	7910	9633
669	8187	9634
670	5045	9642
671	4254	4714
672	8520	9654
673	8167	9657
674	8714	6721
675	4126	5249
676	694	2732
677	5162	2737
678	6342	9868
679	7597	4753
680	3704	6761
681	7291	9976
682	7410	9989
683	9509	8781
684	6160	2782
685	5211	2784
686	7429	4790
687	7328	4798
688	8754	5956
689	4492	2798
690	8620	4801
691	3866	2801
692	5581	4807
693	4256	2805
694	3720	4809
695	7219	4810
696	4186	2814
697	5668	4817
698	5743	8826
699	4721	4823
700	4016	3269
701	8357	4825
702	8467	6833
703	3848	4472
704	3463	6843
705	7035	2843
706	412	2861
707	650	2864
708	6552	8875
709	5866	2877
710	6519	6888
711	8626	8899
712	5445	2890
713	3564	4899
714	8746	4905
715	4180	2902
716	6503	2902
717	8840	4907
718	7810	8924
719	2977	4944
720	7935	6950
721	9501	7643
722	4273	4498
723	7154	6980
724	5400	4982
725	8731	4983
726	7955	6993
727	7313	2903
728	7724	6506
729	5499	3003
730	8604	7015
731	8545	5014
732	7952	9021
733	8019	5308
734	3845	5024
735	8997	7028
736	3559	7029
737	7124	9488
738	3419	4125
739	4234	7061
740	5536	5064
741	2717	5083
742	4687	7101
743	8719	5099
744	8140	5216
745	4528	7106
746	6648	0
747	6650	48
748	4039	5120
749	6395	66
750	4282	6546
751	6454	82
752	7910	7129
753	8236	6130
754	6681	140
755	3501	4770
756	6559	223
757	4658	5147
758	6502	226
759	6850	241
760	6925	253
761	6530	269
762	6809	6537
763	4831	3157
764	6881	316
765	6451	319
766	3115	3161
767	6840	330
768	8582	5165
769	6564	353
770	6755	358
771	6662	380
772	7523	5175
773	7015	397
774	6535	409
775	6878	7742
776	6474	421
777	3606	7183
778	8142	5186
779	6336	483
780	8939	7196
781	7854	5195
782	4712	3193
783	6648	543
784	7797	9207
785	7549	4372
786	7712	5219
787	8765	5220
788	3986	3226
789	8373	9238
790	6732	770
791	6083	9253
792	4571	4153
793	4108	3245
794	5592	3253
795	7410	5265
796	6120	3262
797	8778	7271
798	4176	3268
799	8630	5759
800	8848	9281
801	6526	991
802	6443	9283
803	8740	5895
804	6273	1018
805	7347	9287
806	7307	7290
807	7111	9300
808	7021	7298
809	5618	3292
810	6256	8567
811	3519	4164
812	6560	1158
813	7551	8967
814	4973	2694
815	8654	9315
816	7244	5309
817	7038	5317
818	5250	5769
819	6885	1288
820	6903	1317
821	6846	3496
822	8548	9338
823	6463	1351
824	6397	9345
825	8697	5342
826	8141	5344
827	7161	5350
828	7877	4574
829	3679	5352
830	6800	1462
831	6576	7359
832	5811	3356
833	8669	5365
834	6937	1551
835	6410	1558
836	6813	1620
837	8730	5379
838	7397	7981
839	6027	1643
840	6208	1653
841	6521	1661
842	6470	1667
843	6747	1678
844	7614	5392
845	7094	1733
846	6499	7403
847	4679	2983
848	8452	5785
849	6238	3401
850	6450	1786
851	1267	3404
852	6550	9414
853	7910	5409
854	1564	1805
855	6383	1805
856	7127	1854
857	7558	4988
858	6343	3416
859	4024	5421
860	6817	1872
861	7149	1876
862	7358	8191
863	6810	1889
864	7669	9433
865	5847	1908
866	5299	2188
867	3615	3430
868	5754	1953
869	6503	1958
870	7229	1979
871	5166	1982
872	5036	2008
873	4428	5445
874	8196	8624
875	5274	2033
876	5344	2034
877	5212	2055
878	5497	2058
879	405	2069
880	6700	2076
881	6270	2083
882	5522	2085
883	5719	2086
884	4557	3454
885	6162	2092
886	6097	2095
887	83	2099
888	6104	3455
889	4145	6597
890	5119	2120
891	5861	2130
892	5400	2137
893	4244	4597
894	6318	2152
895	6175	2158
896	5892	2163
897	4733	2174
898	5175	2176
899	6339	2191
900	320	2201
901	8181	7480
902	1699	2209
903	6755	2231
904	6089	2231
905	6238	2247
906	6426	2248
907	5724	2251
908	4846	2257
909	5374	2291
910	7845	5491
911	1607	2320
912	2296	2328
913	6579	2335
914	4729	2340
915	5057	2344
916	5392	2351
917	5027	2359
918	5014	2370
919	6531	2371
920	4026	2376
921	6841	7511
922	4812	2394
923	4590	2398
924	4642	2410
925	3686	2414
926	4737	2416
927	4672	2416
928	6342	2417
929	6900	5513
930	4898	2435
931	9396	5516
932	6700	2447
933	6878	2448
934	6239	2459
935	4908	2481
936	3963	2499
937	6072	3523
938	6850	7530
939	3835	2516
940	4180	7533
941	5982	2528
942	3126	2532
943	5950	2538
944	611	2542
945	6663	2567
946	4241	2577
947	6492	2587
948	3279	2595
949	2741	2599
950	3995	2608
951	3893	2623
952	2839	2624
953	4600	2627
954	7105	2633
955	6792	2635
956	773	2637
957	3267	2640
958	4674	2648
959	2812	2650
960	2881	2659
961	6644	2664
962	4859	2666
963	7271	2668
964	3459	2671
965	7364	2674
966	2943	2677
967	4557	2678
968	8436	5556
969	3404	2689
970	6872	2690
971	6208	2695
972	3918	2697
973	4201	2698
974	6254	2700
975	2598	2701
976	2853	2709
977	2691	2712
978	3822	2716
979	3826	2732
980	2936	2734
981	3391	2737
982	1259	2743
983	295	2759
984	3637	2765
985	5484	3567
986	740	2768
987	4954	2774
988	4236	2775
989	3919	2781
990	4137	2790
991	2934	2794
992	4087	2799
993	3498	2802
994	5273	2805
995	4816	2814
996	6053	2817
997	7058	2825
998	3662	2829
999	430	2835
1000	4947	2844
1001	5599	2844
1002	4655	2852
1003	6469	2855
1004	5408	2857
1005	327	2861
1006	5044	2871
1007	6072	2877
1008	3084	2878
1009	4810	2880
1010	4081	2881
1011	6112	2881
1012	4829	2888
1013	4051	2888
1014	633	2890
1015	300	2895
1016	5991	2895
1017	5453	2896
1018	2748	2903
1019	2505	2903
1020	6584	2905
1021	2579	2905
1022	2730	2908
1023	4005	2911
1024	7040	2914
1025	2616	2916
1026	2512	2917
1027	5061	2918
1028	485	2932
1029	2517	2932
1030	4746	2936
1031	6010	2939
1032	3562	2940
1033	3421	2943
1034	6495	7604
1035	8817	5601
1036	7792	5601
1037	6273	2956
1038	6898	2962
1039	5325	2964
1040	2434	2975
1041	1948	2976
1042	5518	2987
1043	981	2992
1044	4156	3000
1045	6637	3007
1046	6068	3010
1047	5669	3011
1048	6448	3014
1049	6012	3024
1050	5475	3031
1051	6327	3031
1052	5870	3035
1053	5884	3036
1054	1012	3038
1055	6378	3051
1056	5683	3052
1057	2791	3067
1058	5553	3074
1059	5940	3079
1060	5932	3086
1061	6341	6230
1062	5742	3088
1063	4686	3104
1064	7106	3109
1065	6315	3114
1066	6793	3116
1067	5346	3125
1068	6883	3130
1069	4529	3135
1070	3207	3138
1071	4927	3141
1072	5045	3146
1073	4875	3164
1074	5304	3171
1075	2873	3172
1076	4624	5641
1077	6028	3189
1078	4527	3199
1079	5560	3216
1080	1393	3220
1081	6673	3226
1082	9627	8636
1083	6618	3234
1084	5074	3236
1085	6609	3237
1086	6511	3239
1087	4114	3253
1088	3976	3256
1089	3994	3263
1090	5626	3264
1091	6003	3266
1092	3699	3268
1093	2846	3271
1094	4466	3653
1095	4918	3299
1096	6183	1653
1097	7117	3310
1098	5953	3324
1099	6821	3326
1100	4192	3332
1101	6375	3333
1102	2289	3337
1103	4079	3340
1104	7582	8640
1105	2456	3346
1106	1605	3347
1107	6506	3348
1108	4321	3350
1109	6580	3352
1110	5574	3355
1111	4738	3362
1112	4108	3365
1113	4246	3367
1114	5749	3369
1115	7283	5670
1116	5429	3370
1117	3982	3373
1118	4882	3376
1119	5346	3377
1120	8749	7440
1121	4030	3380
1122	5647	3388
1123	4093	3395
1124	5886	3395
1125	6571	3401
1126	5565	3402
1127	3971	3403
1128	5230	3408
1129	3738	3409
1130	2828	3410
1131	4053	3412
1132	4048	3414
1133	6531	3432
1134	3793	3448
1135	5269	3448
1136	6509	3459
1137	5344	3460
1138	8527	5687
1139	4499	3475
1140	5481	3481
1141	5467	3489
1142	6002	3491
1143	6050	3491
1144	4511	3494
1145	5445	3507
1146	5686	3519
1147	5976	3519
1148	8663	6644
1149	3602	3533
1150	6067	3534
1151	6189	3535
1152	4329	3539
1153	4483	3542
1154	4235	3568
1155	6826	3569
1156	3196	3575
1157	6316	3703
1158	6154	3586
1159	5872	3600
1160	4888	3707
1161	6271	7716
1162	7512	5714
1163	4788	3639
1164	4866	3643
1165	6017	3651
1166	6385	3652
1167	8338	6012
1168	6021	3670
1169	5113	3680
1170	7219	7728
1171	4873	3693
1172	5333	3696
1173	4757	3703
1174	1951	3729
1175	9177	5732
1176	5520	3746
1177	6768	3747
1178	6786	3759
1179	6021	3762
1180	4971	3775
1181	5626	3776
1182	5567	3776
1183	4802	3781
1184	6685	5740
1185	5342	3796
1186	5382	3828
1187	4273	3830
1188	4530	3848
1189	5617	3850
1190	5545	3851
1191	4069	3867
1192	5432	3887
1193	6036	3900
1194	5904	3905
1195	4306	3908
1196	2135	3922
1197	4433	3928
1198	5857	3941
1199	5128	3945
1200	4454	3953
1201	5474	3955
1202	4912	3957
1203	5562	3959
1204	2371	3968
1205	6169	3977
1206	2174	3979
1207	3988	3981
1208	3774	3985
1209	3709	3991
1210	5063	3995
1211	3817	3996
1212	6722	3997
1213	4080	3998
1214	4994	3999
1215	2381	4001
1216	3830	4002
1217	2155	4002
1218	2873	4003
1219	4425	4023
1220	4273	4028
1221	2236	4031
1222	1906	4033
1223	3440	4033
1224	7009	4035
1225	4671	4036
1226	4234	6662
1227	3728	4045
1228	3532	4047
1229	3571	4052
1230	4248	4055
1231	7879	4060
1232	5193	4061
1233	5336	4061
1234	6952	4071
1235	6328	4074
1236	3825	4076
1237	3705	4081
1238	3709	4082
1239	5954	4083
1240	3951	4085
1241	3573	4097
1242	3758	4100
1243	4656	4110
1244	8244	4121
1245	7987	4125
1246	7981	9466
1247	5277	3796
1248	5868	4146
1249	4170	4151
1250	6828	4154
1251	6222	4154
1252	6853	4160
1253	6219	4164
1254	3932	4170
1255	6738	4174
1256	4037	4178
1257	3209	4183
1258	3535	4184
1259	8927	7809
1260	4295	4191
1261	4474	4197
1262	3585	4203
1263	4120	4213
1264	4864	4216
1265	3858	4217
1266	6381	4219
1267	6776	4220
1268	4132	4221
1269	3426	4229
1270	8315	4234
1271	4339	4237
1272	3809	4241
1273	4046	4244
1274	7088	4245
1275	8565	4252
1276	3909	4263
1277	3938	4266
1278	5470	4267
1279	6091	4286
1280	4813	4292
1281	8860	4293
1282	8445	4297
1283	5044	4304
1284	6051	4305
1285	4444	4308
1286	5190	4312
1287	8714	4317
1288	4095	4323
1289	3519	4325
1290	3643	4328
1291	4162	4331
1292	4526	4333
1293	5009	4339
1294	2341	4341
1295	3957	4345
1296	8589	4351
1297	4468	4356
1298	5384	4357
1299	7898	4362
1300	4073	4363
1301	8380	4366
1302	8167	4370
1303	2493	4371
1304	4067	4372
1305	2506	4373
1306	4749	4380
1307	3308	4383
1308	9151	5839
1309	3338	4387
1310	8493	4388
1311	4317	4396
1312	4723	4397
1313	2481	4398
1314	7079	4398
1315	4467	4401
1316	6324	4402
1317	7102	4404
1318	8519	4411
1319	8529	4411
1320	2698	3841
1321	4068	4415
1322	8317	4425
1323	3585	4427
1324	4373	4429
1325	2414	4432
1326	3590	4433
1327	8872	4436
1328	7888	4437
1329	5807	4441
1330	8323	7999
1331	6969	4444
1332	3617	4450
1333	2864	4457
1334	3339	4459
1335	4030	4463
1336	4254	4465
1337	5799	4467
1338	4139	4471
1339	8677	4471
1340	2656	4475
1341	7571	4488
1342	8900	4491
1343	4221	4497
1344	3908	4500
1345	9356	5859
1346	7063	4504
1347	8467	4505
1348	4663	4506
1349	2462	4512
1350	4794	4514
1351	2459	4520
1352	5387	4532
1353	7510	4536
1354	7878	4537
1355	8520	4539
1356	5793	4543
1357	8160	4547
1358	3336	4557
1359	8675	4559
1360	6036	8641
1361	8190	4562
1362	8516	4563
1363	4985	4564
1364	6530	7873
1365	7703	4567
1366	3633	4574
1367	8578	4575
1368	7721	4581
1369	2891	4592
1370	8660	4593
1371	4225	4596
1372	8838	4596
1373	7972	4601
1374	8714	4602
1375	4891	4619
1376	3842	4621
1377	4619	4627
1378	2538	4630
1379	7957	4632
1380	8438	4634
1381	8192	4638
1382	7646	4642
1383	7805	4643
1384	7987	4646
1385	8769	4649
1386	4046	4655
1387	7869	4655
1388	5571	4668
1389	4075	4682
1390	7639	4681
1391	7411	4685
1392	8728	4686
1393	4309	4691
1394	8697	4690
1395	3947	4691
1396	2838	4694
1397	3805	4697
1398	7625	4701
1399	8528	4701
1400	8628	4705
1401	8254	4708
1402	7493	4710
1403	6262	8001
1404	8571	4731
1405	8598	4733
1406	5462	4734
1407	8013	4746
1408	7984	4748
1409	4121	4750
1410	3849	4752
1411	4219	4754
1412	7999	4757
1413	8310	4759
1414	4697	4762
1415	8446	4762
1416	7346	4772
1417	3969	4776
1418	8444	4779
1419	8586	4779
1420	5508	4783
1421	8607	4785
1422	3968	5086
1423	3831	4797
1424	8129	4798
1425	3646	4801
1426	9634	5909
1427	3761	4805
1428	7774	4811
1429	8049	4818
1430	7337	4820
1431	8412	4822
1432	3990	4825
1433	5390	4830
1434	5333	4836
1435	8478	4844
1436	4180	4845
1437	3773	4849
1438	8554	4849
1439	3752	4850
1440	8572	4852
1441	3557	4854
1442	7127	4857
1443	7004	8690
1444	8538	4865
1445	8760	4868
1446	3684	4869
1447	3717	4873
1448	8769	4875
1449	3833	4880
1450	4247	4888
1451	8601	4887
1452	4245	4889
1453	5563	4892
1454	2891	4892
1455	3566	4894
1456	5863	4894
1457	8639	4897
1458	3566	4902
1459	8053	5490
1460	8807	4909
1461	8326	4910
1462	3173	4916
1463	7349	4921
1464	2951	4928
1465	8284	4929
1466	2935	4931
1467	3028	4941
1468	6987	4944
1469	8055	4949
1470	3850	4952
1471	4110	4953
1472	3560	4953
1473	4264	4953
1474	3606	4959
1475	2739	4965
1476	7689	5937
1477	8551	4974
1478	7185	4977
1479	3477	4978
1480	3453	4980
1481	3175	4981
1482	3969	4991
1483	3413	4994
1484	7788	4994
1485	3036	4999
1486	3005	5004
1487	3810	5006
1488	3464	5015
1489	8203	5017
1490	8645	5017
1491	4547	5018
1492	8484	5019
1493	9077	5021
1494	7899	5023
1495	3827	5026
1496	7921	5027
1497	9029	5028
1498	7143	5033
1499	5575	5035
1500	9054	5039
1501	7583	5040
1502	8806	5043
1503	7227	5049
1504	8336	5051
1505	5336	7955
1506	7921	5052
1507	3189	5056
1508	8120	5057
1509	4066	5059
1510	7545	5060
1511	3960	5063
1512	8915	5067
1513	3842	5070
1514	4689	5072
1515	5526	5075
1516	3979	5076
1517	3794	5082
1518	4186	5085
1519	5456	5091
1520	7241	5098
1521	5404	5099
1522	8131	5104
1523	7497	5107
1524	5561	5113
1525	4224	5120
1526	8743	5120
1527	4050	5123
1528	3882	5125
1529	3411	5130
1530	3480	5131
1531	3382	5132
1532	5481	5133
1533	7596	5133
1534	5777	5139
1535	3213	5144
1536	8953	5202
1537	4031	5151
1538	9145	5151
1539	3125	5154
1540	8759	5153
1541	7217	5156
1542	7418	7900
1543	8178	5164
1544	8719	5166
1545	7306	5175
1546	3458	5176
1547	3158	5179
1548	9037	5190
1549	4919	5193
1550	4273	5194
1551	8654	5194
1552	9245	5197
1553	9059	5202
1554	8683	5205
1555	3192	5208
1556	3971	5211
1557	3556	5216
1558	4024	5218
1559	7906	5224
1560	7751	5235
1561	8533	5238
1562	8195	5242
1563	8825	5246
1564	8421	5247
1565	8183	5249
1566	4289	5253
1567	8198	5259
1568	7782	8405
1569	7295	5262
1570	4192	5265
1571	5134	5270
1572	3745	5273
1573	3039	5274
1574	8009	5277
1575	8361	5279
1576	7944	5281
1577	7764	5281
1578	3406	5290
1579	3730	5292
1580	8379	5302
1581	7329	5304
1582	8944	5309
1583	8862	5311
1584	7964	5312
1585	7287	5315
1586	3801	3992
1587	7820	5317
1588	8151	5323
1589	8605	5330
1590	7039	5333
1591	7026	5334
1592	3092	5335
1593	7746	5334
1594	7805	5336
1595	7866	5342
1596	4226	5348
1597	7407	5348
1598	3902	5104
1599	8845	5356
1600	7740	5357
1601	4276	5360
1602	7144	5361
1603	5519	5365
1604	3074	5372
1605	8416	5377
1606	7891	5378
1607	3975	5386
1608	4335	5391
1609	8011	5394
1610	7609	5409
1611	7573	5411
1612	7358	5412
1613	7564	5413
1614	4965	4009
1615	8084	5421
1616	5264	4009
1617	7022	5424
1618	4232	5425
1619	8735	5424
1620	9061	5425
1621	3061	5431
1622	5177	5431
1623	7590	5433
1624	7330	5436
1625	8881	5439
1626	8588	5442
1627	4569	4014
1628	8040	5452
1629	8566	5454
1630	8869	5464
1631	8756	6020
1632	4550	5468
1633	8518	5478
1634	7557	5479
1635	4270	5484
1636	9213	5485
1637	5694	5489
1638	7091	5492
1639	7816	5497
1640	6871	5499
1641	8296	5501
1642	3905	5503
1643	5194	5503
1644	4331	5508
1645	8165	5510
1646	4962	5515
1647	4330	5517
1648	9257	5519
1649	8260	5520
1650	3934	5520
1651	4363	5524
1652	7074	5538
1653	4592	5545
1654	4181	5551
1655	7016	3031
1656	4345	5564
1657	9053	6037
1658	5257	5577
1659	4605	5579
1660	7703	5593
1661	4378	5600
1662	2900	5607
1663	7324	5626
1664	8528	5629
1665	7558	5633
1666	7835	5636
1667	7630	5638
1668	3007	5639
1669	7519	5640
1670	7466	5646
1671	8523	5647
1672	4284	5648
1673	8711	5649
1674	9185	5659
1675	7665	5677
1676	4681	4052
1677	9593	5679
1678	8610	5680
1679	8491	5687
1680	8628	5692
1681	8624	5697
1682	8576	5708
1683	7343	5713
1684	8767	5715
1685	9437	5720
1686	9591	5723
1687	7384	5730
1688	4512	5732
1689	7435	5735
1690	8105	5742
1691	9519	5743
1692	6550	8720
1693	7291	5746
1694	3447	4064
1695	8795	5753
1696	7110	5755
1697	7761	5759
1698	9000	5762
1699	8265	5772
1700	7390	5777
1701	4519	5783
1702	8208	5784
1703	8320	4646
1704	7601	5790
1705	6798	5790
1706	6778	5792
1707	3588	4072
1708	9435	5799
1709	7573	5800
1710	9244	5806
1711	9253	6078
1712	7674	5818
1713	8813	5826
1714	9304	6080
1715	8508	5831
1716	3957	5121
1717	9064	5838
1718	5441	3519
1719	7603	5845
1720	9588	5845
1721	9079	5862
1722	8732	5865
1723	9166	5866
1724	7562	5871
1725	7297	5872
1726	3720	4085
1727	9077	5876
1728	3436	5880
1729	7376	5881
1730	5663	5888
1731	9297	5891
1732	9580	5895
1733	7510	5896
1734	8376	5904
1735	7679	5905
1736	7004	5916
1737	7528	5919
1738	9227	5923
1739	4181	4094
1740	6957	5524
1741	9672	5943
1742	8835	5944
1743	5136	5945
1744	9096	5950
1745	8955	5956
1746	7148	5960
1747	9066	5965
1748	9626	5968
1749	9146	5969
1750	9200	5975
1751	7063	5976
1752	9196	5980
1753	7701	5984
1754	9129	5984
1755	8124	5987
1756	8944	5991
1757	9393	5992
1758	9530	5993
1759	5804	5994
1760	9447	5996
1761	7867	6006
1762	8667	6010
1763	3434	6012
1764	8191	6015
1765	8619	6015
1766	8352	6016
1767	9266	6021
1768	7361	6031
1769	8561	6032
1770	8395	6038
1771	8649	6045
1772	9565	6049
1773	7290	6053
1774	8694	6053
1775	7301	6057
1776	7938	6062
1777	8350	6063
1778	7098	6069
1779	7265	6070
1780	8804	6071
1781	3483	6074
1782	7929	6075
1783	8981	6076
1784	8626	6082
1785	5919	6090
1786	9193	6091
1787	7621	6099
1788	9334	6100
1789	8591	6103
1790	8199	6105
1791	9454	6105
1792	8677	6106
1793	4310	6107
1794	7656	6109
1795	8239	6114
1796	8343	6126
1797	9329	6129
1798	8900	6130
1799	4085	6131

REQUESTS = 2000
1	1330	54	57	3	4	2
2	640	13	14	2	2	1
3	453	2	3	1	3	1
4	468	27	30	1	4	1
5	1169	49	50	2	1	3
6	1454	54	56	3	2	2
7	810	2	5	3	4	2
8	1276	22	24	1	3	2
9	1204	37	40	1	5	2
10	604	25	27	3	5	2
11	1681	54	56	1	2	2
12	23	5	6	1	4	1
13	778	10	11	2	1	3
14	255	42	45	3	4	3
15	1566	5	8	2	1	1
16	1751	15	18	2	5	2
17	1127	29	30	3	1	2
18	1118	59	62	2	2	1
19	1414	55	56	3	3	1
20	1511	54	57	3	5	2
21	817	49	51	2	2	2
22	1345	27	30	1	5	3
23	1189	38	39	3	5	1
24	1258	15	18	3	2	3
25	625	18	20	2	2	2
26	1161	42	45	3	2	2
27	1177	20	21	2	3	3
28	1772	59	62	1	2	1
29	1046	44	46	3	3	1
30	972	20	22	3	3	1
31	871	29	30	3	3	2
32	170	26	27	1	1	3
33	1523	33	35	2	4	1
34	115	51	52	3	5	1
35	145	37	38	1	5	3
36	37	47	50	1	5	2
37	1585	52	53	2	2	3
38	791	4	7	3	3	1
39	583	10	12	3	4	2
40	1754	22	25	3	3	1
41	575	1	2	1	1	2
42	1782	48	49	3	5	1
43	1095	1	3	1	5	1
44	1262	34	37	3	4	1
45	999	43	45	3	5	1
46	1211	30	33	1	5	3
47	114	15	17	3	3	2
48	389	34	36	3	3	2
49	165	17	20	1	1	2
50	504	27	29	1	2	3
51	1498	49	50	3	1	1
52	1464	44	47	1	2	3
53	1273	5	8	1	4	3
54	1013	15	17	1	5	3
55	1486	16	18	1	5	2
56	1504	48	49	1	2	1
57	855	5	8	1	4	3
58	16	51	53	2	1	2
59	339	41	44	3	1	3
60	688	30	31	2	3	1
61	1386	26	28	3	1	2
62	473	41	42	3	5	1
63	222	50	51	2	5	2
64	206	38	41	1	1	3
65	1764	53	54	2	5	2
66	471	7	9	1	2	2
67	521	23	25	1	4	2
68	163	12	13	1	3	2
69	1637	8	11	2	5	1
70	1244	54	55	3	5	3
71	48	16	18	3	1	2
72	664	15	17	1	5	3
73	162	10	13	1	4	1
74	279	61	62	2	3	2
75	1494	36	39	3	1	3
76	164	54	55	2	4	1
77	837	1	4	3	1	2
78	836	26	27	2	2	2
79	1762	34	35	3	1	2
80	767	28	29	3	1	1
81	226	31	34	1	4	2
82	1024	8	11	1	1	2
83	1585	25	27	3	4	1
84	1283	34	36	3	1	1
85	173	22	24	1	2	2
86	940	58	60	3	3	3
87	49	31	34	1	4	1
88	742	35	38	3	4	2
89	1049	28	30	1	2	2
90	1395	41	42	1	5	1
91	1363	7	8	3	5	3
92	629	22	24	3	4	2
93	1452	6	9	2	1	2
94	302	9	12	1	4	2
95	441	41	44	3	4	1
96	682	46	49	1	1	1
97	204	14	17	3	4	3
98	235	32	34	3	4	1
99	180	43	46	3	2	1
100	182	14	15	1	5	1
101	171	36	37	3	1	3
102	920	14	16	2	5	2
103	567	39	40	2	2	3
104	93	3	5	3	2	2
105	1264	37	38	1	1	3
106	1453	35	38	3	4	1
107	1642	20	23	3	1	1
108	495	62	63	1	3	3
109	1676	39	40	2	1	2
110	952	24	27	1	1	3
111	1248	58	61	2	5	2
112	1150	55	58	3	2	2
113	1675	33	34	2	3	2
114	1141	40	41	1	3	2
115	351	6	9	2	1	3
116	1437	29	31	3	1	1
117	1155	34	35	3	1	1
118	734	16	17	3	5	3
119	397	22	24	1	5	2
120	516	51	54	3	5	2
121	1780	26	29	2	2	1
122	976	19	22	3	4	2
123	823	25	26	2	2	3
124	1297	9	10	3	3	3
125	1167	6	9	1	1	3
126	27	9	12	1	4	3
127	1790	53	56	1	2	1
128	574	6	9	3	1	1
129	525	32	33	1	3	3
130	198	41	43	3	4	1
131	447	18	21	1	2	2
132	1055	10	11	3	1	1
133	1120	49	50	2	3	2
134	779	50	53	2	3	1
135	765	53	55	1	3	1
136	1066	17	18	3	1	1
137	144	21	22	1	5	1
138	1303	35	36	3	4	1
139	1688	50	52	3	2	1
140	1646	13	14	1	3	3
141	580	32	33	2	3	2
142	897	54	56	2	1	1
143	47	34	36	1	1	3
144	1124	35	38	1	2	2
145	1720	40	42	1	1	2
146	1698	8	9	2	5	3
147	773	15	16	3	5	1
148	978	44	47	2	4	2
149	825	16	17	1	2	2
150	316	21	24	2	5	3
151	39	14	15	3	1	2
152	167	30	33	2	5	1
153	1419	49	50	2	3	1
154	482	54	57	3	3	3
155	65	47	49	2	3	3
156	1203	35	37	1	5	2
157	59	7	10	2	2	1
158	642	32	34	1	4	2
159	671	42	45	2	4	1
160	798	9	10	1	3	1
161	598	61	62	3	4	3
162	83	51	52	3	5	3
163	803	19	21	3	1	1
164	1218	9	11	1	4	1
165	649	7	9	3	2	2
166	1614	37	40	1	5	3
167	1012	36	39	1	5	2
168	657	25	28	3	2	1
169	1209	46	49	1	2	1
170	1462	14	15	2	1	2
171	693	39	40	2	3	3
172	802	51	52	1	1	3
173	1162	38	39	2	1	2
174	1014	35	37	2	1	3
175	1632	3	6	3	5	2
176	95	47	48	1	1	2
177	45	11	13	2	1	1
178	593	30	32	1	1	2
179	14	9	10	3	5	3
180	1333	11	13	3	1	3
181	1028	31	33	1	1	2
182	857	44	47	3	3	2
183	1086	18	21	1	2	2
184	987	21	22	1	2	1
185	449	52	53	2	5	2
186	1545	58	59	2	2	3
187	1792	9	11	2	5	1
188	330	55	57	3	4	2
189	1294	8	9	3	2	2
190	1582	38	40	2	1	2
191	314	37	39	2	1	2
192	709	45	47	2	3	2
193	1649	37	38	3	5	1
194	264	39	41	3	5	1
195	210	60	63	1	4	1
196	1623	40	43	2	4	3
197	1086	4	7	2	3	2
198	1022	29	31	1	1	2
199	1684	32	34	1	1	2
200	1098	44	45	2	4	3
201	628	23	24	1	4	3
202	1323	11	13	1	4	2
203	1725	48	51	3	2	2
204	696	58	59	2	4	1
205	346	43	44	2	5	2
206	313	16	18	3	4	1
207	1308	46	49	1	4	2
208	750	19	21	2	5	3
209	1640	3	4	3	2	2
210	444	45	47	2	2	1
211	1729	28	31	2	2	1
212	886	17	18	2	3	3
213	465	58	61	2	2	2
214	1322	5	7	3	5	1
215	1578	46	49	1	5	1
216	133	36	37	2	4	2
217	1709	52	55	3	4	1
218	711	59	62	3	4	1
219	185	33	35	3	5	2
220	732	60	62	3	4	1
221	621	20	23	2	3	3
222	1761	43	44	1	2	2
223	618	4	7	3	3	3
224	1116	4	5	1	4	2
225	955	18	20	1	5	3
226	1682	47	48	3	2	3
227	766	60	63	2	4	3
228	1098	27	29	2	3	1
229	380	1	4	1	1	2
230	1062	23	26	3	2	3
231	1366	57	58	2	1	2
232	812	42	43	3	4	3
233	110	45	46	3	5	2
234	786	3	5	1	4	2
235	1496	31	34	1	1	2
236	1584	58	61	2	3	1
237	1057	34	35	2	2	2
238	1030	2	4	1	1	1
239	41	20	21	3	1	1
240	1075	3	5	1	5	3
241	1289	36	39	3	1	2
242	124	46	49	2	3	2
243	420	17	18	3	5	2
244	5	21	24	1	4	3
245	67	59	60	2	2	1
246	1108	9	12	1	3	3
247	721	30	31	3	5	1
248	14	31	32	3	1	2
249	577	5	6	2	1	2
250	1193	24	27	3	4	3
251	409	54	57	2	1	3
252	1112	43	44	2	1	2
253	1044	5	7	2	2	3
254	183	23	26	3	3	1
255	845	29	31	3	3	2
256	1694	8	9	1	4	2
257	1477	5	7	1	5	3
258	715	17	19	1	5	3
259	1758	53	54	2	5	2
260	1677	56	59	2	4	3
261	994	43	46	3	1	2
262	1327	10	12	2	4	2
263	169	54	55	1	2	2
264	946	59	60	2	2	1
265	1384	34	37	2	2	2
266	608	24	27	1	1	2
267	1438	41	44	3	2	1
268	564	58	61	2	5	3
269	510	46	49	2	2	1
270	99	37	40	3	3	3
271	474	40	43	3	1	3
272	140	54	55	2	2	3
273	836	12	14	2	4	3
274	1591	51	53	3	1	3
275	965	56	57	3	2	2
276	1667	1	3	1	2	1
277	390	40	41	3	4	2
278	480	3	6	3	2	1
279	1432	17	19	1	5	3
280	243	54	57	3	5	3
281	180	14	16	3	2	2
282	1133	2	5	1	3	2
283	189	14	17	2	2	2
284	1581	21	23	1	1	3
285	478	26	28	1	5	3
286	1223	51	52	3	1	3
287	794	7	9	2	1	3
288	336	2	3	2	5	2
289	658	37	38	3	5	3
290	1346	7	8	2	2	3
291	245	5	7	1	3	2
292	1389	38	40	3	3	3
293	1277	26	29	3	3	1
294	84	1	3	1	1	2
295	957	19	20	3	5	2
296	586	19	20	3	4	2
297	594	29	31	2	2	3
298	498	21	24	3	5	1
299	1043	55	56	1	3	3
300	620	51	52	2	4	3
301	1271	15	16	1	5	3
302	19	56	58	1	4	3
303	1561	45	47	1	4	2
304	539	6	7	1	3	2
305	768	1	2	1	5	2
306	200	32	34	3	5	1
307	1034	41	43	1	5	3
308	1127	60	63	2	2	3
309	840	47	49	3	2	2
310	809	18	20	3	2	3
311	1678	40	41	2	2	1
312	1066	56	57	2	4	2
313	799	19	20	3	2	3
314	486	43	46	3	5	3
315	392	4	5	2	4	1
316	1006	37	40	3	2	1
317	1645	8	9	3	3	3
318	153	4	7	3	4	2
319	13	43	45	1	2	2
320	997	48	49	2	3	1
321	1071	8	10	2	3	1
322	325	35	36	3	1	2
323	1056	57	59	2	4	3
324	1105	39	41	3	1	1
325	754	49	50	1	4	2
326	862	50	52	2	1	1
327	205	26	27	2	5	2
328	1628	26	27	1	4	2
329	1063	7	9	2	3	2
330	1402	58	59	3	3	2
331	285	45	46	3	1	3
332	949	32	33	1	5	1
333	948	31	32	2	5	2
334	1153	3	5	3	3	2
335	1281	14	15	1	3	2
336	509	12	14	2	3	1
337	1187	35	38	2	4	2
338	218	6	7	2	1	2
339	764	18	19	1	3	2
340	746	8	9	3	4	3
341	881	15	16	1	5	1
342	22	11	12	3	5	2
343	298	10	11	2	5	3
344	528	55	57	2	5	1
345	157	2	4	2	5	3
346	811	11	12	1	5	3
347	1796	5	8	1	2	1
348	269	47	49	1	3	2
349	1116	38	40	1	5	3
350	1563	42	45	3	1	2
351	214	16	19	1	2	3
352	929	21	24	1	5	3
353	405	38	41	2	3	2
354	651	44	46	2	4	2
355	1110	3	6	3	2	2
356	822	1	3	2	4	3
357	237	22	25	3	1	1
358	472	9	12	1	3	3
359	1236	6	7	1	4	3
360	1087	54	56	1	5	2
361	1495	25	26	1	1	2
362	1535	18	20	1	5	3
363	67	2	4	3	5	2
364	1316	11	14	2	3	3
365	1321	54	56	3	2	2
366	1715	16	17	2	5	2
367	192	59	61	1	1	3
368	176	56	59	2	3	3
369	545	26	29	2	5	1
370	1296	13	16	1	1	2
371	873	38	39	2	2	3
372	879	33	36	2	4	3
373	1088	54	56	3	5	2
374	1728	50	52	3	4	2
375	511	11	13	1	3	3
376	717	19	20	1	2	2
377	650	39	41	1	4	1
378	1144	9	10	2	5	3
379	1595	25	26	1	3	3
380	1092	59	61	3	5	2
381	909	57	58	1	2	1
382	661	58	60	3	3	3
383	17	55	56	3	4	3
384	477	32	33	1	4	2
385	1449	5	8	2	3	2
386	690	28	31	2	2	3
387	1624	17	20	3	3	1
388	1529	59	60	1	4	1
389	1554	44	45	2	3	3
390	320	9	10	3	4	1
391	1324	62	63	2	5	2
392	821	43	46	2	4	2
393	454	60	63	2	1	3
394	1367	21	24	2	3	3
395	1246	45	48	2	4	2
396	975	9	12	2	4	3
397	1010	13	14	3	4	2
398	155	11	14	1	3	2
399	1774	1	2	1	1	1
400	168	4	5	3	3	1
401	1301	35	36	3	2	1
402	1787	6	9	1	1	3
403	331	39	42	3	2	1
404	646	24	27	2	2	2
405	723	36	39	1	2	2
406	278	18	20	2	5	2
407	1222	23	26	3	3	3
408	1694	18	20	1	4	3
409	1329	15	17	1	1	1
410	695	19	22	2	1	3
411	947	33	36	3	4	1
412	833	46	49	3	5	2
413	364	35	37	1	2	2
414	1551	5	6	2	4	3
415	428	55	58	2	5	3
416	1290	21	24	3	3	3
417	1622	16	18	1	2	3
418	1023	12	15	1	2	3
419	776	39	42	2	1	2
420	805	2	3	2	5	3
421	1533	5	6	3	1	1
422	884	26	29	1	1	3
423	795	11	14	1	4	2
424	1607	9	10	1	1	3
425	1242	51	54	2	1	2
426	577	12	13	2	3	2
427	1250	8	9	1	2	3
428	851	59	60	3	2	1
429	819	15	16	1	3	1
430	1765	23	25	2	2	3
431	551	59	62	3	4	2
432	1553	41	42	2	5	1
433	1789	44	45	1	3	3
434	1115	8	9	3	5	3
435	1140	38	41	2	5	1
436	1147	60	63	1	1	2
437	232	12	15	2	2	3
438	917	1	4	2	2	3
439	215	11	12	1	4	3
440	387	16	17	2	4	2
441	692	61	62	2	2	1
442	698	32	34	3	1	1
443	1138	38	41	3	5	2
444	892	28	29	1	1	2
445	1077	42	44	2	1	1
446	9	13	15	1	4	2
447	583	2	5	1	3	2
448	852	38	41	3	1	2
449	782	18	20	2	3	3
450	347	16	18	3	4	3
451	348	42	44	1	1	1
452	1260	44	46	3	5	2
453	160	28	29	3	2	1
454	40	52	55	2	5	2
455	634	47	49	2	1	3
456	129	12	14	1	4	3
457	122	22	23	3	4	3
458	548	15	18	2	3	3
459	714	35	37	1	4	1
460	437	52	55	3	1	3
461	1687	47	50	3	2	3
462	554	48	51	3	1	3
463	1710	52	53	3	1	3
464	751	49	51	1	2	2
465	457	59	60	2	2	3
466	1191	51	53	2	3	1
467	240	5	8	2	4	3
468	874	37	38	2	2	3
469	333	5	8	3	4	2
470	656	38	41	3	4	3
471	911	31	32	2	5	1
472	1436	14	15	2	5	3
473	1101	26	29	1	3	3
474	1004	9	11	3	5	1
475	385	35	36	1	4	2
476	452	26	28	2	3	3
477	280	42	44	1	4	2
478	770	20	23	1	4	2
479	599	43	46	2	3	1
480	1542	17	18	2	1	3
481	395	3	5	3	5	3
482	362	51	52	2	4	1
483	1035	3	4	2	2	3
484	1611	49	50	1	4	2
485	525	42	45	2	3	2
486	1306	8	9	2	5	2
487	1425	3	4	2	2	1
488	1455	3	5	2	5	2
489	872	49	52	3	3	3
490	403	9	11	2	5	2
491	1365	10	13	3	5	3
492	266	19	20	2	2	3
493	1396	45	46	1	1	3
494	57	45	48	1	5	2
495	684	24	25	3	4	3
496	1734	45	47	3	2	1
497	384	11	12	2	4	1
498	1480	2	5	1	1	2
499	928	46	48	3	1	2
500	1753	23	25	2	2	1
501	672	34	36	2	4	3
502	1052	55	56	1	3	1
503	1448	36	38	1	1	1
504	1039	14	15	1	3	3
505	679	16	17	2	3	3
506	2	18	21	2	5	1
507	401	52	54	2	2	1
508	771	16	18	2	4	2
509	1638	35	37	1	1	3
510	910	9	11	3	4	2
511	722	43	44	1	5	3
512	322	34	35	1	1	1
513	861	26	28	1	5	2
514	648	36	39	3	4	3
515	1254	24	26	2	3	2
516	70	38	39	1	5	3
517	1652	11	14	1	1	3
518	100	7	10	3	1	1
519	1751	9	11	1	1	1
520	704	13	14	3	2	2
521	335	29	31	2	3	3
522	944	5	8	3	1	2
523	1780	41	44	1	4	1
524	1754	49	51	2	3	2
525	807	47	49	3	1	1
526	1029	50	51	2	3	2
527	828	21	23	2	5	1
528	475	13	16	2	4	2
529	1367	10	13	3	5	2
530	719	14	17	3	5	1
531	919	48	49	2	3	2
532	1238	57	59	1	1	3
533	737	30	31	1	3	1
534	1669	33	36	2	1	1
535	1082	57	59	2	3	2
536	20	45	47	1	4	1
537	1593	50	53	1	3	2
538	666	10	13	2	4	1
539	1752	60	61	3	2	1
540	643	26	27	1	1	3
541	761	39	41	2	4	2
542	152	25	28	3	5	2
543	31	3	4	3	5	1
544	570	56	57	1	5	1
545	1291	6	8	3	2	3
546	911	35	37	2	1	1
547	1450	20	22	3	1	2
548	601	16	17	2	3	2
549	1650	7	9	2	2	2
550	92	29	32	1	1	1
551	109	58	59	2	1	3
552	839	2	5	3	1	2
553	509	1	2	3	4	1
554	1446	7	10	3	5	2
555	46	56	58	1	3	2
556	1577	18	19	1	3	3
557	493	52	54	2	2	3
558	888	10	12	1	2	1
559	1467	13	15	3	4	3
560	535	12	14	2	2	3
561	256	31	34	2	1	1
562	1601	26	28	1	4	3
563	1512	10	11	3	5	2
564	901	52	53	2	2	1
565	500	37	38	1	5	1
566	401	41	42	2	2	2
567	1001	20	23	1	2	1
568	1556	38	40	1	4	3
569	1704	47	50	1	5	2
570	1489	4	6	1	1	3
571	724	53	54	3	4	2
572	1656	46	48	2	4	1
573	540	56	58	3	4	2
574	332	56	57	2	5	2
575	1596	15	18	2	1	2
576	820	26	29	1	3	2
577	538	32	34	2	4	1
578	1318	25	27	3	5	2
579	1626	19	21	1	4	2
580	15	29	32	2	5	2
581	916	22	23	2	5	3
582	1426	28	30	2	4	3
583	962	51	52	3	4	1
584	1536	33	34	3	4	2
585	1516	21	22	2	4	3
586	117	39	42	1	2	1
587	1269	48	51	1	5	3
588	905	47	48	3	1	1
589	555	39	41	2	1	1
590	1544	50	53	3	1	3
591	21	63	64	1	4	3
592	831	13	16	3	3	2
593	88	57	58	2	1	2
594	1083	49	51	3	4	2
595	713	18	21	3	4	3
596	433	34	36	3	1	1
597	1720	25	27	1	1	2
598	1716	32	35	3	4	1
599	1746	56	59	2	1	1
600	1048	59	61	1	3	1
601	1157	57	59	1	3	3
602	1053	26	28	3	3	2
603	402	56	59	2	5	2
604	399	45	46	1	3	3
605	824	22	24	2	5	1
606	766	48	50	2	3	1
607	44	10	12	1	5	2
608	1240	56	58	2	1	1
609	832	11	12	3	2	2
610	1587	48	51	1	5	3
611	1142	11	13	2	5	2
612	5	15	16	2	3	1
613	1270	12	13	3	5	1
614	890	19	20	3	3	2
615	1624	29	30	3	4	1
616	294	42	44	1	4	3
617	25	6	8	2	2	2
618	506	16	18	2	5	2
619	1192	38	41	3	5	3
620	51	20	22	1	2	3
621	400	47	49	2	4	1
622	1662	26	28	3	3	3
623	180	30	32	1	1	3
624	422	31	33	3	3	2
625	184	33	36	2	5	3
626	854	39	42	1	5	3
627	644	60	61	3	5	2
628	532	35	36	2	4	3
629	1081	39	42	1	2	1
630	686	3	4	3	3	3
631	1423	46	49	3	3	2
632	1574	15	16	2	1	2
633	1104	18	21	1	4	3
634	1779	39	41	1	5	3
635	1550	60	62	2	4	2
636	97	46	47	3	3	2
637	1505	6	7	1	2	1
638	446	46	49	3	5	1
639	18	16	19	1	5	2
640	128	57	58	3	4	3
641	299	46	48	2	5	3
642	942	61	62	3	3	1
643	1383	31	34	2	5	3
644	560	21	23	3	2	2
645	814	58	59	3	2	2
646	1245	56	59	1	4	1
647	763	29	30	1	3	2
648	35	8	11	3	1	1
649	1100	22	24	3	2	2
650	718	39	42	3	4	1
651	697	30	33	1	1	3
652	297	33	36	1	3	1
653	800	59	62	1	4	1
654	1552	5	6	3	5	2
655	374	48	51	1	1	1
656	543	23	24	3	1	1
657	818	44	45	3	2	3
658	287	51	54	2	5	3
659	1737	46	49	2	1	3
660	868	54	57	1	5	2
661	1017	59	60	3	3	2
662	579	48	50	2	3	3
663	362	40	43	3	4	3
664	1706	20	21	1	3	1
665	1766	56	58	2	3	2
666	660	28	31	1	5	3
667	683	20	22	1	5	1
668	1286	27	30	2	5	1
669	23	20	21	2	1	1
670	1435	40	41	3	4	1
671	1392	49	51	1	2	2
672	529	18	21	1	4	3
673	1375	56	57	3	5	2
674	1050	23	25	3	5	1
675	903	32	33	2	5	3
676	508	40	43	3	1	2
677	141	9	10	2	2	2
678	295	19	22	3	5	2
679	1387	53	54	3	1	1
680	111	15	16	2	3	1
681	924	33	36	3	5	1
682	1443	46	49	3	4	3
683	427	36	39	2	2	3
684	190	60	61	1	2	1
685	1403	31	33	3	2	2
686	36	56	57	3	5	1
687	849	44	46	1	3	2
688	691	21	24	2	1	1
689	1137	60	61	1	1	1
690	1036	42	45	1	5	2
691	694	51	54	3	1	1
692	301	57	60	1	3	1
693	1087	56	58	2	4	2
694	356	6	7	3	3	1
695	432	47	50	1	1	2
696	276	20	22	3	1	3
697	1717	3	4	2	4	1
698	1300	15	18	3	4	2
699	284	21	22	2	2	2
700	1517	48	49	1	3	3
701	485	54	57	1	2	2
702	366	59	61	2	5	3
703	1097	45	47	3	1	2
704	1041	19	20	2	5	3
705	76	10	11	3	1	2
706	865	1	3	1	3	2
707	127	27	29	2	5	1
708	24	22	24	2	5	1
709	1347	3	6	3	4	3
710	752	7	9	1	3	1
711	889	4	5	2	1	2
712	1791	32	33	2	2	2
713	1014	54	56	2	2	2
714	166	51	54	2	1	3
715	1326	38	41	2	2	3
716	552	5	6	1	5	2
717	1742	47	50	1	1	1
718	1031	31	33	1	5	1
719	1102	61	64	1	1	2
720	1251	1	4	2	4	2
721	1288	9	11	3	4	2
722	1456	11	13	1	5	3
723	827	2	5	1	5	1
724	489	41	44	1	4	3
725	1427	24	27	2	4	3
726	1564	13	14	1	1	3
727	356	59	62	1	1	3
728	77	10	12	2	2	1
729	527	8	9	2	4	3
730	572	10	12	1	2	2
731	974	37	39	1	1	3
732	712	23	26	1	1	1
733	1686	57	60	1	2	2
734	787	38	41	1	4	1
735	1407	4	6	1	2	3
736	1730	35	37	3	3	1
737	391	50	51	2	4	3
738	1548	56	57	1	4	2
739	1212	1	3	1	3	1
740	759	29	31	3	3	2
741	755	17	19	1	1	2
742	953	4	5	1	4	1
743	1107	25	27	2	2	3
744	1621	11	14	3	4	3
745	1196	52	55	2	3	2
746	1536	41	42	3	2	2
747	1190	26	27	3	4	3
748	1011	46	49	3	1	1
749	1390	5	7	2	4	3
750	1350	14	17	1	3	1
751	1439	31	34	2	1	1
752	907	3	5	2	4	3
753	662	32	33	1	4	3
754	283	30	32	1	2	3
755	1730	14	15	1	5	2
756	1331	32	35	3	1	3
757	203	47	50	3	2	3
758	85	41	44	2	2	3
759	1085	46	49	1	4	1
760	466	16	18	1	5	3
761	1492	10	11	1	1	1
762	328	37	39	1	3	2
763	1469	51	54	3	2	3
764	142	49	50	3	5	3
765	614	49	51	2	3	3
766	1771	14	15	3	5	3
767	1699	20	21	2	2	2
768	121	41	44	1	4	3
769	1054	18	19	1	1	3
770	315	9	11	1	4	3
771	1376	52	54	2	2	1
772	602	46	49	1	2	2
773	844	45	46	3	1	2
774	1380	19	21	3	3	1
775	1234	43	46	1	5	2
776	1707	5	8	2	3	2
777	1629	52	55	1	3	2
778	925	2	3	1	4	2
779	1197	47	50	3	3	2
780	1766	42	44	3	5	1
781	254	18	21	3	3	2
782	1721	11	14	3	1	2
783	1606	44	47	3	3	2
784	1719	37	39	3	4	3
785	1478	19	21	3	3	2
786	147	22	24	1	5	2
787	976	56	57	1	4	2
788	1064	42	44	2	3	2
789	1411	58	60	3	3	3
790	1195	36	38	3	3	3
791	1239	9	12	3	3	2
792	934	55	56	3	5	3
793	733	16	17	1	4	2
794	1711	27	28	3	5	1
795	292	11	14	3	5	2
796	1475	38	39	3	1	3
797	371	30	33	3	4	3
798	670	30	33	1	4	3
799	165	13	14	2	3	1
800	12	19	22	2	1	3
801	854	61	64	1	3	1
802	1186	50	51	3	3	3
803	963	44	47	2	3	2
804	1179	45	47	3	5	1
805	1299	4	7	1	1	3
806	1447	61	63	1	4	1
807	933	47	50	3	2	3
808	497	50	51	2	2	1
809	1546	32	35	3	5	2
810	968	53	56	3	4	3
811	1773	48	51	2	1	2
812	501	48	51	2	4	1
813	505	32	34	3	5	1
814	116	55	58	1	5	1
815	977	43	46	3	3	2
816	1485	30	32	1	3	1
817	577	45	47	1	3	1
818	1775	20	23	3	5	3
819	1332	21	23	1	3	2
820	1079	49	50	2	2	3
821	1045	42	43	3	2	1
822	82	2	3	1	4	1
823	1603	24	26	3	3	3
824	1497	58	61	2	2	1
825	1460	61	62	2	2	3
826	669	8	10	3	1	3
827	1675	51	53	2	3	1
828	1382	49	50	2	5	1
829	1712	12	14	3	2	1
830	306	57	59	2	1	2
831	970	31	32	2	5	1
832	1759	29	30	2	2	3
833	1534	13	16	1	3	3
834	1368	18	20	2	5	3
835	838	32	33	1	4	3
836	1129	38	40	3	4	2
837	1757	5	8	2	5	3
838	64	61	62	3	5	1
839	191	17	20	3	3	2
840	154	62	63	2	5	3
841	589	2	5	2	5	1
842	393	25	27	3	5	2
843	259	15	16	3	2	3
844	1038	19	20	1	2	1
845	507	42	44	3	2	1
846	355	44	45	2	2	1
847	28	8	9	2	4	3
848	1033	12	13	1	2	1
849	1047	29	32	3	4	3
850	221	28	30	1	1	2
851	1613	18	19	2	3	1
852	270	39	42	2	4	3
853	211	23	24	1	5	3
854	498	6	9	1	4	3
855	1143	4	7	1	3	1
856	588	21	23	2	1	3
857	986	59	62	2	3	3
858	992	48	49	1	5	2
859	1540	7	10	1	1	3
860	1167	22	23	3	5	1
861	1372	44	47	1	5	1
862	631	48	51	2	4	3
863	983	48	51	3	2	3
864	125	10	11	2	4	3
865	743	40	42	3	1	1
866	1346	45	46	3	5	2
867	878	8	10	1	2	2
868	455	60	61	2	1	1
869	740	30	31	1	1	1
870	1385	7	10	2	5	1
871	877	56	59	1	5	2
872	1305	41	42	3	2	3
873	756	30	32	1	5	1
874	1058	7	10	3	5	3
875	578	53	56	3	4	3
876	424	44	46	2	5	2
877	266	38	39	1	1	3
878	225	54	57	2	4	1
879	1418	4	5	3	3	3
880	481	3	4	1	5	3
881	1663	7	10	3	4	2
882	1555	27	28	3	1	1
883	1752	41	42	1	4	3
884	1465	46	49	1	5	1
885	1743	22	23	3	1	2
886	1763	34	36	1	5	3
887	334	57	59	3	4	3
888	32	47	48	2	3	1
889	74	40	41	2	2	3
890	913	29	30	3	1	2
891	626	17	19	1	5	3
892	33	9	12	1	1	1
893	329	58	59	2	4	3
894	680	49	52	3	1	2
895	597	9	11	3	5	1
896	921	8	10	3	2	2
897	932	54	56	2	3	2
898	582	58	59	1	4	1
899	875	14	17	3	3	1
900	1181	3	4	2	2	2
901	461	52	55	2	4	3
902	408	23	25	1	2	3
903	309	16	18	3	1	3
904	1775	1	2	1	1	1
905	1732	59	61	1	5	1
906	1387	36	38	2	2	2
907	1500	5	7	2	2	2
908	523	32	34	1	3	1
909	980	4	7	1	3	1
910	1040	19	20	2	5	2
911	900	18	19	3	4	3
912	520	32	35	1	4	3
913	1257	53	56	2	3	1
914	1409	12	15	2	2	3
915	460	18	21	3	5	1
916	342	50	52	3	4	3
917	55	42	45	1	3	2
918	430	57	58	1	2	2
919	731	34	37	3	4	2
920	1421	25	26	3	4	2
921	29	52	55	2	5	3
922	404	34	37	3	2	3
923	1400	24	25	2	1	1
924	647	12	13	2	3	3
925	136	38	40	1	5	1
926	1357	3	4	1	1	2
927	998	6	8	2	5	3
928	1000	27	30	1	5	2
929	1139	23	25	1	3	1
930	1693	56	57	2	3	3
931	71	21	22	1	5	2
932	702	11	12	3	1	2
933	788	24	27	2	1	3
934	1476	25	26	2	3	2
935	927	30	33	2	3	1
936	1701	55	58	3	5	2
937	106	37	40	1	3	2
938	923	6	9	2	4	2
939	663	28	29	2	5	3
940	1457	37	40	1	5	1
941	829	29	31	2	5	2
942	766	35	37	3	1	1
943	1178	8	11	1	3	1
944	1025	36	38	2	3	1
945	592	15	16	2	2	2
946	558	24	26	2	1	1
947	1091	19	21	1	3	2
948	1786	15	17	3	4	3
949	42	61	63	2	5	3
950	1018	41	44	1	1	1
951	965	48	51	2	4	1
952	177	15	16	3	1	1
953	336	62	63	2	4	2
954	1517	46	48	3	5	2
955	1633	57	59	2	4	2
956	1070	13	16	3	2	2
957	1198	43	44	2	1	3
958	152	59	62	1	2	1
959	1440	50	52	3	4	2
960	1592	21	23	2	4	1
961	1600	55	57	2	5	2
962	546	5	8	2	5	2
963	1284	46	47	2	3	2
964	494	23	24	3	3	3
965	1739	13	16	2	2	3
966	1695	56	58	2	5	2
967	361	48	49	3	3	2
968	1404	18	20	1	5	3
969	231	41	43	1	5	2
970	179	46	49	2	2	3
971	1653	27	28	1	5	3
972	1370	1	2	2	2	1
973	1738	44	46	1	2	2
974	1343	25	27	1	1	2
975	1027	13	16	3	1	2
976	542	29	31	1	3	2
977	1	53	54	1	5	1
978	1724	46	47	3	3	1
979	1658	33	36	3	2	3
980	1181	13	16	2	4	2
981	272	35	38	2	3	3
982	993	29	31	3	5	2
983	1293	19	22	3	4	1
984	556	6	8	2	2	2
985	725	14	17	3	4	1
986	341	22	25	1	1	3
987	296	53	54	2	3	1
988	1232	40	42	3	4	2
989	1022	48	49	2	4	3
990	559	15	17	3	1	3
991	1394	47	48	2	2	2
992	729	30	31	2	4	3
993	358	48	51	3	2	1
994	1103	47	50	1	2	3
995	834	58	59	1	1	1
996	1317	36	37	3	1	3
997	605	49	50	2	5	2
998	792	47	48	1	5	3
999	898	33	36	3	3	1
1000	1067	7	8	3	3	1
1001	576	20	23	2	3	2
1002	867	53	54	2	5	3
1003	999	59	62	3	5	1
1004	1524	56	58	3	5	2
1005	613	36	39	1	3	3
1006	419	3	5	1	3	1
1007	678	5	6	2	1	3
1008	1282	26	27	3	5	1
1009	637	9	12	2	2	2
1010	1307	10	11	3	5	2
1011	1471	18	19	2	3	3
1012	1541	14	15	3	2	3
1013	813	43	45	2	1	3
1014	1109	9	12	1	3	3
1015	368	33	34	1	1	1
1016	1224	56	58	3	3	2
1017	200	46	47	1	1	3
1018	56	16	19	2	4	3
1019	261	19	20	1	4	3
1020	103	21	24	1	2	2
1021	126	15	17	3	1	2
1022	762	6	7	2	5	3
1023	666	54	55	3	5	3
1024	177	54	55	2	2	1
1025	636	7	8	2	5	2
1026	1795	20	23	1	5	2
1027	257	12	14	1	4	2
1028	1397	24	26	1	2	1
1029	441	60	61	2	1	3
1030	943	11	14	3	3	2
1031	1713	50	51	2	4	2
1032	10	2	4	2	1	1
1033	1542	4	5	1	3	3
1034	518	54	56	3	3	2
1035	484	32	35	2	3	1
1036	725	25	27	1	5	3
1037	503	14	15	2	3	2
1038	1558	6	7	1	3	2
1039	1458	24	26	1	1	2
1040	606	40	42	1	1	3
1041	1335	7	9	2	2	3
1042	1026	14	15	1	4	2
1043	964	16	18	3	1	2
1044	78	18	19	3	5	3
1045	1788	39	42	2	3	2
1046	499	7	8	1	5	3
1047	1061	25	28	3	4	3
1048	92	38	41	2	3	1
1049	1703	33	34	1	5	2
1050	1074	27	28	1	5	3
1051	1778	36	39	3	5	1
1052	1265	61	62	1	2	3
1053	1123	46	48	1	5	2
1054	112	37	39	2	3	2
1055	1674	36	38	1	1	2
1056	645	3	5	1	1	3
1057	1731	57	58	2	4	2
1058	157	4	6	1	4	1
1059	652	30	32	3	2	2
1060	961	59	62	3	2	2
1061	1472	9	12	1	3	1
1062	703	35	36	1	2	1
1063	1373	6	8	3	1	1
1064	1268	33	35	3	1	1
1065	1398	14	16	3	3	1
1066	1166	19	21	3	2	2
1067	131	55	57	1	5	2
1068	1093	14	17	1	1	2
1069	1256	34	36	3	1	2
1070	1580	47	50	1	1	3
1071	365	57	60	1	2	1
1072	781	1	2	2	5	2
1073	1170	61	63	2	5	2
1074	1252	46	47	1	3	2
1075	592	32	33	2	3	1
1076	1128	3	5	2	1	1
1077	952	20	21	2	4	2
1078	1484	39	42	1	2	2
1079	607	51	53	1	1	1
1080	1768	41	44	3	3	1
1081	1073	16	17	2	3	2
1082	310	18	19	1	1	2
1083	1416	5	7	3	4	3
1084	108	4	6	3	3	2
1085	1510	1	2	3	4	1
1086	1267	20	22	3	2	1
1087	772	25	28	3	5	2
1088	39	25	28	2	4	2
1089	1210	9	10	2	5	1
1090	414	60	62	2	2	1
1091	1334	10	12	2	2	3
1092	193	58	59	1	5	1
1093	244	23	24	1	1	1
1094	1311	59	61	3	3	3
1095	38	38	40	3	4	3
1096	866	5	6	1	3	2
1097	1065	42	43	1	2	3
1098	885	28	30	1	5	3
1099	497	58	61	3	1	3
1100	287	55	58	3	1	3
1101	336	17	18	2	4	3
1102	836	5	6	1	4	1
1103	207	19	22	2	2	2
1104	1482	62	63	2	3	3
1105	1406	54	57	2	1	1
1106	68	45	47	3	3	2
1107	1459	58	60	1	1	1
1108	1634	40	43	3	2	1
1109	789	26	29	2	5	2
1110	707	33	34	3	4	2
1111	357	3	5	1	2	2
1112	148	1	4	2	5	1
1113	1722	4	6	1	5	3
1114	29	43	46	1	2	1
1115	270	47	48	2	1	2
1116	89	27	29	3	3	3
1117	1279	7	10	2	4	3
1118	1605	41	43	2	4	1
1119	1648	3	5	1	1	1
1120	876	36	39	2	4	3
1121	915	57	60	2	4	2
1122	327	23	25	3	1	3
1123	1100	35	38	1	3	1
1124	990	11	12	3	4	3
1125	1687	15	16	3	3	2
1126	804	8	11	2	3	3
1127	522	34	35	2	1	2
1128	1672	26	29	3	2	3
1129	1179	9	12	2	3	3
1130	159	57	58	3	2	2
1131	1180	32	35	3	3	1
1132	1309	42	45	2	5	1
1133	1750	57	60	2	5	1
1134	1671	36	38	3	2	3
1135	1410	1	3	2	1	2
1136	1461	27	30	2	1	3
1137	1636	11	13	1	4	3
1138	476	43	45	3	1	2
1139	1783	43	45	2	2	1
1140	1604	13	15	1	3	2
1141	915	21	22	1	5	1
1142	979	60	61	2	4	3
1143	1501	45	46	2	2	2
1144	1105	11	14	2	2	2
1145	1369	6	9	2	5	3
1146	208	12	13	2	3	2
1147	698	36	38	1	3	3
1148	1422	39	41	3	3	3
1149	1156	27	29	2	1	1
1150	1314	51	53	1	3	1
1151	1572	3	5	3	4	1
1152	1214	55	58	3	2	3
1153	1559	23	26	1	1	3
1154	769	16	17	1	5	3
1155	1249	34	35	2	2	2
1156	1697	10	13	2	2	3
1157	1733	55	56	1	3	3
1158	134	41	44	2	2	2
1159	1723	2	5	2	4	2
1160	619	55	57	3	2	1
1161	98	49	52	3	1	3
1162	901	18	19	2	4	1
1163	379	54	55	2	5	2
1164	241	55	57	1	3	3
1165	260	24	25	1	3	2
1166	184	5	7	1	1	3
1167	1310	37	40	1	3	1
1168	1549	6	9	3	2	2
1169	950	57	58	3	4	1
1170	584	41	42	1	3	1
1171	8	41	44	1	1	1
1172	969	53	56	2	3	3
1173	1487	29	30	3	1	2
1174	1685	23	24	3	4	3
1175	1154	16	19	3	4	3
1176	1213	8	11	2	5	2
1177	1021	20	21	3	3	2
1178	706	22	23	1	5	1
1179	1337	8	11	1	2	2
1180	937	40	41	2	2	3
1181	611	8	11	1	2	1
1182	443	40	43	1	1	1
1183	488	47	49	2	3	1
1184	66	41	43	3	5	3
1185	120	10	12	1	3	3
1186	1158	10	11	2	2	3
1187	273	21	24	3	5	3
1188	416	43	45	1	3	2
1189	914	15	17	1	1	3
1190	1107	29	32	2	3	3
1191	1185	15	18	2	5	3
1192	858	46	47	3	5	2
1193	1441	2	4	1	4	1
1194	1361	1	2	2	3	3
1195	1518	13	15	1	5	1
1196	544	5	8	2	5	2
1197	770	11	13	2	4	3
1198	1797	9	11	2	2	2
1199	991	20	21	2	2	1
1200	1381	5	8	3	2	2
1201	739	35	38	3	1	2
1202	967	56	57	2	2	2
1203	674	5	6	3	4	1
1204	1736	7	10	2	3	3
1205	797	11	13	3	2	1
1206	1359	6	9	1	1	3
1207	1090	51	52	1	2	2
1208	1573	22	24	1	3	1
1209	9	2	3	1	2	2
1210	748	51	53	1	5	2
1211	590	58	60	3	4	3
1212	87	30	33	1	5	3
1213	158	2	5	1	1	3
1214	202	29	30	2	2	2
1215	1340	49	50	3	3	1
1216	1702	9	12	1	5	2
1217	176	11	14	3	1	1
1218	35	29	32	3	1	1
1219	1647	30	32	1	1	3
1220	459	33	34	2	1	3
1221	788	43	45	3	2	2
1222	262	4	7	2	2	3
1223	924	10	11	3	3	2
1224	899	43	44	1	1	3
1225	1679	47	48	3	1	1
1226	349	38	41	1	2	1
1227	86	8	10	1	4	1
1228	1672	4	5	2	4	2
1229	417	33	36	1	2	2
1230	818	7	9	3	3	1
1231	262	47	49	3	1	3
1232	623	46	47	2	2	1
1233	1539	14	15	2	3	2
1234	1125	60	62	3	3	1
1235	312	44	47	3	2	2
1236	563	20	23	3	4	1
1237	520	14	16	2	4	1
1238	1631	55	57	1	1	2
1239	1791	11	14	2	4	1
1240	1670	60	63	1	5	3
1241	1126	9	11	3	3	3
1242	50	28	29	3	5	1
1243	1618	13	14	3	4	2
1244	995	41	44	1	3	3
1245	1215	23	26	2	4	2
1246	1665	5	8	1	4	1
1247	1727	17	19	3	2	2
1248	566	57	59	3	3	1
1249	531	19	22	3	3	1
1250	119	38	41	3	5	2
1251	282	20	21	3	3	1
1252	251	28	31	3	2	1
1253	531	6	8	1	5	3
1254	1117	12	14	2	1	2
1255	448	15	18	1	1	2
1256	667	43	46	2	3	2
1257	238	39	42	1	2	3
1258	267	48	50	2	5	3
1259	1521	57	58	1	5	2
1260	801	53	54	1	1	3
1261	1266	56	59	1	3	2
1262	1122	42	45	2	4	3
1263	1700	28	30	3	4	3
1264	1644	44	46	1	3	3
1265	1415	16	18	3	4	3
1266	1399	47	49	2	5	2
1267	375	25	28	3	2	2
1268	1163	31	32	2	3	1
1269	922	34	36	2	5	3
1270	632	7	9	1	3	2
1271	72	19	21	3	3	1
1272	1745	16	18	3	3	1
1273	701	46	48	1	1	1
1274	1671	12	13	3	1	3
1275	71	34	37	2	2	1
1276	710	44	45	3	3	2
1277	616	50	52	3	5	1
1278	1099	38	41	2	4	1
1279	1785	4	6	2	3	1
1280	1756	45	48	1	4	2
1281	878	33	35	1	5	2
1282	1393	28	29	1	1	3
1283	197	55	58	3	2	1
1284	1401	11	14	1	3	1
1285	1586	8	11	1	2	3
1286	1360	30	33	1	3	2
1287	247	5	7	1	3	2
1288	757	38	40	1	3	1
1289	565	54	55	1	3	3
1290	1060	24	25	1	5	2
1291	1526	27	28	3	5	3
1292	1527	1	4	1	4	2
1293	623	31	33	1	4	3
1294	815	42	44	3	4	3
1295	3	3	4	1	3	3
1296	143	16	17	1	4	2
1297	1655	15	18	2	2	2
1298	515	35	38	1	5	2
1299	1151	12	13	1	5	2
1300	1615	34	37	1	3	2
1301	75	42	45	3	3	1
1302	1612	52	53	1	4	1
1303	1671	47	48	1	3	3
1304	1748	47	50	2	4	3
1305	930	30	32	2	4	2
1306	848	59	60	1	1	1
1307	1149	44	45	2	1	2
1308	1417	34	35	1	5	3
1309	1453	42	43	2	3	1
1310	1493	39	42	3	4	1
1311	687	9	10	2	1	1
1312	378	54	57	3	5	1
1313	741	60	63	2	5	1
1314	246	15	17	3	2	1
1315	654	41	42	3	5	2
1316	1569	22	24	1	4	1
1317	442	38	40	2	3	2
1318	954	41	44	2	4	3
1319	1135	34	37	3	4	3
1320	439	18	21	2	3	2
1321	268	16	19	2	3	3
1322	850	47	48	3	2	3
1323	1051	27	30	1	4	2
1324	1334	33	34	2	4	3
1325	369	14	16	1	3	1
1326	591	17	18	2	2	1
1327	479	1	4	3	5	3
1328	58	54	57	1	4	3
1329	502	11	13	2	4	3
1330	1326	45	47	3	1	2
1331	230	9	12	2	5	3
1332	561	7	10	3	2	3
1333	833	40	43	1	5	1
1334	1472	13	15	3	5	3
1335	174	24	27	1	1	2
1336	1708	32	35	2	3	1
1337	1111	55	57	2	2	2
1338	673	38	40	1	5	3
1339	1627	39	41	1	1	1
1340	149	13	15	1	1	3
1341	377	34	36	2	2	3
1342	1069	1	3	2	2	1
1343	1228	31	33	3	1	1
1344	1755	33	35	1	3	1
1345	290	15	16	3	4	1
1346	635	18	20	2	2	1
1347	1319	43	46	2	1	2
1348	818	51	52	3	5	2
1349	53	15	18	2	4	1
1350	1172	9	11	2	4	3
1351	1602	46	48	1	1	2
1352	882	47	48	1	3	1
1353	537	33	36	2	3	3
1354	363	54	56	3	3	2
1355	1121	57	58	3	5	3
1356	1019	8	9	1	2	1
1357	69	58	59	3	1	1
1358	288	60	63	2	5	3
1359	1654	43	44	3	2	3
1360	790	5	8	3	5	3
1361	1300	11	13	1	5	2
1362	1379	50	53	2	4	3
1363	928	45	46	2	2	3
1364	534	60	62	1	4	2
1365	186	49	50	3	1	1
1366	1725	21	24	1	3	1
1367	973	6	7	1	3	1
1368	249	15	16	1	1	3
1369	1799	16	19	2	3	1
1370	1470	15	17	1	2	3
1371	383	4	6	1	1	1
1372	271	11	12	2	1	2
1373	758	30	33	2	5	2
1374	557	10	12	1	1	1
1375	630	18	20	1	2	3
1376	1378	62	63	1	3	3
1377	587	17	20	3	4	1
1378	87	26	29	3	4	3
1379	429	22	23	3	2	2
1380	1016	2	5	3	1	1
1381	1048	35	37	1	2	3
1382	1344	5	8	3	2	1
1383	1272	5	7	1	2	2
1384	1174	21	23	3	1	1
1385	1253	24	27	3	5	1
1386	1502	5	8	3	5	3
1387	984	49	50	3	1	2
1388	689	25	27	2	2	1
1389	187	41	42	1	5	3
1390	1002	21	23	1	3	1
1391	1630	30	33	1	4	3
1392	1749	14	16	2	3	2
1393	1237	20	23	1	3	3
1394	1008	44	47	3	2	2
1395	889	44	46	2	4	3
1396	317	29	30	2	4	3
1397	1522	53	55	1	5	1
1398	1570	2	4	3	2	3
1399	494	38	39	1	5	1
1400	1241	36	39	3	2	2
1401	617	19	20	3	5	3
1402	659	43	44	3	1	2
1403	1571	28	31	1	5	1
1404	887	26	27	1	1	1
1405	688	39	42	1	5	2
1406	343	4	6	3	5	1
1407	289	27	28	1	4	2
1408	1076	27	29	1	4	3
1409	1275	49	51	2	4	1
1410	1176	7	8	2	4	2
1411	1342	23	26	1	1	1
1412	250	17	18	1	2	1
1413	132	11	13	2	2	1
1414	316	57	60	3	2	2
1415	573	4	6	2	2	3
1416	1032	25	28	3	2	3
1417	1608	46	48	3	3	1
1418	1690	60	63	1	5	2
1419	1042	39	41	2	4	2
1420	902	16	18	2	5	2
1421	107	18	20	3	5	3
1422	307	41	43	1	4	2
1423	1507	34	36	3	1	3
1424	1261	26	28	1	5	3
1425	412	30	31	1	1	2
1426	1695	16	17	3	5	2
1427	1007	9	11	3	5	1
1428	883	15	17	3	3	1
1429	1253	43	46	3	1	3
1430	595	40	43	1	3	3
1431	339	38	40	1	2	3
1432	847	55	58	2	5	2
1433	1247	52	55	2	3	1
1434	727	48	50	1	4	1
1435	1229	8	11	3	2	2
1436	1341	10	13	1	3	2
1437	1009	9	12	1	4	1
1438	188	40	42	3	4	3
1439	715	45	47	1	1	3
1440	431	54	57	2	1	3
1441	242	14	17	3	2	3
1442	668	37	39	3	2	1
1443	1325	14	16	1	5	3
1444	1412	52	53	1	5	1
1445	323	4	6	2	1	2
1446	841	49	51	1	3	2
1447	1315	19	21	1	5	3
1448	830	10	13	1	5	1
1449	808	33	36	3	2	3
1450	1134	9	10	3	1	3
1451	1776	15	17	1	1	1
1452	415	32	33	1	2	3
1453	413	32	35	1	2	2
1454	303	17	20	2	1	3
1455	263	33	35	3	3	2
1456	1609	61	63	2	5	3
1457	1145	38	41	2	4	1
1458	747	59	61	1	4	3
1459	359	62	64	1	1	1
1460	1560	54	56	3	3	3
1461	828	24	25	1	4	3
1462	645	14	16	1	4	1
1463	1302	47	48	2	5	3
1464	281	14	15	1	5	3
1465	1278	50	52	1	5	1
1466	960	13	14	2	3	1
1467	236	14	17	1	5	3
1468	451	33	36	1	4	2
1469	572	62	63	1	1	2
1470	376	29	31	1	5	1
1471	1356	32	35	3	4	3
1472	1740	1	4	2	4	3
1473	1641	36	37	3	1	2
1474	212	38	40	1	5	3
1475	1692	6	7	2	5	2
1476	785	51	53	1	5	2
1477	100	45	47	2	2	3
1478	1433	59	61	3	1	3
1479	1336	53	54	1	5	3
1480	1298	22	24	3	1	2
1481	1711	37	38	3	5	3
1482	1094	57	59	1	3	3
1483	503	40	42	2	3	1
1484	1255	9	12	1	4	2
1485	1479	23	25	1	2	1
1486	1219	15	17	2	3	1
1487	1491	5	8	2	3	3
1488	1280	43	46	1	2	3
1489	469	36	37	2	5	2
1490	340	7	9	1	3	3
1491	1371	62	64	1	3	1
1492	843	29	30	2	2	1
1493	1358	42	45	3	2	3
1494	1287	43	45	3	5	2
1495	895	14	16	2	3	3
1496	1338	6	7	3	1	3
1497	1072	35	37	2	2	3
1498	224	52	55	1	2	3
1499	981	29	30	1	2	2
1500	806	21	23	3	3	3
1501	955	31	34	3	3	1
1502	286	39	41	3	4	2
1503	1741	59	60	2	4	2
1504	410	41	44	2	4	1
1505	1226	41	44	2	1	3
1506	352	9	12	2	5	1
1507	562	11	13	3	5	3
1508	835	8	9	3	3	3
1509	426	56	58	2	3	1
1510	1612	17	19	3	1	3
1511	91	45	48	1	3	1
1512	1377	54	55	3	2	1
1513	936	45	47	3	4	2
1514	1530	49	52	1	4	1
1515	1651	29	30	2	5	2
1516	1723	43	45	2	2	3
1517	233	48	51	1	3	2
1518	1164	16	17	2	4	1
1519	951	22	25	2	1	3
1520	677	51	54	2	4	3
1521	1089	61	62	1	2	1
1522	784	14	17	3	1	1
1523	234	23	26	1	5	1
1524	1468	22	25	2	4	3
1525	935	7	8	3	4	2
1526	150	9	10	3	1	2
1527	490	11	14	2	4	2
1528	1227	35	36	2	5	2
1529	1339	33	36	1	3	1
1530	1248	26	28	2	4	1
1531	467	7	8	2	4	3
1532	1618	3	4	2	1	1
1533	1208	60	61	1	5	3
1534	7	28	30	3	4	2
1535	94	12	14	1	5	3
1536	1673	42	43	1	5	2
1537	1274	22	23	3	3	3
1538	1015	59	60	2	3	3
1539	1473	18	20	3	3	2
1540	1747	14	16	3	1	3
1541	681	39	41	1	2	1
1542	1328	42	44	2	2	2
1543	622	24	26	2	4	2
1544	1136	17	19	1	3	1
1545	1515	54	56	3	1	3
1546	1474	16	18	2	3	3
1547	918	7	10	3	3	3
1548	985	34	37	2	2	1
1549	1285	33	35	1	3	1
1550	139	47	49	1	4	2
1551	1391	51	52	2	5	3
1552	1620	44	47	3	4	2
1553	1442	19	21	3	1	1
1554	513	55	58	3	2	3
1555	1173	1	3	2	1	3
1556	60	40	43	2	2	3
1557	96	48	49	2	3	1
1558	1519	32	35	2	3	1
1559	1513	14	15	3	2	3
1560	753	49	51	3	5	1
1561	891	19	20	3	5	1
1562	796	47	49	3	3	1
1563	204	57	60	1	4	2
1564	1467	25	28	3	3	2
1565	102	21	23	1	4	2
1566	600	54	56	1	2	3
1567	43	24	27	2	1	3
1568	1304	54	55	1	1	1
1569	313	44	47	2	4	2
1570	435	1	3	2	5	1
1571	1617	15	17	2	3	1
1572	4	39	42	2	4	2
1573	1692	54	55	1	1	3
1574	440	44	47	1	3	2
1575	610	38	41	1	4	1
1576	151	9	12	3	4	1
1577	1666	41	43	2	5	3
1578	1448	60	63	1	4	2
1579	359	51	53	1	1	1
1580	220	6	9	3	3	2
1581	859	18	19	3	4	3
1582	6	37	38	2	1	1
1583	536	23	26	3	3	2
1584	386	49	52	1	1	3
1585	1774	8	10	2	3	1
1586	1576	49	50	2	3	2
1587	434	37	40	3	1	3
1588	123	17	19	1	4	1
1589	783	58	60	2	2	2
1590	793	34	37	1	2	2
1591	1349	12	14	1	3	1
1592	1188	8	9	1	3	1
1593	80	8	11	3	2	1
1594	382	4	6	1	1	1
1595	90	60	62	2	3	1
1596	156	34	35	1	4	1
1597	615	32	35	3	2	1
1598	1200	13	15	1	1	3
1599	1263	35	36	1	4	1
1600	1594	28	31	2	3	2
1601	1348	50	51	1	5	3
1602	274	39	41	1	5	1
1603	750	56	57	2	2	2
1604	1235	41	43	2	3	2
1605	1205	28	29	3	5	2
1606	581	42	44	2	3	1
1607	649	23	26	1	1	2
1608	1610	22	25	3	3	3
1609	347	40	41	3	1	2
1610	337	29	31	3	1	1
1611	194	12	13	1	2	2
1612	1659	21	24	2	5	3
1613	338	11	13	3	4	3
1614	958	43	46	3	2	3
1615	1202	39	40	1	1	3
1616	1598	47	50	1	1	2
1617	685	6	8	3	2	1
1618	908	39	40	2	4	1
1619	1064	3	5	3	1	1
1620	496	58	61	1	4	1
1621	407	44	46	1	5	1
1622	370	62	63	1	5	3
1623	1146	35	36	1	4	2
1624	1037	23	26	1	4	3
1625	1461	48	50	2	5	1
1626	79	4	7	3	1	3
1627	214	3	6	2	2	1
1628	1597	10	13	3	2	1
1629	1199	20	23	2	5	1
1630	638	17	18	3	5	2
1631	1575	55	58	3	2	3
1632	26	25	28	1	2	2
1633	699	1	2	3	1	3
1634	517	25	26	3	5	2
1635	441	32	33	3	2	1
1636	463	49	50	2	4	1
1637	959	33	35	2	4	2
1638	209	60	63	1	2	1
1639	445	6	8	1	3	2
1640	252	27	30	3	5	1
1641	692	41	42	1	5	1
1642	470	37	40	3	5	3
1643	735	43	44	2	4	2
1644	196	26	28	3	1	1
1645	483	22	24	3	1	3
1646	265	7	8	1	1	2
1647	519	20	22	3	1	1
1648	421	53	56	3	3	3
1649	1136	9	11	3	5	3
1650	105	13	15	1	1	2
1651	1639	44	46	1	4	2
1652	1119	11	13	3	4	2
1653	138	28	30	2	3	2
1654	1068	15	17	2	5	3
1655	1586	51	54	3	1	2
1656	227	50	53	1	5	3
1657	1231	5	7	2	1	2
1658	1168	43	45	2	5	2
1659	1744	10	13	1	4	2
1660	1514	5	8	3	5	2
1661	487	1	2	2	5	2
1662	1434	19	21	3	2	3
1663	931	62	64	1	4	1
1664	213	40	42	1	5	1
1665	1625	56	59	1	4	3
1666	880	26	29	3	5	2
1667	1616	44	45	3	2	3
1668	1600	30	32	1	3	1
1669	1362	28	30	2	5	3
1670	956	50	51	3	3	3
1671	199	22	25	3	5	3
1672	633	52	53	3	3	2
1673	996	53	55	1	1	1
1674	101	13	15	2	1	3
1675	530	53	56	2	5	3
1676	1249	51	53	3	5	2
1677	360	25	27	3	3	2
1678	571	22	24	2	3	3
1679	549	11	12	2	1	1
1680	1777	40	42	2	1	1
1681	1207	35	38	3	3	1
1682	1106	39	40	1	3	1
1683	452	11	13	3	3	3
1684	852	3	4	2	4	2
1685	1114	36	38	1	5	2
1686	1003	16	17	1	2	1
1687	1364	23	25	1	1	3
1688	635	1	3	3	3	2
1689	311	62	63	2	5	2
1690	1230	23	25	3	4	3
1691	1579	43	44	1	1	3
1692	971	44	47	2	1	3
1693	307	18	19	1	4	3
1694	1565	43	46	3	3	1
1695	1717	1	2	1	2	1
1696	1635	19	20	1	2	1
1697	1767	26	28	1	3	2
1698	73	20	22	2	1	2
1699	300	47	49	2	2	1
1700	945	11	13	2	5	1
1701	137	54	55	3	2	1
1702	1175	37	40	1	1	3
1703	1243	9	12	1	5	3
1704	1599	27	30	2	1	3
1705	744	52	54	1	4	1
1706	1787	32	33	3	3	1
1707	436	28	31	1	2	3
1708	1538	31	33	3	1	2
1709	774	30	32	3	5	3
1710	736	47	48	1	3	1
1711	912	39	40	1	5	1
1712	425	49	52	1	2	3
1713	893	5	7	3	1	2
1714	745	19	22	2	5	2
1715	1313	35	37	1	4	2
1716	1192	16	17	1	1	1
1717	373	8	9	2	1	1
1718	394	15	17	3	5	2
1719	1445	7	8	3	2	1
1720	1682	61	63	1	4	1
1721	128	3	6	3	3	1
1722	1483	39	41	2	1	1
1723	1295	53	55	2	5	2
1724	146	54	55	2	5	1
1725	321	42	44	2	2	3
1726	7	18	21	2	4	2
1727	1631	60	62	3	3	1
1728	199	23	24	3	3	2
1729	612	33	36	3	5	1
1730	253	28	29	2	5	1
1731	524	33	36	3	5	3
1732	239	56	57	1	5	3
1733	350	31	34	1	3	3
1734	738	28	29	1	5	1
1735	1689	35	38	2	5	3
1736	965	60	62	3	3	1
1737	179	25	27	1	4	3
1738	667	46	49	3	2	2
1739	34	7	10	3	5	3
1740	1233	9	12	3	2	1
1741	780	40	43	2	5	1
1742	1162	43	44	1	4	2
1743	988	16	19	2	5	1
1744	181	40	42	3	2	1
1745	526	13	14	1	2	1
1746	229	19	21	3	1	3
1747	1165	61	63	1	5	3
1748	308	38	41	1	4	3
1749	1756	58	59	2	3	3
1750	533	26	27	1	1	3
1751	62	32	34	3	4	2
1752	1405	60	61	3	3	2
1753	187	61	62	2	4	3
1754	81	30	33	3	1	2
1755	728	33	36	2	5	1
1756	1537	46	49	3	2	2
1757	326	32	35	2	4	3
1758	894	8	9	2	3	1
1759	1597	27	29	1	1	2
1760	1793	17	20	2	5	3
1761	1243	10	13	1	4	2
1762	1290	28	30	1	5	3
1763	1312	53	55	3	2	1
1764	1643	11	14	3	2	1
1765	1194	16	17	3	2	1
1766	1794	52	54	2	5	1
1767	1387	4	7	1	2	1
1768	1005	27	30	3	5	2
1769	904	37	40	1	1	1
1770	864	61	62	3	5	3
1771	639	21	24	2	5	2
1772	1292	57	59	1	5	1
1773	641	10	12	2	3	1
1774	1096	61	62	2	1	2
1775	966	32	35	2	1	3
1776	941	10	12	1	4	1
1777	749	47	49	2	5	2
1778	1619	5	6	3	5	1
1779	354	25	26	1	5	3
1780	675	40	42	2	1	2
1781	671	40	41	2	1	3
1782	248	28	31	2	1	2
1783	826	38	40	3	4	2
1784	1217	3	6	3	5	2
1785	1639	22	25	2	2	3
1786	653	39	40	2	2	3
1787	541	3	5	2	3	3
1788	569	43	44	3	3	3
1789	760	58	59	2	4	3
1790	1660	34	37	3	5	3
1791	1481	4	5	2	3	3
1792	1509	34	36	1	4	3
1793	363	58	61	2	5	3
1794	1388	4	5	1	2	2
1795	353	45	47	1	5	2
1796	63	25	27	2	2	1
1797	388	29	32	2	4	2
1798	1726	59	62	1	4	3
1799	1520	11	13	1	5	3
1800	846	60	61	1	5	3
1801	464	21	24	1	3	2
1802	291	56	57	1	3	1
1803	939	48	51	1	5	3
1804	252	41	44	2	2	3
1805	1488	21	24	1	4	1
1806	24	8	9	3	3	3
1807	603	33	34	2	4	2
1808	1132	39	40	3	5	3
1809	1718	47	49	2	5	1
1810	403	37	39	2	3	2
1811	1408	10	12	3	1	3
1812	1506	47	48	3	5	2
1813	708	19	21	1	4	3
1814	1668	52	55	3	3	3
1815	1499	47	50	1	4	1
1816	456	12	13	3	2	3
1817	860	29	31	3	4	1
1818	853	5	8	1	2	2
1819	396	32	34	1	4	1
1820	52	22	24	2	5	2
1821	1183	43	45	3	4	3
1822	1261	38	41	2	5	1
1823	1557	62	64	1	1	2
1824	896	32	33	1	4	3
1825	730	56	59	1	5	1
1826	398	33	36	2	4	1
1827	209	37	38	1	1	2
1828	1798	45	48	1	1	2
1829	77	27	29	2	4	3
1830	1028	42	44	1	3	3
1831	373	41	42	1	4	1
1832	547	7	8	1	4	3
1833	1666	43	45	1	2	2
1834	665	52	55	3	4	2
1835	30	32	35	1	3	1
1836	1206	28	29	2	5	1
1837	1705	35	36	1	1	2
1838	1714	21	22	3	3	2
1839	1424	53	56	1	5	3
1840	491	23	24	1	2	1
1841	816	49	50	1	5	1
1842	1171	38	41	2	3	2
1843	104	4	6	3	1	3
1844	325	2	5	2	1	3
1845	1680	48	51	1	5	3
1846	1020	46	47	1	1	2
1847	1769	42	45	1	3	2
1848	1661	45	46	3	3	3
1849	1451	17	18	1	1	2
1850	734	49	52	1	4	1
1851	970	15	18	1	2	3
1852	1353	3	4	1	5	3
1853	1078	2	5	1	5	3
1854	438	18	19	3	5	2
1855	450	27	30	1	5	1
1856	1131	43	45	3	4	2
1857	172	19	21	1	1	3
1858	1388	1	4	2	5	3
1859	1029	2	4	3	2	1
1860	1543	45	48	3	5	1
1861	1583	33	35	3	4	1
1862	1201	12	13	3	5	2
1863	492	44	45	3	5	3
1864	135	12	13	1	5	2
1865	1130	32	35	3	1	3
1866	216	26	29	1	3	2
1867	223	58	61	2	1	2
1868	676	31	34	1	3	2
1869	219	44	45	3	1	2
1870	1495	4	5	3	4	3
1871	869	5	6	2	2	1
1872	926	1	3	1	5	3
1873	514	5	7	1	5	1
1874	1351	60	61	2	5	1
1875	1220	54	55	1	4	1
1876	553	27	29	2	2	2
1877	863	1	2	3	3	2
1878	596	46	47	1	2	2
1879	512	55	58	1	2	3
1880	1781	32	33	3	2	3
1881	1784	49	50	2	4	3
1882	305	7	9	2	2	2
1883	1444	53	55	3	3	2
1884	1221	24	27	2	4	1
1885	720	51	53	2	5	2
1886	1664	38	41	3	2	1
1887	1074	56	57	3	2	2
1888	1059	26	29	3	3	2
1889	1006	20	23	1	5	2
1890	1683	38	40	3	5	1
1891	11	47	49	2	3	2
1892	775	13	14	2	2	3
1893	293	58	60	2	4	1
1894	345	34	35	1	2	1
1895	1356	10	11	1	1	3
1896	418	16	19	2	4	2
1897	726	19	21	1	1	2
1898	655	24	26	2	1	1
1899	1490	41	43	2	1	3
1900	344	31	33	3	1	2
1901	1588	24	26	3	5	2
1902	113	57	59	3	2	2
1903	1428	51	53	2	4	3
1904	130	51	54	2	4	3
1905	201	22	25	2	4	1
1906	1354	51	54	3	2	1
1907	568	14	15	3	4	2
1908	178	16	19	3	4	1
1909	1568	1	2	2	2	1
1910	1431	32	35	3	5	1
1911	1216	53	55	2	1	2
1912	1084	9	11	2	2	2
1913	1714	42	44	1	4	1
1914	304	11	12	3	4	2
1915	381	47	49	2	3	3
1916	989	20	22	3	5	3
1917	1770	3	6	2	3	2
1918	61	16	17	2	4	2
1919	550	33	36	3	5	1
1920	1589	61	62	3	4	2
1921	1374	49	51	3	3	1
1922	195	32	33	3	5	2
1923	1562	5	6	1	1	1
1924	1760	34	35	3	3	3
1925	1225	22	23	2	4	2
1926	1420	50	52	3	4	2
1927	208	13	14	3	2	1
1928	609	6	7	2	3	2
1929	1273	24	27	3	1	1
1930	1528	53	56	1	3	1
1931	388	40	43	2	1	3
1932	1510	37	39	1	1	3
1933	258	39	42	3	3	3
1934	1355	47	50	1	1	3
1935	1691	1	4	3	5	1
1936	1670	46	47	1	4	2
1937	1152	7	9	3	1	3
1938	118	28	31	3	4	2
1939	1704	3	4	1	5	1
1940	1160	26	28	1	3	1
1941	1159	25	26	3	4	3
1942	1320	39	40	1	3	3
1943	228	18	21	3	5	1
1944	870	39	41	3	3	2
1945	367	61	62	1	4	2
1946	1503	34	36	3	2	3
1947	1148	56	58	2	2	2
1948	705	35	37	2	4	2
1949	175	38	41	2	3	1
1950	1254	50	53	1	4	2
1951	318	55	57	3	5	2
1952	275	37	38	3	5	2
1953	1525	61	62	1	3	2
1954	161	60	62	3	2	2
1955	1080	26	27	1	2	2
1956	1182	24	25	1	1	1
1957	585	34	37	1	1	2
1958	777	44	46	3	4	2
1959	372	3	6	1	4	2
1960	56	43	46	3	4	1
1961	1429	20	21	3	4	3
1962	982	16	17	1	1	1
1963	856	25	26	2	2	3
1964	1590	4	7	1	5	1
1965	794	5	6	2	3	2
1966	1508	51	53	1	2	1
1967	842	58	60	1	1	1
1968	411	21	22	3	5	2
1969	1184	29	31	1	1	3
1970	1567	31	33	1	3	2
1971	54	57	59	1	3	3
1972	1735	57	60	2	4	1
1973	1413	14	17	2	4	3
1974	277	36	39	2	1	1
1975	319	48	50	1	1	2
1976	1466	38	40	3	2	1
1977	217	16	17	2	4	1
1978	458	9	11	3	4	3
1979	1352	53	56	3	3	1
1980	347	3	4	1	1	1
1981	324	24	27	2	3	2
1982	423	42	43	3	3	2
1983	1696	16	19	1	5	3
1984	627	34	37	1	4	3
1985	624	4	5	3	3	2
1986	1113	19	20	3	1	1
1987	1259	33	36	3	4	2
1988	700	59	62	2	5	2
1989	1531	29	32	1	5	2
1990	462	24	27	1	2	3
1991	406	32	35	2	4	3
1992	1547	35	38	1	5	3
1993	938	5	8	3	2	1
1994	1430	20	21	3	5	2
1995	1033	47	49	2	3	3
1996	1532	34	35	1	4	3
1997	716	35	38	1	5	2
1998	1463	13	16	2	2	2
1999	1657	19	21	3	3	2
2000	906	33	35	1	4	1

