DATASET = ORTEC-hidden instance set VeRoLog competition
NAME = tools over distance over vehicle days over vehicles with 1500 requests over 40 days

DAYS = 40
CAPACITY = 40
MAX_TRIP_DISTANCE = 15000
DEPOT_COORDINATE = 0

VEHICLE_COST = 1
VEHICLE_DAY_COST = 2000
DISTANCE_COST = 400000

TOOLS = 2
1	15	94	50000000
2	15	92	40000000

COORDINATES = 1386
0	3917	6819
1	8838	6142
2	7946	6158
3	3505	6165
4	9067	6166
5	8695	6166
6	8677	8142
7	8922	6183
8	9445	6188
9	7321	6189
10	9092	6192
11	7086	6195
12	8565	6203
13	7461	6220
14	7597	6221
15	7750	6226
16	8234	6229
17	7543	6232
18	8957	6233
19	8007	6236
20	3943	4146
21	8853	6246
22	8731	6251
23	7256	6253
24	8153	6153
25	8447	6267
26	4019	6272
27	7526	6281
28	4030	6288
29	7700	6290
30	8183	6309
31	8247	6309
32	7511	6317
33	8157	6164
34	3731	6165
35	4058	6337
36	6788	6348
37	3490	6356
38	4271	6357
39	8000	6168
40	6212	6371
41	3605	6175
42	3823	6398
43	3968	6428
44	6909	6430
45	7328	6450
46	7469	6455
47	7538	6188
48	8049	6484
49	7574	6485
50	4073	6488
51	8330	6491
52	7809	6191
53	3366	6496
54	3929	6497
55	4043	6498
56	3775	6509
57	3351	6528
58	4263	4198
59	8680	6552
60	7806	6557
61	4220	6559
62	7480	6561
63	4435	4200
64	4262	6571
65	7171	6573
66	7824	6573
67	6761	6579
68	7518	6582
69	7548	6593
70	7055	6604
71	6967	6618
72	3341	6625
73	7550	6636
74	3543	6639
75	4055	6650
76	8056	6657
77	6943	6663
78	7022	6693
79	8004	6696
80	8668	6702
81	4002	6707
82	4129	6713
83	8605	6228
84	7186	8233
85	3680	6730
86	8479	6736
87	8701	6741
88	3508	6757
89	4199	6766
90	4214	6767
91	3893	6770
92	7013	6781
93	3330	6790
94	8747	6798
95	8205	6813
96	7125	6814
97	3363	6820
98	8661	6836
99	3847	6851
100	7775	6856
101	4140	6859
102	4585	6863
103	8633	6863
104	8758	6876
105	7749	6876
106	6946	6877
107	3885	6890
108	8538	4254
109	4226	6906
110	8443	6917
111	7812	6922
112	8188	6923
113	7447	6938
114	8238	6939
115	8763	6955
116	8730	6960
117	7372	6969
118	7514	6970
119	7767	6970
120	9110	6976
121	4064	6977
122	7724	6983
123	7494	6993
124	4309	7025
125	3541	7028
126	7370	7029
127	8754	7035
128	4797	7038
129	8743	7048
130	8157	7058
131	5985	7070
132	4795	7071
133	4012	7073
134	3982	7074
135	6458	7074
136	7981	7095
137	8242	7105
138	7153	7116
139	4598	7130
140	8491	7135
141	6744	7140
142	4086	7143
143	7929	7147
144	8140	7148
145	8256	7153
146	7246	7154
147	4181	7175
148	3484	7181
149	7121	7183
150	8709	7190
151	7493	7196
152	7249	7200
153	9326	7209
154	4244	7221
155	7424	7221
156	8197	6313
157	4097	7228
158	4147	7233
159	8582	7233
160	8764	7251
161	8539	7256
162	8798	7261
163	4913	7263
164	8387	7264
165	7367	7268
166	7255	7280
167	7273	7284
168	5851	7285
169	8148	8771
170	4411	7289
171	7654	7289
172	4120	7298
173	8210	7299
174	4746	2320
175	3808	7307
176	9532	8330
177	4260	7316
178	6307	7317
179	8546	4325
180	8054	7326
181	6671	7329
182	8166	7335
183	8524	7336
184	7826	8336
185	7023	7345
186	8887	7355
187	3845	7358
188	7174	7362
189	7829	7363
190	3892	7365
191	3945	7371
192	9131	7376
193	6784	8347
194	3929	7416
195	7767	7426
196	8011	7434
197	7635	7466
198	7743	7468
199	9561	7469
200	8979	7472
201	7282	7476
202	7678	7478
203	6469	7481
204	8710	7489
205	7353	7490
206	9078	7493
207	9064	7497
208	8682	7512
209	3807	7532
210	6030	7537
211	7732	7540
212	3542	7541
213	7038	7545
214	8424	7548
215	8055	4366
216	8612	7567
217	3914	7570
218	6256	7570
219	8449	7583
220	4310	4372
221	4388	4373
222	7300	7612
223	7305	7616
224	7608	7620
225	6785	7625
226	4336	6380
227	5707	7628
228	7694	7631
229	9386	7636
230	3480	7647
231	8470	7647
232	7286	7656
233	7024	7675
234	5733	7684
235	8342	7686
236	9296	7694
237	7937	7701
238	8100	7702
239	7206	4390
240	8374	7715
241	5292	7716
242	8738	7716
243	7228	7717
244	6413	7726
245	5340	7733
246	6173	7748
247	5429	7774
248	4496	2401
249	6625	7797
250	8277	7806
251	7408	7823
252	5248	7826
253	6771	7830
254	8414	7831
255	4425	4412
256	6942	8420
257	6079	7846
258	6928	7862
259	4142	7867
260	8706	7868
261	6934	7869
262	7453	7888
263	6222	7892
264	6907	7911
265	6875	7921
266	7322	7937
267	6904	7938
268	4189	7953
269	6965	7960
270	5334	7965
271	6478	7994
272	8823	4260
273	8549	8004
274	9419	8007
275	7047	8014
276	6948	8048
277	7349	8055
278	8634	8062
279	7366	8065
280	9723	8077
281	7480	6455
282	9375	8084
283	3704	5196
284	5866	7998
285	7429	8108
286	7289	8113
287	5469	8117
288	8466	4458
289	5562	8126
290	7278	8135
291	6022	8135
292	6093	8138
293	6920	8157
294	6300	8159
295	6904	8161
296	8904	8171
297	9332	8172
298	6016	8181
299	6232	8181
300	7508	8185
301	8097	5142
302	7400	6475
303	6406	8207
304	9249	8209
305	8551	8210
306	5953	8481
307	8825	5199
308	8830	8230
309	7755	8233
310	6278	8249
311	6443	8262
312	6137	8286
313	7327	8294
314	5391	8312
315	7556	8318
316	7930	8405
317	7513	8323
318	9555	8326
319	2450	4494
320	5565	8335
321	9951	8345
322	2549	4498
323	5685	8361
324	8928	8369
325	6537	8376
326	7633	6506
327	9358	8387
328	8841	8408
329	7459	8412
330	7302	8419
331	8200	8422
332	6372	3525
333	6381	8424
334	8047	8427
335	6123	8442
336	7412	8520
337	4094	5209
338	7010	8479
339	7838	8480
340	7741	8510
341	7239	8532
342	7856	8515
343	7603	8517
344	7714	8518
345	5764	8521
346	4681	2523
347	6953	8525
348	6557	8534
349	8152	8539
350	6475	8542
351	6135	8545
352	6272	8546
353	4521	4010
354	5760	8553
355	6137	8556
356	5571	8559
357	5790	8560
358	7437	8571
359	8460	8573
360	5776	8577
361	5361	8593
362	6296	8596
363	4575	4539
364	7654	8610
365	7525	8623
366	5555	8623
367	9828	8623
368	8656	8624
369	7489	8628
370	8441	8637
371	8437	8640
372	7401	8642
373	6976	8647
374	6508	8654
375	8624	8666
376	7737	4551
377	7964	4552
378	6799	8559
379	9485	6016
380	4586	2414
381	6386	8717
382	5664	8727
383	6866	8728
384	6378	8739
385	6897	8739
386	5501	8742
387	7237	8744
388	5683	8747
389	5404	8752
390	6433	8755
391	5992	2562
392	5828	8761
393	7686	4567
394	7672	8774
395	7480	8774
396	5649	8775
397	9491	8786
398	8074	8793
399	6497	8800
400	7723	8802
401	7304	8580
402	8566	8814
403	6552	8820
404	6211	8831
405	7774	8835
406	3543	3484
407	6446	8859
408	5921	8867
409	8383	4585
410	8793	8895
411	7394	8902
412	8480	8903
413	5568	8909
414	5875	8909
415	4189	4591
416	4792	2588
417	7206	8917
418	5847	8924
419	7706	8929
420	5728	8826
421	7622	8944
422	7903	8954
423	5571	8957
424	9336	8963
425	5973	8965
426	7711	8969
427	9782	8970
428	7190	8972
429	8801	8973
430	6107	8979
431	6788	8985
432	7367	8991
433	9921	9006
434	7795	9012
435	7955	9014
436	7630	9017
437	6250	8616
438	5624	9028
439	5726	9032
440	7837	9046
441	6119	9050
442	8830	9056
443	5988	8624
444	8070	9074
445	7865	9079
446	5949	9081
447	7731	9087
448	7471	8628
449	7816	5629
450	8074	9112
451	9573	9115
452	9526	9117
453	7414	9133
454	7675	9136
455	7751	9147
456	5966	9163
457	8561	4633
458	7976	9174
459	6398	9190
460	5128	4638
461	6334	9203
462	8384	9213
463	8738	9215
464	8625	9230
465	6674	9242
466	9142	9250
467	8290	9267
468	8551	9287
469	7512	9288
470	9161	9292
471	8313	9297
472	8272	9304
473	7685	9305
474	9638	8272
475	8745	9320
476	6690	9322
477	7051	9331
478	7564	9333
479	6462	9336
480	6943	9340
481	9096	9341
482	7074	9359
483	9347	9362
484	9081	9378
485	6725	9389
486	6447	9394
487	7093	9401
488	8691	9427
489	7898	9435
490	8705	9441
491	7754	9442
492	8301	9455
493	7808	9466
494	6592	9468
495	9152	9482
496	6758	9490
497	6741	9501
498	7017	9519
499	6809	9521
500	8240	9530
501	8393	9531
502	7257	9542
503	8061	9549
504	8466	9561
505	8394	9583
506	6930	9607
507	6322	8715
508	8057	9613
509	6796	9621
510	2764	2731
511	6474	8742
512	6089	9815
513	3835	2740
514	3748	4745
515	6001	9840
516	6264	9855
517	6207	9865
518	4752	4751
519	6453	9874
520	6391	9876
521	7852	4764
522	9481	8059
523	7802	6058
524	7351	9976
525	5667	4776
526	7127	8862
527	8468	4778
528	8431	4781
529	7328	4798
530	3866	2801
531	6363	1663
532	5467	8815
533	7939	6818
534	5668	4817
535	6962	8830
536	6507	8831
537	3848	4472
538	5710	4844
539	3820	8478
540	5429	4855
541	5367	2855
542	8354	4859
543	412	2861
544	3688	4077
545	3854	4869
546	5866	2877
547	5678	4886
548	8770	6891
549	4225	4892
550	3457	3282
551	2770	4894
552	2963	2893
553	4182	2894
554	3933	6903
555	3922	2905
556	5319	4916
557	6620	8490
558	7312	6922
559	8457	4892
560	7774	6094
561	5860	3801
562	7862	8956
563	4028	6956
564	8125	8967
565	8125	4965
566	3529	2963
567	4273	4498
568	5844	4968
569	8731	4983
570	4525	5143
571	4205	7002
572	7313	2903
573	8694	4905
574	3977	7010
575	7952	9021
576	9011	5019
577	4196	7026
578	7124	9488
579	5960	5031
580	5293	3037
581	7352	4303
582	4181	7060
583	4234	7061
584	5536	5064
585	3231	5078
586	4770	3076
587	7066	3319
588	8321	9323
589	3538	5088
590	3374	3088
591	4687	7101
592	9064	5098
593	8719	5099
594	6098	3102
595	4676	3104
596	5176	4128
597	6459	24
598	6863	49
599	8168	4127
600	6395	66
601	8616	5120
602	7711	5120
603	6504	3121
604	6717	115
605	6519	115
606	6695	118
607	6375	128
608	4493	7135
609	3165	5133
610	6297	141
611	6893	200
612	6438	208
613	6262	220
614	8548	5334
615	6786	9169
616	6831	133
617	5261	4290
618	6564	353
619	6886	9093
620	6755	358
621	4887	3169
622	4380	4539
623	6612	396
624	6535	409
625	8897	8542
626	9098	5186
627	6096	468
628	9225	7192
629	7601	9346
630	3648	5196
631	6391	521
632	4712	3193
633	7657	6145
634	6526	594
635	7649	6147
636	6286	633
637	6322	633
638	6460	634
639	3687	7222
640	7712	5219
641	8296	5221
642	8470	9232
643	6680	738
644	8271	6151
645	7131	5238
646	6828	811
647	4108	3245
648	8378	5249
649	6287	888
650	5312	3263
651	4008	7270
652	8778	7271
653	9413	5284
654	6476	1102
655	6560	1158
656	7551	8967
657	4293	7307
658	5798	3304
659	8851	9316
660	6605	9320
661	6485	1246
662	6814	1256
663	6945	1287
664	9049	7332
665	6846	3496
666	7140	1438
667	3779	3355
668	5075	5372
669	7059	5376
670	7397	7981
671	6947	1662
672	6470	1667
673	4247	5390
674	6458	1685
675	9577	5397
676	6499	7403
677	6238	3401
678	1564	1805
679	6383	1805
680	7737	7419
681	3887	7421
682	6472	1915
683	0	1922
684	8148	4590
685	5135	1956
686	5166	1982
687	3035	2991
688	5492	1989
689	1855	1992
690	7018	7445
691	6340	2024
692	6458	2050
693	5497	2058
694	5913	2068
695	6700	2076
696	5719	2086
697	6162	2092
698	7170	2093
699	6104	3455
700	5119	2120
701	824	2124
702	6297	2134
703	6702	2150
704	5892	2163
705	5017	2185
706	3303	3471
707	6518	2201
708	5907	2207
709	5843	2208
710	5615	3476
711	5939	2232
712	5194	2239
713	5294	2264
714	6942	5487
715	4786	2269
716	6351	2277
717	5731	2280
718	4842	2284
719	5374	2291
720	8820	7497
721	5113	2317
722	7296	7005
723	6310	2325
724	4569	2331
725	7368	7502
726	9359	5502
727	5426	3505
728	4590	2398
729	4775	2401
730	7352	2410
731	4672	2416
732	6342	2417
733	6445	2420
734	6860	2450
735	4002	2459
736	6271	2482
737	3267	2497
738	3903	2503
739	6850	7530
740	5081	2533
741	3932	2542
742	6911	2548
743	4889	2584
744	6939	2603
745	4180	2612
746	6706	2616
747	4600	2627
748	916	2637
749	7042	2637
750	3267	2640
751	7299	7553
752	3247	2649
753	6730	2658
754	4470	2660
755	4859	2666
756	6756	2680
757	5047	2681
758	4791	2699
759	6254	2700
760	514	2703
761	2608	2705
762	892	2707
763	4428	2718
764	3166	2719
765	4189	2725
766	6277	2732
767	2936	2734
768	419	2743
769	1259	2743
770	7205	2754
771	5069	2778
772	4804	2778
773	393	2783
774	4802	2792
775	685	2795
776	5859	2801
777	2930	2804
778	5273	2805
779	4207	5577
780	4216	2807
781	3543	2812
782	256	2814
783	6002	2823
784	7645	7583
785	3168	2830
786	430	2835
787	2481	2854
788	5420	2863
789	3698	2865
790	2482	2868
791	709	2873
792	4810	2880
793	350	2884
794	6781	2887
795	633	2890
796	4156	2894
797	4767	2900
798	4889	2930
799	485	2932
800	6225	2945
801	5697	2947
802	6404	2948
803	2974	2961
804	3973	2963
805	1948	2976
806	3157	2977
807	6520	2981
808	5187	2983
809	3004	2999
810	4156	3000
811	5526	3001
812	5345	3006
813	9754	8228
814	6287	3024
815	2761	3028
816	5475	3031
817	6540	3037
818	3871	3038
819	6802	3048
820	2286	3057
821	4939	3063
822	6647	3068
823	4133	3076
824	7140	3095
825	4563	3104
826	5104	3110
827	2524	3117
828	5302	3429
829	4529	3135
830	6255	3135
831	5385	3138
832	8119	7636
833	4899	3142
834	5045	3146
835	6487	3149
836	5336	3155
837	3331	3160
838	4652	3160
839	7014	3172
840	6259	3175
841	6766	3185
842	5861	3186
843	6302	3194
844	4765	3195
845	9204	7646
846	6083	3209
847	6166	3218
848	6534	3228
849	6437	3229
850	6330	3240
851	4067	3242
852	4909	3247
853	5626	3264
854	5723	3268
855	5268	3277
856	6426	3285
857	2898	3293
858	5697	3295
859	7931	5659
860	6821	3326
861	3761	3332
862	2485	3335
863	4206	3336
864	3656	3339
865	2341	3343
866	1605	3347
867	5557	3349
868	1756	3355
869	4554	3366
870	4246	3367
871	7832	5673
872	5647	3388
873	6422	3392
874	5886	3395
875	5230	3408
876	5217	3414
877	4026	3417
878	5638	3420
879	4051	3443
880	1365	3451
881	4049	3454
882	6856	3454
883	5488	3480
884	6514	3480
885	5481	3481
886	4208	3490
887	6341	3513
888	7815	5695
889	1855	3527
890	4834	3531
891	6067	3534
892	6187	3538
893	9532	5844
894	4294	3554
895	4150	3555
896	4228	3564
897	4354	3569
898	6826	3569
899	4101	3572
900	3196	3575
901	4724	3577
902	6154	3586
903	5826	3587
904	4754	3589
905	6866	5709
906	5299	4472
907	5584	4246
908	4880	3623
909	8076	7716
910	5926	3629
911	5472	3630
912	4368	3640
913	4866	3643
914	4432	3656
915	7129	5512
916	5026	3678
917	4662	3689
918	6822	3689
919	4697	3696
920	5224	3704
921	6134	3705
922	2057	3712
923	3481	3727
924	5732	3730
925	5884	3739
926	4998	3748
927	6786	3759
928	6260	3774
929	6762	3774
930	4971	3775
931	5194	3780
932	4802	3781
933	6120	3781
934	1739	3785
935	4130	3798
936	4413	3811
937	8509	7747
938	9052	5854
939	4463	3829
940	4530	3848
941	1738	3751
942	1655	3876
943	3150	3894
944	6036	3900
945	6037	7763
946	6116	3933
947	6163	3938
948	4567	3950
949	5474	3955
950	4912	3957
951	6865	3963
952	6734	3979
953	3988	3981
954	3774	3985
955	3709	3991
956	5961	4009
957	6143	4013
958	7811	4018
959	4312	4024
960	4671	4036
961	3448	4039
962	3512	4041
963	4248	4055
964	3768	4056
965	3893	4067
966	5869	4067
967	4020	4075
968	3825	4076
969	5954	4083
970	4730	4086
971	1957	4091
972	3573	4097
973	3679	4106
974	1899	4124
975	4193	4125
976	3945	4135
977	4052	4138
978	4076	4147
979	4170	4151
980	6222	4154
981	3580	4156
982	8289	4162
983	5781	4164
984	6219	4164
985	3932	4170
986	3535	4184
987	3449	4185
988	4295	4191
989	5009	4196
990	4996	4198
991	6808	4200
992	3997	4208
993	6055	8669
994	3710	4215
995	6381	4219
996	3426	4229
997	4151	4236
998	8112	4237
999	8068	4242
1000	7235	4248
1001	8764	4254
1002	4274	4260
1003	4108	4274
1004	6210	4274
1005	4624	4282
1006	8050	4289
1007	4813	4292
1008	6051	4305
1009	7325	7830
1010	5190	4312
1011	4743	4318
1012	4796	4323
1013	4395	4324
1014	3533	4328
1015	8572	4329
1016	6198	4331
1017	4526	4333
1018	8664	4332
1019	2359	4336
1020	4294	4338
1021	3714	4339
1022	3998	4340
1023	2341	4341
1024	8589	4351
1025	3298	4352
1026	8261	4354
1027	3757	4360
1028	8380	4366
1029	4681	4368
1030	8362	4369
1031	8088	4371
1032	6024	4375
1033	8642	4384
1034	8288	4384
1035	9151	5839
1036	8493	4388
1037	6089	4391
1038	4467	4401
1039	6324	4402
1040	7102	4404
1041	7189	4405
1042	2402	4407
1043	7011	4418
1044	5375	4421
1045	8237	5073
1046	8872	4436
1047	8978	4438
1048	6969	4444
1049	2720	4446
1050	7931	4449
1051	8317	4450
1052	4581	4455
1053	8023	4459
1054	3678	4465
1055	4160	4479
1056	7960	4482
1057	3764	4491
1058	8296	4494
1059	3760	4499
1060	5738	4499
1061	9356	5859
1062	5957	8679
1063	3418	4530
1064	7878	4537
1065	4246	7872
1066	5188	4556
1067	8675	4559
1068	8516	4563
1069	2761	4570
1070	4381	4572
1071	4172	4586
1072	3698	4590
1073	8072	4591
1074	2891	4592
1075	8856	4594
1076	3365	4596
1077	8838	4596
1078	4313	4612
1079	8611	4616
1080	4931	4622
1081	3785	4625
1082	8392	4630
1083	8854	5881
1084	7393	4642
1085	8627	4653
1086	7869	4655
1087	8561	4658
1088	7756	4662
1089	8651	4666
1090	5010	4672
1091	4258	4675
1092	3777	4677
1093	8419	4683
1094	4947	4685
1095	7606	4695
1096	4235	4701
1097	7493	4710
1098	3712	4714
1099	4732	4726
1100	4050	4728
1101	4770	4737
1102	8094	4742
1103	8067	4742
1104	7987	4744
1105	4299	4746
1106	7999	4757
1107	8038	4758
1108	4040	4760
1109	4173	4771
1110	5468	4775
1111	8444	4779
1112	5674	4792
1113	7196	4796
1114	5608	4800
1115	5408	4804
1116	8422	4804
1117	7557	4805
1118	4074	4807
1119	7691	4810
1120	7774	4811
1121	8218	4811
1122	8241	4817
1123	8120	4823
1124	3549	4828
1125	3557	4854
1126	7517	4863
1127	8538	4865
1128	7539	4870
1129	2930	4876
1130	3825	4878
1131	3002	4883
1132	4192	4884
1133	8601	4887
1134	5589	4888
1135	2891	4892
1136	8657	4899
1137	5331	4901
1138	3944	4906
1139	3173	4916
1140	7981	4920
1141	7349	4921
1142	8490	4922
1143	7258	4922
1144	2951	4928
1145	2935	4931
1146	7484	4931
1147	8324	4942
1148	8522	4944
1149	8055	4949
1150	7396	4952
1151	3954	4958
1152	3843	4958
1153	8022	4965
1154	5430	4966
1155	3497	4967
1156	3622	4974
1157	2891	4976
1158	3477	4978
1159	5499	4984
1160	3726	4994
1161	8835	4997
1162	7015	5942
1163	5313	3941
1164	7981	5012
1165	8645	5017
1166	8484	5019
1167	9077	5021
1168	3007	5025
1169	3737	5025
1170	9070	5031
1171	4234	5038
1172	7084	5038
1173	7583	5040
1174	3587	5041
1175	3958	5041
1176	7318	8296
1177	3058	5073
1178	3979	5076
1179	3303	5077
1180	3047	5078
1181	8236	5079
1182	8107	5088
1183	7301	5096
1184	2834	4696
1185	5404	5099
1186	8131	5104
1187	2730	5115
1188	4643	5115
1189	4224	5120
1190	8743	5120
1191	5610	5963
1192	5068	3959
1193	7106	5131
1194	5883	5132
1195	7596	5133
1196	8391	5141
1197	4201	5147
1198	4294	5149
1199	8122	5151
1200	8246	5154
1201	7217	5156
1202	4033	5165
1203	8178	5164
1204	4044	5169
1205	9081	5186
1206	8967	5194
1207	4307	5199
1208	8683	5205
1209	7603	5212
1210	4179	5214
1211	3750	5223
1212	8193	5229
1213	5087	5232
1214	7094	5241
1215	8183	5249
1216	8622	5252
1217	8835	5256
1218	7782	8405
1219	8361	5264
1220	7944	5281
1221	4148	5294
1222	7766	5296
1223	8707	5297
1224	8968	5297
1225	8076	5300
1226	7391	5309
1227	8944	5309
1228	7287	5315
1229	3801	3992
1230	8331	5316
1231	3004	5328
1232	8085	5335
1233	6989	5341
1234	7696	5350
1235	3786	5351
1236	8244	5354
1237	4276	5360
1238	3457	5364
1239	7542	5367
1240	7985	5368
1241	8035	5371
1242	8263	5374
1243	8416	5377
1244	8319	5381
1245	7160	7507
1246	3975	5386
1247	8637	5389
1248	8338	4305
1249	7620	5406
1250	8918	5408
1251	7358	5412
1252	7564	5413
1253	4965	4009
1254	7543	5420
1255	7044	5420
1256	5264	4009
1257	4232	5425
1258	8881	5439
1259	7942	5440
1260	6929	5441
1261	7826	6016
1262	8648	5444
1263	8853	5451
1264	4328	5486
1265	6997	5487
1266	7091	5492
1267	7039	5499
1268	4031	5501
1269	8296	5501
1270	9273	5511
1271	8260	5520
1272	8304	5536
1273	8506	5540
1274	7855	5546
1275	7072	5548
1276	6910	5549
1277	6744	5560
1278	7398	5577
1279	4246	5580
1280	7792	5584
1281	7449	5586
1282	8057	5589
1283	8855	5594
1284	3942	5596
1285	8436	5598
1286	9408	6042
1287	2900	5607
1288	7494	5612
1289	7324	5626
1290	7149	5627
1291	7210	5627
1292	7537	5629
1293	7558	5633
1294	9570	5647
1295	8711	5649
1296	6954	5656
1297	8677	5656
1298	7360	5659
1299	7422	4314
1300	8471	5660
1301	9055	5667
1302	7654	5673
1303	8610	5680
1304	9448	5684
1305	9617	5686
1306	7660	5688
1307	8438	5691
1308	4430	5694
1309	8110	5695
1310	9025	5725
1311	9127	5727
1312	7600	5729
1313	9046	5737
1314	3447	4064
1315	9237	5765
1316	8226	5772
1317	6993	5774
1318	7235	5778
1319	6997	5792
1320	7573	5800
1321	9244	5806
1322	7674	5818
1323	8791	5821
1324	9512	5825
1325	8989	5828
1326	5471	8084
1327	8279	5832
1328	7039	5836
1329	7828	5837
1330	5441	3519
1331	6933	5840
1332	7820	5849
1333	7428	5849
1334	9044	5851
1335	7423	5852
1336	8674	5858
1337	3720	4085
1338	7574	5875
1339	9077	5876
1340	8269	5880
1341	9555	5883
1342	7480	5892
1343	7679	5905
1344	9055	5908
1345	8258	5909
1346	7528	5919
1347	9048	5926
1348	8899	5933
1349	7534	5934
1350	7918	5937
1351	5136	5945
1352	7772	5947
1353	9096	5950
1354	5756	5956
1355	9021	5956
1356	7710	5960
1357	9040	5966
1358	9146	5969
1359	9153	5974
1360	8757	5981
1361	5788	4103
1362	7896	5988
1363	9393	5992
1364	9110	5998
1365	7867	6006
1366	8667	6010
1367	9559	6016
1368	9371	6019
1369	7779	6022
1370	8632	6030
1371	8284	6038
1372	9565	6049
1373	7290	6053
1374	9516	6058
1375	9012	6059
1376	8804	6071
1377	8931	6077
1378	8920	6090
1379	9056	6091
1380	9252	6095
1381	9527	6099
1382	4310	6107
1383	7219	4124
1384	7993	6116
1385	8560	6123

REQUESTS = 1500
1	901	25	26	2	2	1
2	520	22	25	3	2	2
3	1059	21	22	1	2	2
4	1029	27	30	3	2	2
5	630	10	13	3	2	1
6	317	25	26	1	1	1
7	161	30	32	3	2	1
8	605	25	26	3	2	2
9	1221	4	5	3	2	2
10	1005	30	31	3	1	1
11	354	32	33	2	2	2
12	436	31	32	2	1	1
13	682	9	12	3	2	2
14	1214	2	3	2	1	2
15	1125	33	35	3	2	1
16	1104	29	31	1	1	1
17	1171	26	28	3	1	1
18	269	19	22	1	2	2
19	261	34	35	1	2	2
20	561	30	31	1	1	1
21	271	6	7	2	2	2
22	584	18	19	1	2	2
23	596	32	33	2	1	1
24	168	9	11	1	1	2
25	53	5	8	1	2	2
26	393	15	16	2	1	2
27	1272	16	18	3	2	1
28	53	15	18	1	1	2
29	1337	1	2	3	1	1
30	403	10	12	2	1	1
31	116	29	31	1	2	1
32	1282	24	27	2	2	2
33	571	18	20	2	2	2
34	973	8	9	2	1	1
35	1350	3	4	3	1	1
36	448	35	38	2	1	1
37	883	2	4	3	1	2
38	49	12	15	3	1	1
39	1142	35	38	2	2	2
40	869	34	37	3	2	2
41	259	6	7	3	2	2
42	599	22	23	2	2	1
43	54	14	16	1	2	1
44	284	23	25	2	1	2
45	863	6	7	3	2	2
46	1138	23	26	1	1	2
47	1181	9	11	3	1	2
48	333	20	21	3	1	1
49	731	33	34	1	1	2
50	117	36	37	1	2	2
51	323	21	22	2	2	1
52	1082	9	11	3	2	1
53	131	24	26	2	2	1
54	714	23	26	1	1	2
55	706	35	36	2	2	2
56	1320	3	6	2	1	2
57	1008	11	14	3	1	2
58	852	16	18	3	2	1
59	941	33	34	1	1	2
60	77	33	34	2	1	2
61	1116	24	25	2	2	2
62	417	26	28	1	1	2
63	1317	32	34	2	1	2
64	386	31	33	1	2	2
65	1175	35	38	2	1	2
66	815	29	32	1	1	2
67	791	22	24	2	2	1
68	121	11	13	1	2	1
69	1179	15	16	3	1	2
70	178	35	37	3	2	1
71	972	8	9	3	2	2
72	265	15	17	1	1	1
73	738	32	35	1	1	1
74	1003	34	35	3	2	1
75	1087	33	35	1	2	2
76	768	10	12	3	2	1
77	1255	33	36	3	2	2
78	278	9	12	2	1	1
79	166	36	38	1	2	2
80	53	31	33	1	2	1
81	310	33	34	2	1	1
82	348	29	32	2	2	1
83	29	32	35	3	1	2
84	761	15	17	1	1	2
85	339	5	7	1	2	2
86	722	13	14	2	1	1
87	684	31	34	2	1	1
88	559	22	25	3	2	1
89	1206	5	7	1	2	2
90	28	22	23	2	1	1
91	163	7	9	1	1	1
92	285	12	14	1	2	1
93	346	2	3	3	1	2
94	208	28	29	3	1	2
95	151	3	4	1	1	2
96	143	31	33	1	2	2
97	875	17	20	1	2	1
98	781	7	8	2	2	1
99	311	12	13	2	2	1
100	960	14	16	2	2	1
101	1341	25	26	1	2	1
102	479	8	11	1	2	2
103	782	13	14	3	1	1
104	383	32	34	1	2	2
105	1230	26	27	2	2	2
106	601	21	23	2	1	1
107	1254	36	38	1	1	2
108	799	11	14	2	1	1
109	1297	19	21	2	1	2
110	757	35	38	1	1	1
111	1170	8	9	1	2	2
112	619	30	32	1	1	1
113	112	24	27	1	2	1
114	948	15	17	2	2	1
115	5	36	38	1	2	2
116	188	16	17	2	1	1
117	218	17	18	2	2	2
118	543	35	37	1	2	2
119	773	30	31	2	1	2
120	340	2	3	2	1	2
121	921	26	29	1	1	2
122	878	14	15	1	2	1
123	324	2	4	1	2	1
124	109	34	36	3	2	2
125	801	28	30	2	1	1
126	687	37	38	2	1	1
127	1269	15	18	3	2	1
128	1096	31	32	2	1	2
129	486	8	10	2	2	1
130	1156	33	35	3	2	2
131	262	31	34	3	2	2
132	43	35	37	1	1	2
133	632	15	18	2	1	1
134	560	24	26	1	2	1
135	597	19	21	1	1	1
136	106	16	19	3	2	2
137	577	15	18	3	2	1
138	1061	6	7	1	2	2
139	97	28	31	2	2	1
140	123	16	18	1	1	1
141	558	26	27	3	2	2
142	378	5	6	2	1	2
143	1368	16	18	1	2	2
144	1076	28	29	1	2	1
145	935	24	27	3	2	1
146	202	34	37	1	1	1
147	1208	13	16	1	2	1
148	1312	20	21	1	1	2
149	148	26	29	3	1	1
150	833	3	6	2	2	1
151	373	32	33	1	2	1
152	608	17	19	1	1	1
153	518	1	4	2	2	1
154	48	33	35	2	1	2
155	13	4	5	1	1	2
156	9	18	19	1	2	1
157	1037	5	8	1	2	2
158	1173	19	20	3	2	1
159	830	21	22	3	2	1
160	244	4	6	1	2	1
161	1129	14	16	3	2	1
162	686	24	26	3	2	1
163	379	28	29	3	1	2
164	1197	2	5	2	2	2
165	844	7	8	2	2	2
166	1370	24	26	3	2	1
167	703	16	17	3	1	2
168	1338	7	10	1	2	1
169	360	19	20	3	2	1
170	950	24	27	2	1	1
171	535	19	22	2	2	2
172	25	4	6	3	1	2
173	1354	17	19	2	1	2
174	549	20	21	2	1	2
175	626	32	35	1	2	1
176	1369	19	20	1	1	2
177	1121	19	21	3	1	1
178	462	17	19	2	1	1
179	1132	21	24	1	2	2
180	292	15	17	3	1	1
181	62	35	37	3	1	1
182	16	5	8	3	1	2
183	967	13	15	2	1	2
184	583	25	28	1	1	2
185	857	37	39	1	2	2
186	1097	30	32	3	1	1
187	56	15	16	1	2	1
188	1165	34	36	1	1	1
189	427	37	39	1	1	1
190	361	9	12	3	2	2
191	4	25	28	1	2	1
192	763	31	33	3	2	1
193	226	12	14	3	1	2
194	460	9	11	1	1	1
195	223	14	17	2	1	1
196	1109	12	15	1	1	1
197	705	33	36	2	1	2
198	1145	5	6	1	1	1
199	726	16	19	2	2	1
200	1311	30	31	1	2	2
201	34	9	12	3	2	1
202	1044	3	6	3	1	2
203	427	35	36	3	2	2
204	1203	3	4	3	1	2
205	741	19	21	1	1	2
206	433	24	26	3	1	2
207	960	25	27	1	1	2
208	1358	29	30	1	2	1
209	61	29	32	3	2	1
210	399	2	5	1	1	1
211	309	7	10	2	1	2
212	1176	9	12	3	1	1
213	895	34	37	3	1	1
214	299	16	17	1	1	2
215	240	21	23	1	2	2
216	1100	32	33	1	1	2
217	287	36	37	2	2	1
218	279	15	18	1	1	2
219	881	10	12	1	1	2
220	965	33	36	3	2	2
221	450	7	10	3	2	1
222	1120	29	30	2	2	2
223	484	6	8	1	2	2
224	108	21	22	1	1	1
225	1148	33	35	3	1	1
226	823	14	17	1	2	1
227	322	28	31	3	1	1
228	434	20	21	1	1	2
229	165	23	26	2	2	2
230	476	25	28	1	2	1
231	708	31	34	3	1	1
232	891	7	8	2	2	2
233	962	35	38	1	2	2
234	247	16	18	1	2	2
235	1068	5	6	2	2	2
236	604	5	7	3	2	1
237	1194	16	18	1	2	2
238	625	27	29	3	2	2
239	364	8	9	3	1	2
240	1046	29	30	2	2	2
241	882	8	11	2	2	2
242	788	20	23	3	2	2
243	1034	4	7	3	2	1
244	999	20	23	3	2	1
245	856	8	9	2	2	2
246	732	20	21	3	1	1
247	84	20	21	3	2	1
248	567	34	36	3	2	1
249	1328	13	15	2	1	2
250	133	3	6	3	1	2
251	111	31	34	3	1	1
252	14	10	11	3	2	2
253	233	22	23	3	2	1
254	1000	4	7	1	1	1
255	576	21	23	1	1	2
256	498	31	34	3	1	1
257	1342	30	33	3	2	2
258	420	36	38	2	2	2
259	1320	15	16	2	2	1
260	553	29	31	1	2	1
261	302	6	8	3	2	2
262	1191	32	34	2	2	2
263	442	31	34	3	2	2
264	60	10	12	2	2	1
265	828	33	34	3	1	1
266	402	25	28	2	1	1
267	728	33	34	2	1	2
268	1244	1	2	2	2	1
269	94	22	24	2	2	1
270	128	11	13	3	2	2
271	274	5	7	1	1	2
272	1100	32	33	3	2	2
273	289	11	12	1	1	1
274	1280	1	2	3	1	2
275	593	16	17	1	1	2
276	1216	33	34	1	1	1
277	1260	31	32	3	1	2
278	332	14	16	3	1	2
279	1232	9	10	1	2	1
280	911	17	20	3	1	1
281	443	13	15	3	2	1
282	1103	6	9	3	2	1
283	998	4	6	1	1	2
284	737	30	33	1	1	1
285	1240	37	39	1	1	1
286	1238	14	17	1	1	2
287	1128	29	30	2	1	1
288	456	24	26	1	1	1
289	499	33	35	1	1	1
290	187	24	27	2	2	1
291	622	19	22	3	2	1
292	874	20	22	2	1	2
293	818	10	13	2	2	1
294	779	13	15	1	2	1
295	1062	34	36	1	1	1
296	651	5	6	3	1	2
297	660	4	6	2	1	2
298	273	20	22	2	1	1
299	506	31	33	2	1	1
300	666	2	5	3	1	1
301	487	24	26	2	1	1
302	1063	7	8	1	1	1
303	958	13	14	2	1	1
304	1166	8	10	1	2	1
305	1058	8	9	1	2	1
306	1009	16	18	3	2	1
307	423	26	27	2	2	1
308	1117	5	7	3	2	2
309	253	14	16	3	2	1
310	481	7	9	2	2	2
311	1020	34	37	3	2	2
312	504	33	34	3	2	2
313	943	6	7	1	1	2
314	1285	18	20	3	1	1
315	419	6	8	1	1	1
316	1315	4	7	2	2	1
317	216	13	14	1	1	1
318	1308	11	14	2	1	1
319	1080	18	21	2	2	1
320	606	23	24	2	1	1
321	146	7	8	2	1	1
322	320	16	18	3	1	1
323	372	4	6	1	1	2
324	984	33	36	3	2	1
325	701	13	15	3	2	1
326	804	5	8	3	1	2
327	291	22	25	2	2	2
328	282	21	24	1	2	1
329	588	9	10	1	2	1
330	900	11	12	3	2	2
331	331	6	8	1	2	1
332	17	36	38	2	1	2
333	1298	27	29	3	1	2
334	1107	28	30	3	1	2
335	243	6	8	1	1	1
336	1245	33	36	1	1	2
337	493	2	3	1	1	1
338	440	8	10	3	1	2
339	957	17	19	3	2	1
340	522	28	29	1	1	1
341	864	27	30	3	2	1
342	1141	34	36	1	1	2
343	292	24	27	1	1	2
344	457	28	30	2	1	2
345	407	14	15	1	1	2
346	140	32	34	2	1	2
347	8	14	16	3	2	2
348	778	5	8	1	1	1
349	946	3	5	3	1	2
350	880	33	35	1	1	1
351	266	35	36	1	2	1
352	827	26	29	1	1	1
353	1092	4	5	3	2	2
354	1382	12	13	2	1	1
355	752	25	28	3	1	1
356	129	36	37	2	2	2
357	832	25	27	2	1	2
358	182	17	18	2	2	2
359	496	20	21	3	2	2
360	637	23	26	3	2	1
361	581	19	20	1	1	2
362	268	4	6	3	1	2
363	864	5	6	2	1	1
364	993	1	4	2	2	2
365	1253	4	5	3	1	1
366	1028	24	27	2	1	2
367	1180	30	33	2	1	2
368	314	23	24	3	2	2
369	676	9	10	1	1	2
370	920	1	4	1	2	2
371	674	33	35	2	2	1
372	589	29	32	2	2	1
373	1077	9	10	1	2	2
374	836	16	17	2	2	1
375	1372	28	29	1	2	1
376	530	22	25	1	2	2
377	83	30	31	3	2	2
378	1048	25	28	3	2	2
379	1355	3	4	2	1	2
380	688	22	23	3	1	1
381	1244	21	23	1	1	1
382	898	15	18	2	1	2
383	669	15	18	3	2	2
384	1285	25	28	1	1	2
385	465	22	24	3	2	1
386	565	15	17	3	2	1
387	612	14	15	3	1	2
388	1032	27	28	1	1	1
389	451	13	14	1	2	1
390	388	11	14	3	2	2
391	194	21	23	3	2	1
392	1261	8	9	2	1	2
393	889	14	16	1	1	2
394	628	3	4	1	1	1
395	985	28	30	3	1	2
396	754	10	11	3	2	2
397	978	20	21	3	2	2
398	848	5	7	1	1	2
399	824	26	29	3	2	2
400	382	25	26	2	2	2
401	907	16	19	1	2	2
402	1291	30	31	3	1	1
403	452	22	23	2	1	1
404	1018	30	33	1	2	2
405	100	9	11	3	1	2
406	555	28	29	1	1	2
407	1164	16	17	2	2	1
408	882	23	24	2	1	2
409	594	31	33	1	1	2
410	1182	6	8	2	1	2
411	7	21	23	3	1	2
412	224	25	27	1	2	2
413	1361	31	33	3	2	1
414	1381	16	19	2	2	2
415	902	20	23	1	2	1
416	1357	16	18	2	1	2
417	67	15	17	2	2	2
418	739	18	21	3	1	1
419	461	35	36	1	1	1
420	305	18	19	2	2	2
421	1101	14	17	3	2	1
422	193	3	4	2	2	2
423	89	5	6	1	2	1
424	1299	29	32	3	1	1
425	1212	29	32	1	2	1
426	996	14	17	3	2	2
427	1126	1	4	3	1	1
428	851	36	38	1	1	2
429	1339	6	7	1	1	2
430	489	16	19	3	1	2
431	908	10	12	2	1	2
432	667	10	13	1	2	2
433	670	22	25	2	1	2
434	786	24	25	2	2	2
435	861	8	9	1	1	1
436	698	2	5	3	1	2
437	75	12	13	3	2	2
438	734	22	25	2	2	1
439	1048	1	2	3	1	2
440	327	24	27	2	1	2
441	620	28	29	3	2	1
442	71	11	14	1	1	2
443	1318	15	18	3	2	2
444	114	14	17	1	2	2
445	838	22	25	2	2	1
446	338	5	7	1	1	1
447	458	19	20	2	1	2
448	942	13	16	1	1	2
449	1231	7	8	2	1	1
450	47	11	12	3	2	1
451	444	28	30	3	1	2
452	835	25	28	2	2	2
453	341	12	15	1	2	2
454	483	3	4	2	2	1
455	130	28	30	3	1	2
456	1258	11	14	1	1	2
457	256	23	26	3	2	2
458	525	31	34	2	1	2
459	412	15	18	1	1	1
460	1095	8	9	3	2	1
461	534	23	26	1	1	2
462	19	22	23	2	2	1
463	1140	21	22	1	1	1
464	68	10	11	2	2	2
465	798	31	34	3	1	2
466	1377	9	12	1	1	2
467	776	1	3	1	1	1
468	650	18	21	3	1	1
469	371	30	31	1	2	2
470	608	25	26	2	1	1
471	447	14	15	1	2	2
472	556	11	12	3	2	1
473	841	17	20	1	1	2
474	189	15	18	1	1	1
475	1033	17	18	3	2	2
476	634	32	33	2	1	1
477	157	32	35	3	2	2
478	1111	13	14	1	1	1
479	944	19	21	1	1	2
480	404	17	19	1	2	1
481	221	36	38	1	1	1
482	1139	23	26	2	1	1
483	275	38	39	1	1	1
484	32	24	26	3	1	1
485	1279	22	23	3	1	1
486	920	11	13	2	2	2
487	507	15	18	3	2	1
488	38	5	6	3	2	1
489	770	6	7	2	2	2
490	227	10	11	1	1	2
491	590	30	31	3	1	2
492	28	35	37	2	1	1
493	252	2	4	1	2	1
494	618	18	19	3	2	1
495	1169	20	23	3	1	1
496	1097	10	13	1	1	2
497	1073	26	28	3	2	1
498	90	28	30	2	1	1
499	640	1	2	3	2	1
500	771	28	31	3	1	2
501	1174	30	32	1	2	2
502	812	29	30	2	2	1
503	1074	4	6	3	1	2
504	697	18	19	3	2	2
505	1001	25	26	3	2	1
506	826	4	6	2	2	2
507	652	24	26	2	1	2
508	533	21	22	1	2	1
509	96	31	33	2	1	1
510	396	33	34	1	1	2
511	544	7	9	1	2	1
512	810	18	19	2	2	2
513	1379	21	23	1	1	2
514	87	33	35	3	1	2
515	1384	8	10	3	1	1
516	70	11	13	3	2	2
517	171	6	8	2	2	2
518	1362	32	35	1	2	1
519	707	28	30	3	2	2
520	904	26	28	1	1	2
521	169	13	14	2	2	1
522	839	3	4	3	1	1
523	422	27	29	3	2	1
524	319	25	28	2	2	1
525	316	31	33	1	1	1
526	1219	9	12	3	1	1
527	98	5	6	1	1	2
528	492	12	14	2	1	1
529	1325	34	37	2	1	2
530	899	11	13	3	1	1
531	934	33	34	2	1	1
532	1017	11	12	1	2	1
533	237	15	16	3	1	1
534	78	13	16	1	1	1
535	24	38	39	1	1	1
536	651	7	8	3	2	1
537	995	22	25	2	2	1
538	816	7	9	3	1	2
539	1287	16	17	3	1	2
540	1295	22	24	2	2	1
541	1178	18	19	3	2	1
542	1278	11	14	2	1	1
543	51	17	18	3	2	2
544	304	32	34	1	1	1
545	1163	13	16	3	1	1
546	751	23	24	2	1	1
547	1352	21	24	3	2	1
548	449	7	9	2	2	1
549	647	30	33	1	2	2
550	1127	10	12	2	1	1
551	1041	8	9	2	2	1
552	200	11	12	2	1	2
553	1286	19	20	2	1	1
554	860	19	20	3	1	1
555	1364	9	10	3	2	2
556	1083	16	17	1	1	1
557	119	32	34	1	2	2
558	585	3	4	1	1	2
559	196	25	28	3	1	1
560	1119	15	17	2	2	2
561	103	6	7	1	2	1
562	694	23	25	3	1	2
563	142	28	30	3	2	2
564	1305	1	3	1	2	2
565	1130	13	15	3	2	1
566	135	9	10	2	2	2
567	1233	11	14	3	1	2
568	661	6	8	3	2	1
569	1290	30	32	2	1	1
570	1277	8	10	1	1	1
571	1043	7	9	3	2	1
572	1205	2	3	1	2	1
573	609	22	23	3	1	1
574	309	20	21	3	2	2
575	523	30	31	2	2	1
576	1217	30	33	2	1	1
577	897	29	32	1	1	2
578	951	3	6	1	1	1
579	464	3	4	1	2	1
580	1234	2	4	3	2	2
581	700	3	6	1	1	1
582	281	12	15	1	2	2
583	118	14	15	1	2	1
584	218	31	33	3	2	1
585	1072	1	4	1	2	1
586	134	31	33	1	2	2
587	719	24	26	2	1	1
588	1038	23	26	2	1	1
589	158	13	15	2	1	2
590	1131	29	31	3	2	2
591	895	17	18	2	2	2
592	1002	22	24	2	1	2
593	137	9	10	3	2	1
594	1321	19	20	3	1	1
595	527	3	5	3	2	1
596	26	35	37	1	2	2
597	1236	22	23	1	2	1
598	1330	5	6	3	1	1
599	325	14	16	2	1	2
600	260	20	21	3	1	1
601	209	27	28	1	2	2
602	711	33	36	2	1	2
603	916	9	10	3	1	1
604	249	28	31	1	2	1
605	746	25	27	2	2	2
606	735	24	27	1	2	2
607	415	22	25	3	2	1
608	138	23	24	3	2	1
609	600	31	32	2	1	2
610	384	14	17	3	1	2
611	814	30	31	3	1	1
612	854	2	5	1	1	2
613	915	3	5	3	1	2
614	93	36	38	2	1	2
615	1301	24	27	2	1	1
616	417	14	17	1	2	2
617	1089	14	15	1	1	1
618	829	32	35	2	1	2
619	1249	9	10	3	1	1
620	347	26	29	2	2	2
621	574	27	28	1	2	1
622	913	10	12	2	2	2
623	1237	21	24	2	1	2
624	170	34	35	2	1	2
625	940	3	4	1	2	2
626	1223	32	35	3	2	1
627	1164	4	5	3	2	1
628	473	13	14	2	1	1
629	397	21	22	3	1	1
630	1366	33	35	2	1	1
631	563	16	18	3	1	1
632	1026	15	17	1	1	1
633	497	5	7	1	2	2
634	1251	37	38	1	2	2
635	511	26	28	2	1	1
636	398	10	13	2	2	1
637	1075	23	26	2	1	2
638	92	4	6	3	1	2
639	643	11	14	1	1	1
640	336	34	35	3	2	2
641	242	2	5	3	1	1
642	736	22	24	1	1	2
643	1252	37	39	1	2	2
644	808	4	5	3	2	1
645	800	7	9	3	2	2
646	1160	15	17	3	1	2
647	239	21	24	1	2	1
648	784	35	36	2	2	2
649	110	36	38	1	1	1
650	1050	9	10	3	1	2
651	729	10	13	2	2	2
652	529	29	32	2	1	1
653	942	24	25	3	1	2
654	88	29	32	3	1	2
655	1215	3	5	1	2	1
656	887	30	33	1	2	1
657	681	33	36	2	1	2
658	1113	30	31	3	1	2
659	1187	20	23	1	2	1
660	1064	14	16	1	2	2
661	629	26	29	3	2	2
662	933	13	14	2	2	2
663	326	4	7	3	1	2
664	1066	12	13	1	2	2
665	199	11	13	2	2	1
666	713	34	37	1	1	1
667	428	22	23	2	2	2
668	580	31	34	1	2	1
669	41	26	29	2	2	2
670	183	26	28	3	1	2
671	337	27	30	1	1	1
672	566	20	22	3	2	1
673	1211	10	13	1	1	1
674	159	13	15	1	1	1
675	562	32	34	1	2	1
676	91	7	8	2	1	2
677	1151	36	37	3	1	2
678	614	20	21	1	1	2
679	1218	25	27	1	2	1
680	76	24	27	1	1	1
681	189	17	19	1	2	2
682	1153	32	35	3	1	1
683	97	9	12	1	2	2
684	665	30	31	1	2	1
685	52	18	21	1	1	2
686	418	27	28	1	2	1
687	153	8	11	1	1	2
688	665	19	20	3	2	1
689	1316	35	38	2	2	2
690	1025	1	3	3	1	1
691	557	20	21	1	1	1
692	747	36	38	2	1	1
693	679	12	15	2	2	1
694	821	20	23	1	1	1
695	263	35	36	2	1	2
696	1149	22	23	3	2	2
697	914	3	6	2	1	2
698	230	16	19	2	2	2
699	817	9	10	1	2	1
700	582	13	16	1	2	1
701	1185	12	14	1	1	2
702	1329	11	14	1	1	2
703	795	13	15	3	1	2
704	1246	10	11	3	1	1
705	1226	17	20	2	1	1
706	69	27	30	2	2	1
707	392	25	26	1	1	1
708	225	16	19	1	1	2
709	1147	26	28	2	2	1
710	531	4	6	3	1	2
711	1042	31	34	1	2	1
712	58	24	25	3	1	1
713	1106	37	38	2	1	2
714	923	24	25	2	2	2
715	847	28	29	2	1	1
716	1248	24	26	3	1	1
717	603	13	16	1	2	1
718	1346	32	35	3	1	2
719	367	27	29	1	2	2
720	1079	15	17	1	2	1
721	1056	33	34	3	1	1
722	894	29	31	1	1	2
723	366	21	23	1	2	2
724	1040	28	30	1	2	1
725	431	13	14	3	1	1
726	792	30	31	1	2	2
727	149	11	14	1	2	2
728	160	18	19	2	2	1
729	822	17	19	1	2	1
730	1310	3	5	3	1	1
731	222	23	24	3	1	1
732	1040	14	17	3	1	2
733	642	29	30	3	2	2
734	1027	21	22	2	1	1
735	313	8	11	2	1	1
736	455	1	4	2	2	2
737	654	33	34	2	1	2
738	1270	4	7	2	2	2
739	303	6	7	2	2	1
740	963	10	11	2	1	2
741	764	7	9	3	2	2
742	65	20	23	3	1	1
743	925	32	35	3	1	1
744	1344	2	3	3	2	1
745	997	31	33	1	2	2
746	515	28	31	2	1	1
747	11	18	19	1	1	2
748	970	4	5	1	1	1
749	769	14	16	1	2	2
750	718	1	3	3	1	2
751	1207	29	30	2	2	1
752	335	19	20	3	1	2
753	471	7	10	3	1	2
754	838	22	24	1	1	2
755	241	9	11	2	1	2
756	1306	27	30	2	2	2
757	241	29	32	1	2	2
758	1051	25	28	1	2	2
759	918	19	20	2	1	1
760	987	12	15	1	1	2
761	307	18	19	3	2	1
762	607	32	34	2	2	2
763	1324	10	13	3	2	2
764	980	8	11	1	1	2
765	569	18	19	1	1	2
766	542	19	20	1	1	1
767	220	32	34	2	2	2
768	991	23	26	3	1	2
769	1262	28	31	3	2	1
770	1023	3	4	3	2	2
771	1134	11	13	2	2	1
772	1284	7	8	3	2	2
773	1168	24	27	2	1	1
774	1332	14	17	2	1	1
775	849	2	5	2	2	1
776	61	14	15	2	1	2
777	536	29	32	3	2	1
778	56	31	32	2	1	2
779	831	36	37	2	1	2
780	999	18	20	3	1	2
781	976	18	20	2	2	1
782	1343	4	6	3	2	1
783	174	29	31	2	2	2
784	1313	15	18	1	1	1
785	1282	26	29	1	1	2
786	141	9	10	1	2	1
787	175	32	33	3	2	2
788	1021	32	33	2	2	2
789	797	34	35	1	2	2
790	277	15	17	1	1	2
791	1142	20	21	1	2	1
792	1315	24	25	2	1	1
793	1368	6	7	3	1	1
794	177	14	16	2	1	1
795	541	9	12	3	1	2
796	438	12	13	2	2	2
797	1039	19	20	2	2	1
798	1228	1	3	2	1	1
799	1202	29	30	2	2	1
800	578	33	36	2	1	2
801	1133	2	3	2	1	2
802	426	17	18	1	1	1
803	809	5	7	3	2	2
804	654	24	27	2	1	2
805	730	12	13	3	1	1
806	251	20	21	1	2	2
807	873	29	30	2	1	1
808	947	31	34	1	1	1
809	1110	13	14	2	2	1
810	1192	33	35	3	1	2
811	477	29	31	2	2	1
812	1380	33	36	3	1	2
813	849	21	22	3	1	1
814	575	8	10	3	2	2
815	1115	11	14	1	2	2
816	355	35	37	3	2	1
817	1325	26	28	2	2	1
818	1049	19	22	2	2	1
819	1022	16	17	1	1	1
820	571	2	4	3	2	1
821	1090	25	28	1	2	2
822	765	24	26	2	1	2
823	877	14	15	2	2	2
824	845	17	18	3	2	2
825	979	4	5	2	2	1
826	1371	33	35	3	2	1
827	573	30	31	1	2	2
828	1257	8	11	1	2	1
829	939	34	36	3	1	1
830	27	8	10	1	2	2
831	639	16	17	1	2	1
832	1146	2	3	2	2	1
833	154	17	19	1	2	1
834	727	4	5	3	2	1
835	294	8	11	1	2	2
836	1036	31	33	2	2	2
837	743	15	16	2	1	1
838	813	22	24	1	1	1
839	1123	11	14	2	1	2
840	454	35	38	2	2	2
841	938	9	11	1	2	1
842	528	21	23	2	1	2
843	512	12	14	1	2	2
844	657	26	28	3	1	2
845	41	23	24	3	1	1
846	704	16	19	3	1	1
847	381	34	37	3	1	1
848	547	32	33	3	2	2
849	414	9	11	2	1	2
850	1208	24	27	1	1	2
851	197	19	20	1	2	2
852	102	31	33	1	1	1
853	1363	20	23	2	2	1
854	510	15	17	3	1	2
855	31	16	17	2	1	2
856	621	12	13	2	2	2
857	127	34	37	1	1	1
858	744	29	32	2	2	2
859	677	11	13	2	1	1
860	945	22	25	2	1	2
861	1229	26	28	1	1	2
862	74	36	37	3	1	2
863	1210	1	3	1	1	1
864	855	10	13	1	2	2
865	658	1	4	3	1	2
866	1213	10	12	1	1	1
867	1307	12	13	1	1	1
868	1137	12	15	2	1	2
869	917	27	29	2	2	2
870	649	7	8	1	2	1
871	362	5	6	3	2	1
872	353	19	21	2	2	1
873	370	8	10	1	2	2
874	578	4	7	3	1	2
875	155	11	12	1	2	2
876	623	37	38	1	2	1
877	113	19	22	3	1	1
878	981	33	35	3	1	2
879	892	25	26	1	1	2
880	554	33	34	1	1	2
881	1162	22	24	1	2	1
882	653	15	17	3	2	2
883	786	13	14	2	1	1
884	147	10	12	1	2	1
885	270	19	20	1	2	2
886	1349	14	15	3	1	1
887	382	5	8	1	1	1
888	308	8	11	3	1	2
889	128	26	28	3	1	2
890	986	1	3	1	1	1
891	803	10	11	3	2	1
892	1335	4	7	3	1	1
893	349	33	34	1	1	2
894	988	30	31	1	2	2
895	1201	16	18	1	2	2
896	656	35	36	1	1	2
897	210	24	26	3	2	2
898	524	32	35	3	2	2
899	176	24	27	1	1	2
900	853	32	33	2	1	1
901	564	20	23	3	2	1
902	1010	6	7	1	2	2
903	480	33	36	1	1	1
904	884	22	23	2	1	2
905	198	34	35	3	2	2
906	572	19	20	1	1	1
907	363	29	31	2	1	2
908	693	30	32	3	1	1
909	1220	18	21	3	2	1
910	1010	35	36	1	2	1
911	1190	30	32	2	2	1
912	238	8	9	2	2	1
913	21	23	26	3	2	2
914	568	1	2	2	1	2
915	1259	31	34	1	2	1
916	931	36	38	1	1	2
917	909	16	19	1	2	2
918	66	23	24	1	1	2
919	184	29	32	3	1	2
920	1265	19	20	3	1	2
921	276	36	38	2	2	1
922	906	7	9	2	2	1
923	150	18	20	1	1	2
924	206	7	8	3	1	2
925	638	1	3	2	1	2
926	198	10	11	1	1	1
927	1256	36	37	1	2	2
928	40	4	5	2	2	2
929	879	29	31	2	2	2
930	1283	7	9	2	1	2
931	298	5	8	1	2	1
932	20	24	27	3	1	1
933	796	29	32	1	2	1
934	329	38	39	1	2	2
935	1264	25	28	2	1	1
936	408	24	26	2	1	1
937	39	28	31	2	1	1
938	1114	31	33	2	1	2
939	870	5	8	1	2	2
940	1013	2	4	3	2	1
941	1376	3	6	2	1	2
942	200	17	19	2	1	1
943	974	7	10	2	1	2
944	466	21	24	2	2	2
945	1199	29	30	2	2	2
946	919	11	14	2	1	1
947	903	18	19	2	1	2
948	865	32	35	1	1	2
949	1070	26	27	1	2	1
950	432	19	22	1	1	1
951	389	33	34	1	1	2
952	1004	12	13	2	1	2
953	257	30	33	3	1	2
954	145	33	34	1	1	2
955	264	25	27	1	1	2
956	46	25	27	2	2	1
957	391	25	26	2	1	2
958	258	3	6	3	2	2
959	974	22	24	2	1	1
960	172	33	36	1	2	1
961	1188	29	31	2	2	2
962	1177	16	19	2	2	1
963	22	6	8	3	1	1
964	772	20	23	3	2	2
965	446	21	24	3	1	1
966	10	28	31	1	1	2
967	475	8	10	2	2	1
968	1047	16	17	2	1	1
969	288	17	19	3	1	2
970	910	18	20	2	1	2
971	23	23	24	2	2	1
972	185	26	29	1	1	2
973	425	33	34	3	1	2
974	905	27	30	3	1	1
975	745	1	3	3	2	2
976	213	30	31	1	1	1
977	1361	19	20	1	1	2
978	1367	25	27	3	2	2
979	545	12	15	1	2	2
980	794	29	31	1	1	1
981	758	24	26	2	2	2
982	742	28	31	3	1	2
983	516	21	24	1	1	1
984	712	13	15	2	2	1
985	1016	2	5	2	2	1
986	811	34	37	2	2	1
987	1340	33	35	3	2	1
988	673	14	16	1	1	2
989	1155	25	28	2	1	2
990	1333	22	23	3	2	2
991	50	34	35	1	2	1
992	1326	7	10	2	2	2
993	59	14	17	1	1	1
994	663	13	15	2	2	2
995	690	13	15	1	1	1
996	837	2	3	3	1	2
997	1012	1	3	3	2	2
998	1055	3	4	2	1	1
999	413	25	28	1	2	2
1000	380	36	37	2	1	2
1001	1296	28	29	2	1	1
1002	783	13	14	1	1	2
1003	1356	15	17	3	2	1
1004	1374	10	12	3	2	2
1005	685	7	9	2	1	1
1006	440	5	7	2	2	1
1007	787	11	12	2	1	1
1008	1157	4	7	3	2	1
1009	494	2	4	2	1	2
1010	104	32	34	2	2	2
1011	1336	4	5	1	2	2
1012	1112	12	15	3	2	2
1013	73	25	28	3	1	2
1014	635	2	5	2	1	1
1015	819	7	9	1	2	1
1016	1196	2	5	1	2	1
1017	191	25	27	2	1	2
1018	893	12	13	1	2	2
1019	591	36	38	1	1	2
1020	1200	16	19	1	2	1
1021	482	17	18	2	2	1
1022	1281	23	24	2	1	1
1023	745	29	31	1	1	2
1024	990	22	25	1	2	1
1025	592	32	35	2	1	2
1026	886	24	25	3	1	2
1027	1161	7	10	2	1	1
1028	926	23	24	2	2	2
1029	587	18	21	1	1	1
1030	538	26	27	3	2	1
1031	513	13	15	2	1	2
1032	120	25	27	2	2	1
1033	231	15	18	1	1	1
1034	1243	20	21	3	2	1
1035	1322	3	4	3	1	2
1036	645	3	5	1	2	1
1037	867	18	20	3	2	1
1038	1108	28	29	2	2	1
1039	495	8	11	3	2	1
1040	1067	10	12	2	1	1
1041	173	4	5	1	1	2
1042	745	15	18	3	2	2
1043	1292	20	21	3	1	2
1044	236	18	19	3	1	1
1045	115	34	36	2	2	1
1046	1154	13	16	1	1	1
1047	624	20	23	3	2	2
1048	1285	11	13	2	1	1
1049	179	16	19	1	2	1
1050	1324	34	37	2	2	2
1051	720	17	19	2	1	2
1052	1294	15	17	3	1	1
1053	328	8	9	3	2	2
1054	602	35	38	2	1	1
1055	144	12	13	1	2	2
1056	789	25	27	1	1	1
1057	1288	19	22	2	1	2
1058	207	31	34	2	2	1
1059	992	9	12	3	1	1
1060	616	32	35	2	2	1
1061	857	1	4	3	2	1
1062	671	23	26	2	2	2
1063	356	7	10	3	2	2
1064	490	11	14	2	1	1
1065	124	9	11	1	2	2
1066	672	10	13	3	1	2
1067	254	30	31	3	2	1
1068	152	1	3	1	2	2
1069	57	1	4	2	1	1
1070	668	6	7	1	2	1
1071	293	30	32	1	2	1
1072	637	27	29	1	1	2
1073	1231	22	25	3	2	2
1074	975	4	7	1	1	2
1075	1093	12	14	2	2	2
1076	517	10	11	2	2	2
1077	994	2	3	1	2	1
1078	856	37	39	1	1	1
1079	935	10	12	3	2	1
1080	502	11	13	1	1	2
1081	1147	5	8	2	2	1
1082	365	20	23	3	2	2
1083	1227	23	25	2	2	2
1084	219	13	16	2	1	2
1085	843	20	22	3	1	2
1086	871	16	17	1	2	2
1087	924	28	31	1	1	2
1088	1094	5	8	3	2	2
1089	1152	20	21	1	2	1
1090	952	22	23	1	1	2
1091	401	24	26	1	2	2
1092	1	7	10	3	1	1
1093	375	13	16	3	1	1
1094	472	7	9	1	2	1
1095	232	26	28	3	2	2
1096	1080	12	15	2	1	2
1097	866	10	11	1	2	2
1098	228	27	29	2	1	1
1099	971	34	36	2	2	1
1100	280	33	34	1	2	2
1101	352	32	34	2	1	2
1102	623	28	30	3	2	2
1103	766	14	17	1	1	1
1104	1242	20	22	2	2	2
1105	613	26	27	2	1	1
1106	1250	10	13	1	1	1
1107	868	19	22	3	2	1
1108	474	14	16	2	2	1
1109	212	8	10	2	1	1
1110	1266	36	38	1	2	1
1111	361	2	3	1	1	1
1112	932	33	34	2	1	1
1113	132	7	8	3	1	2
1114	790	25	28	3	2	1
1115	521	23	24	3	2	2
1116	846	7	9	2	2	2
1117	1378	4	5	2	1	2
1118	283	2	4	3	1	1
1119	1167	18	20	2	1	2
1120	390	33	34	1	2	2
1121	64	19	21	1	2	2
1122	85	32	33	3	1	2
1123	205	12	14	3	1	2
1124	633	19	22	1	1	2
1125	615	22	23	1	1	1
1126	459	11	14	1	2	2
1127	1060	14	15	2	1	1
1128	95	6	8	3	2	2
1129	416	3	4	2	2	1
1130	716	13	16	2	2	1
1131	929	8	9	3	1	1
1132	1375	22	25	2	2	1
1133	351	1	3	2	2	1
1134	753	12	15	1	1	1
1135	145	32	33	1	2	1
1136	192	26	27	2	1	2
1137	425	21	24	1	2	2
1138	500	5	6	2	2	2
1139	3	11	13	3	2	1
1140	300	32	34	3	1	1
1141	441	4	5	2	2	1
1142	1084	13	14	3	1	1
1143	858	21	24	2	1	2
1144	982	10	13	3	2	2
1145	204	16	19	2	2	2
1146	1235	17	18	2	1	2
1147	86	17	19	3	1	2
1148	968	13	16	1	1	1
1149	1122	1	4	1	2	2
1150	1085	23	25	3	1	2
1151	1275	4	5	1	2	2
1152	6	11	13	1	2	2
1153	689	25	27	2	2	1
1154	1359	18	19	1	1	2
1155	1365	34	37	2	1	1
1156	426	4	7	2	2	2
1157	387	8	9	1	1	2
1158	160	31	32	3	1	1
1159	357	25	27	1	1	2
1160	1383	23	25	3	2	2
1161	1334	19	22	2	1	2
1162	598	1	3	2	1	2
1163	755	26	28	3	1	2
1164	257	6	7	2	1	1
1165	820	27	30	2	2	2
1166	1257	31	32	3	1	1
1167	509	37	39	1	2	1
1168	936	13	16	3	2	2
1169	211	27	29	2	1	1
1170	695	25	28	2	2	1
1171	1205	11	14	2	2	2
1172	334	25	28	3	2	1
1173	989	7	8	2	2	1
1174	537	14	16	1	2	1
1175	343	13	15	2	2	1
1176	750	24	27	2	1	2
1177	1136	3	6	1	2	2
1178	424	18	21	2	2	2
1179	463	32	34	2	1	2
1180	955	36	39	1	1	1
1181	195	30	32	1	2	1
1182	468	4	5	2	2	1
1183	306	14	17	2	2	2
1184	953	28	31	1	2	2
1185	864	26	27	3	1	2
1186	1241	7	10	3	2	1
1187	699	2	4	2	2	2
1188	675	14	16	3	1	2
1189	662	29	30	1	1	2
1190	1052	29	32	1	2	1
1191	756	7	9	2	1	1
1192	748	21	22	2	1	1
1193	2	2	4	1	1	1
1194	1198	12	15	3	2	2
1195	234	3	4	3	1	2
1196	511	26	28	2	2	2
1197	164	11	12	1	1	2
1198	890	37	38	2	2	2
1199	1360	27	30	1	1	1
1200	72	3	6	3	2	1
1201	785	7	9	3	1	2
1202	45	17	19	1	2	1
1203	1099	16	19	2	1	1
1204	810	22	23	3	1	1
1205	214	17	19	3	1	2
1206	136	1	4	2	1	1
1207	301	16	17	2	1	2
1208	659	36	37	2	2	2
1209	55	24	25	3	1	1
1210	859	7	8	2	1	1
1211	540	5	8	3	2	2
1212	297	7	8	3	1	1
1213	1300	29	30	3	2	2
1214	33	8	11	1	1	1
1215	551	24	27	1	1	1
1216	70	9	10	2	1	1
1217	709	20	22	1	1	2
1218	1274	14	17	2	1	1
1219	717	34	36	3	2	1
1220	966	14	16	1	1	2
1221	1030	13	14	3	2	1
1222	646	4	5	2	1	1
1223	272	10	12	2	1	1
1224	850	17	20	2	1	2
1225	350	17	19	3	1	1
1226	1189	11	13	3	1	1
1227	1102	33	35	2	2	2
1228	181	19	21	1	2	2
1229	23	16	17	2	1	1
1230	139	30	31	2	1	2
1231	579	14	17	3	2	1
1232	153	12	14	1	2	2
1233	101	33	36	1	1	1
1234	1314	9	11	3	2	2
1235	547	18	19	2	1	1
1236	681	24	26	2	2	1
1237	348	13	15	3	1	1
1238	12	9	12	1	2	2
1239	1224	33	34	1	1	2
1240	79	3	5	3	1	2
1241	899	20	22	2	2	2
1242	775	20	23	1	2	2
1243	1309	19	20	3	2	1
1244	774	17	18	1	2	2
1245	956	18	19	2	2	2
1246	1065	8	11	1	2	1
1247	342	5	8	2	1	2
1248	470	12	14	1	1	2
1249	410	37	38	1	1	1
1250	345	34	37	2	1	2
1251	437	31	34	3	1	2
1252	421	17	20	2	1	1
1253	505	9	10	2	2	1
1254	107	30	33	2	1	1
1255	167	28	29	3	2	1
1256	570	26	27	1	1	1
1257	1225	23	25	3	2	2
1258	246	2	3	1	1	2
1259	1036	18	21	1	1	1
1260	552	27	29	2	2	1
1261	24	3	6	1	1	1
1262	42	7	9	3	2	1
1263	1124	19	22	2	1	1
1264	439	23	26	1	2	2
1265	63	30	31	2	1	1
1266	107	9	12	3	1	1
1267	1345	5	8	2	2	1
1268	937	31	33	3	1	2
1269	802	25	26	2	1	2
1270	969	6	7	1	1	2
1271	1204	27	29	1	1	1
1272	36	29	31	3	1	1
1273	201	31	34	2	2	2
1274	1345	13	16	2	1	2
1275	467	32	34	3	2	1
1276	715	33	34	1	1	1
1277	1024	23	26	2	2	1
1278	217	14	16	1	1	2
1279	321	30	33	2	1	2
1280	1263	17	19	2	2	1
1281	18	31	33	3	2	2
1282	376	26	27	2	2	2
1283	749	25	28	3	2	2
1284	1222	23	24	1	2	2
1285	1209	4	5	1	2	2
1286	501	11	14	2	1	1
1287	1348	11	12	3	1	1
1288	162	17	20	1	1	2
1289	1195	16	18	2	1	2
1290	586	26	29	2	2	2
1291	1124	1	4	2	1	1
1292	930	22	23	3	1	1
1293	406	10	12	3	2	1
1294	330	30	32	2	2	2
1295	1186	30	33	1	1	2
1296	1143	34	37	3	2	2
1297	1303	17	19	1	1	1
1298	1302	16	17	1	2	1
1299	1247	21	23	1	1	2
1300	983	15	16	3	2	2
1301	1239	35	38	2	2	1
1302	777	1	4	3	2	1
1303	1181	15	16	1	1	1
1304	617	32	35	3	2	1
1305	611	13	16	1	1	2
1306	1225	6	8	2	1	2
1307	122	7	9	3	2	1
1308	1071	10	13	1	2	2
1309	696	18	20	3	2	1
1310	683	23	25	3	2	1
1311	368	10	12	2	1	2
1312	15	31	33	1	1	1
1313	235	17	20	3	2	2
1314	1135	18	19	1	2	2
1315	180	27	29	3	2	1
1316	692	20	22	1	1	2
1317	1184	9	11	2	2	2
1318	1309	21	22	1	1	2
1319	156	32	35	2	2	1
1320	1172	17	18	3	1	2
1321	405	10	12	3	2	2
1322	539	29	30	3	1	1
1323	186	33	36	3	1	2
1324	1054	28	30	3	2	2
1325	247	26	27	1	1	1
1326	825	27	28	3	2	1
1327	1062	11	14	1	1	1
1328	26	8	11	1	2	2
1329	44	7	10	3	1	2
1330	453	16	18	3	2	1
1331	1331	3	5	3	1	2
1332	1098	26	29	3	1	1
1333	759	17	19	3	1	2
1334	959	2	4	1	2	1
1335	344	15	16	3	1	1
1336	229	11	14	2	2	1
1337	395	14	16	2	2	1
1338	977	8	9	3	2	1
1339	842	4	6	3	2	2
1340	199	20	23	2	2	1
1341	1357	8	11	1	1	1
1342	277	8	9	1	2	1
1343	503	29	32	1	2	2
1344	598	33	35	1	2	2
1345	290	33	35	2	2	2
1346	125	6	7	1	1	2
1347	678	10	12	2	2	1
1348	740	28	31	2	2	1
1349	546	9	10	3	2	1
1350	641	23	25	3	1	1
1351	519	34	35	2	2	1
1352	400	32	35	3	2	2
1353	1118	9	12	2	1	2
1354	655	14	15	1	1	1
1355	1159	12	14	2	2	2
1356	949	20	23	1	2	1
1357	404	5	7	2	1	1
1358	425	35	37	1	2	1
1359	680	18	21	2	2	2
1360	1014	6	9	1	1	1
1361	1351	10	11	2	1	2
1362	126	20	23	1	2	1
1363	922	6	8	3	1	1
1364	359	20	22	1	1	2
1365	1019	3	6	2	1	2
1366	1193	19	22	1	2	1
1367	1035	29	30	1	1	2
1368	1100	11	14	1	2	2
1369	315	1	4	3	1	1
1370	1158	34	37	3	1	1
1371	414	33	36	2	2	2
1372	762	25	28	3	2	1
1373	1011	19	20	3	1	1
1374	710	9	12	1	2	2
1375	190	31	34	1	2	2
1376	595	37	38	2	1	2
1377	928	34	37	2	2	2
1378	295	2	5	2	1	2
1379	1385	36	38	2	2	2
1380	37	15	16	3	1	2
1381	1280	2	5	2	2	2
1382	1105	32	33	2	2	1
1383	1353	23	26	1	1	2
1384	99	35	36	2	1	1
1385	636	30	31	1	2	1
1386	248	21	22	1	1	1
1387	465	5	6	3	2	1
1388	81	35	36	1	1	1
1389	1144	16	17	1	1	1
1390	725	32	34	1	2	1
1391	1150	17	20	2	1	2
1392	885	29	32	2	2	2
1393	429	9	11	2	2	1
1394	437	13	16	2	1	2
1395	1053	10	12	2	2	2
1396	82	21	24	1	1	1
1397	631	7	10	3	1	2
1398	409	26	29	1	2	2
1399	793	3	4	1	1	2
1400	514	5	7	2	1	1
1401	1350	31	33	1	1	2
1402	548	15	17	3	2	2
1403	526	22	23	2	2	2
1404	862	7	10	1	2	1
1405	760	35	36	2	1	2
1406	963	3	5	1	1	2
1407	1319	20	21	2	2	1
1408	664	32	34	2	2	1
1409	767	7	9	2	1	2
1410	1374	31	32	3	2	2
1411	411	29	31	1	1	2
1412	896	28	29	1	2	1
1413	610	12	14	2	2	2
1414	807	25	28	2	2	1
1415	961	32	33	3	1	1
1416	954	37	38	2	2	1
1417	203	7	8	3	2	1
1418	964	15	16	2	1	2
1419	1373	2	5	1	1	1
1420	30	24	26	3	1	2
1421	435	16	17	2	2	2
1422	1273	23	24	3	2	1
1423	1268	32	34	2	1	2
1424	1327	6	9	2	1	2
1425	445	28	29	2	2	1
1426	1006	1	4	2	1	2
1427	377	24	27	2	1	1
1428	1278	14	15	1	2	1
1429	508	6	9	1	1	2
1430	1347	31	32	1	2	1
1431	1091	37	38	1	1	2
1432	724	30	33	2	2	1
1433	1320	9	11	3	2	1
1434	644	32	33	3	1	2
1435	876	32	34	1	2	2
1436	806	28	29	1	1	1
1437	237	5	8	2	1	2
1438	469	23	26	2	1	1
1439	1007	28	30	3	2	1
1440	912	17	19	2	1	1
1441	80	24	27	2	2	2
1442	733	6	9	3	1	1
1443	250	36	39	1	2	2
1444	721	10	12	1	1	1
1445	1267	18	21	3	2	1
1446	927	23	25	3	2	2
1447	478	7	10	3	2	2
1448	394	27	30	3	1	1
1449	834	26	29	1	1	2
1450	105	27	30	1	1	1
1451	1057	29	30	1	1	1
1452	374	26	28	1	1	1
1453	1081	29	32	3	2	1
1454	702	19	22	2	1	1
1455	1015	27	29	3	1	2
1456	255	24	25	3	2	2
1457	1323	22	25	3	2	1
1458	328	29	32	3	2	1
1459	385	8	9	2	2	2
1460	888	33	36	1	2	2
1461	805	26	29	2	2	2
1462	627	22	25	2	1	1
1463	488	7	10	3	2	2
1464	723	32	35	3	2	2
1465	1045	4	7	3	1	1
1466	1304	7	9	2	1	1
1467	318	11	12	2	1	2
1468	215	3	4	1	1	2
1469	1069	26	29	2	1	1
1470	1088	20	22	3	1	2
1471	267	18	19	1	2	2
1472	550	33	35	1	2	2
1473	430	12	14	1	2	2
1474	872	11	14	2	2	2
1475	648	2	5	1	2	1
1476	1031	21	24	1	2	1
1477	286	15	16	2	1	2
1478	1125	10	11	3	1	1
1479	780	11	12	3	2	2
1480	1086	8	11	3	1	1
1481	35	30	31	2	1	2
1482	491	34	37	3	2	1
1483	691	22	23	1	2	1
1484	1276	11	14	1	2	1
1485	18	24	27	3	1	1
1486	296	29	31	2	1	2
1487	1078	32	34	3	2	1
1488	1381	38	39	1	2	2
1489	1271	8	10	3	1	1
1490	1293	31	33	2	2	1
1491	485	25	27	2	1	2
1492	369	4	5	1	1	1
1493	1289	8	10	1	2	1
1494	1183	30	32	1	1	2
1495	532	29	31	3	2	2
1496	582	28	31	2	2	1
1497	840	13	16	3	2	2
1498	358	31	32	1	1	2
1499	312	18	19	1	2	2
1500	245	22	24	1	1	1

