DATASET = ORTEC-hidden instance set VeRoLog competition
NAME = tools over vehicle days over vehicles over distance with 2000 requests over 65 days

DAYS = 65
CAPACITY = 50
MAX_TRIP_DISTANCE = 16000
DEPOT_COORDINATE = 0

VEHICLE_COST = 5000
VEHICLE_DAY_COST = 100000
DISTANCE_COST = 1

TOOLS = 4
1	9	64	10000000
2	9	56	30000000
3	12	60	10000000
4	12	54	20000000

COORDINATES = 1774
0	5445	2890
1	8284	6131
2	7450	6132
3	7550	6136
4	9080	6131
5	8740	6141
6	9361	6153
7	8409	6157
8	7606	6164
9	7660	6167
10	8173	6168
11	8975	6171
12	9134	6173
13	3666	6175
14	8677	8142
15	9060	6185
16	4263	6192
17	8317	6142
18	8565	6203
19	7202	8147
20	8482	6217
21	7461	6220
22	8119	6222
23	6566	136
24	7650	6229
25	8929	6147
26	7543	6232
27	8007	6236
28	6572	140
29	7527	6249
30	8109	6259
31	8447	6267
32	8275	6267
33	3468	6275
34	7082	7537
35	7526	6281
36	7406	6292
37	5361	4335
38	7895	6301
39	3881	4157
40	8247	6309
41	7864	6313
42	4246	6319
43	6685	7938
44	5985	6320
45	4058	6337
46	8445	6343
47	7586	6354
48	7324	6371
49	6309	2164
50	7651	6376
51	8344	6390
52	3479	6391
53	7854	6406
54	6650	8181
55	7816	6432
56	8310	6446
57	8599	6447
58	7328	6450
59	8590	6455
60	7569	6462
61	7635	6467
62	8565	6469
63	7928	6470
64	8424	6471
65	7412	6477
66	3459	6483
67	3845	6487
68	4073	6488
69	4043	6498
70	6919	6500
71	4600	4191
72	9497	6011
73	6020	2188
74	8230	6518
75	7733	6519
76	4353	6540
77	7918	6540
78	8687	6544
79	3681	6554
80	3837	6556
81	7662	6557
82	7806	6557
83	4220	6559
84	7423	6562
85	4435	4200
86	8665	6569
87	4262	6571
88	7824	6573
89	7941	6577
90	6960	6588
91	7461	6589
92	7863	6590
93	7548	6593
94	8443	6593
95	7683	6601
96	8663	6602
97	4127	6603
98	7504	6604
99	7373	6605
100	8177	6610
101	7193	6620
102	7227	6628
103	8691	6632
104	7055	6633
105	8587	6639
106	8295	6651
107	7030	6653
108	8056	6657
109	6848	209
110	7279	6665
111	8321	6666
112	4126	6669
113	4190	6670
114	8631	6669
115	7563	6671
116	3838	6673
117	7880	6677
118	8716	6680
119	8023	6681
120	4284	6224
121	7828	6696
122	8668	6702
123	7890	6705
124	6556	8230
125	8605	6228
126	4534	4226
127	7978	6724
128	8488	4226
129	3567	6727
130	8504	6736
131	8701	6741
132	3372	6743
133	4020	6748
134	8604	6749
135	6599	6754
136	3508	6757
137	8679	6773
138	7758	6775
139	3708	4752
140	7574	6812
141	3755	6814
142	3917	6819
143	8320	6828
144	8661	6836
145	7129	6837
146	8680	6841
147	8153	6845
148	9081	8356
149	3787	6868
150	8069	6870
151	8726	6874
152	6946	6877
153	3399	6879
154	4576	6880
155	8538	4254
156	3987	6892
157	8043	6900
158	4627	6910
159	7400	6912
160	8681	6921
161	8451	6924
162	9657	6925
163	9658	6930
164	8238	6939
165	7452	6940
166	9459	6941
167	5974	6943
168	7828	6943
169	7598	6267
170	7481	6950
171	8516	6950
172	4126	4574
173	4289	6963
174	3649	4267
175	6777	6969
176	8204	4268
177	7713	6985
178	8144	6988
179	8741	7001
180	6313	7009
181	4240	7014
182	7855	7021
183	4107	7023
184	4277	7026
185	6890	7028
186	7513	7034
187	8507	4279
188	8489	7042
189	4515	4281
190	6274	7060
191	8967	7072
192	4012	7073
193	8764	7077
194	6173	4285
195	8919	7079
196	3995	7081
197	7800	7085
198	6757	8293
199	7747	7100
200	5886	7106
201	7184	7129
202	4598	7130
203	4010	7131
204	4316	7136
205	4382	7144
206	3688	7144
207	4507	7150
208	8805	7151
209	7246	7154
210	7531	7155
211	8916	7159
212	3588	7162
213	8771	7164
214	4181	7175
215	7324	7180
216	6502	4304
217	7688	7192
218	7500	7193
219	9083	7196
220	3936	7201
221	7804	7225
222	8998	7231
223	6839	7232
224	4147	7233
225	8582	7233
226	4102	7253
227	4195	7268
228	8329	7268
229	7385	7270
230	8813	7274
231	4300	7278
232	6694	7279
233	6795	7280
234	8148	8771
235	4023	7294
236	4324	7296
237	7522	7297
238	4423	7299
239	8835	7302
240	4260	7316
241	6909	7317
242	7448	7317
243	8546	4325
244	9266	7320
245	7429	7322
246	8054	7326
247	3746	7327
248	5406	4327
249	7521	7330
250	8264	4329
251	7596	7344
252	8048	7348
253	3449	5972
254	8102	7354
255	7829	7363
256	7311	4371
257	3945	7371
258	9131	7376
259	3817	7378
260	7742	7378
261	8498	7382
262	6583	7389
263	7102	7391
264	8351	7401
265	7245	7402
266	6784	8347
267	6549	2338
268	7767	7419
269	6971	7422
270	7767	7426
271	4177	7438
272	5979	7440
273	8342	6350
274	8328	7461
275	8652	7474
276	7282	7476
277	6941	7490
278	9024	7494
279	6541	7502
280	8682	7512
281	8259	7513
282	8144	7514
283	3832	7518
284	3775	7520
285	9533	7527
286	8119	7528
287	7018	7533
288	3680	7538
289	3542	7541
290	8260	7541
291	6533	7549
292	6088	7556
293	8056	8372
294	7390	7558
295	7700	7563
296	5696	7980
297	9315	7569
298	8547	7571
299	7836	8376
300	9667	7584
301	6815	2367
302	7109	7594
303	3796	7596
304	5984	8261
305	8478	7603
306	7905	7615
307	7305	7616
308	6941	7620
309	6553	7623
310	6785	7625
311	8490	7629
312	8451	4378
313	2908	2779
314	2500	4380
315	7400	8386
316	8145	7643
317	8470	7647
318	10000	8386
319	8519	7654
320	6346	7655
321	7994	7657
322	8057	7666
323	372	2818
324	5729	7678
325	8125	7678
326	7570	7679
327	5611	7683
328	6430	7690
329	6823	7694
330	6740	7696
331	7568	7700
332	8100	7702
333	9723	8785
334	5358	7712
335	5346	7713
336	6622	7714
337	5292	7716
338	7583	7731
339	8008	7747
340	5820	7749
341	8167	7755
342	6699	7756
343	7282	7760
344	5598	7768
345	6719	7773
346	7526	7774
347	3624	4403
348	6575	7797
349	5648	7809
350	7986	7816
351	5683	7826
352	5248	7826
353	7157	7832
354	6202	7847
355	4274	7862
356	6025	7865
357	6934	7869
358	6029	7872
359	5293	7873
360	8300	7876
361	6094	7880
362	5350	7883
363	7384	7885
364	9645	7886
365	7400	7892
366	5419	7894
367	7123	7911
368	7296	7912
369	6783	7913
370	6496	7930
371	6212	7930
372	9879	7932
373	8259	7937
374	6454	7942
375	6965	7960
376	5334	7965
377	6695	7969
378	7422	7978
379	8213	7984
380	7949	7995
381	6603	7997
382	7136	7998
383	5920	8003
384	7005	8004
385	8445	8010
386	7047	8014
387	7261	8027
388	9276	8030
389	6213	8032
390	6440	8451
391	7331	8046
392	6948	8048
393	7517	8051
394	7487	8053
395	5642	8055
396	6480	8059
397	8634	8062
398	7366	8065
399	8417	8073
400	5543	8082
401	3987	3995
402	8143	8099
403	7999	8108
404	6456	8121
405	7077	8124
406	7790	8133
407	5454	8140
408	4690	3596
409	5563	8146
410	6943	8149
411	6023	3996
412	6300	8159
413	7688	8161
414	6904	8161
415	5861	8168
416	7140	8171
417	6427	8176
418	6016	8181
419	7400	6475
420	9017	4471
421	7294	8201
422	5953	8481
423	8825	5199
424	6487	8222
425	7265	8224
426	8979	8228
427	7505	4478
428	8803	8239
429	6278	8249
430	7643	8492
431	8045	8283
432	5331	8286
433	6939	8289
434	9491	8291
435	6962	8296
436	6742	8297
437	9634	6002
438	7390	8301
439	5902	8302
440	6430	8304
441	7087	8313
442	5737	8315
443	6810	8318
444	7930	8405
445	5471	8331
446	5565	8335
447	6879	8342
448	5533	8347
449	5589	8349
450	7840	8349
451	3641	8356
452	7696	8506
453	7326	8371
454	6537	8376
455	4017	6506
456	7955	8382
457	7633	6506
458	8391	8388
459	8093	8389
460	5623	8393
461	7756	8405
462	7859	8405
463	7619	8407
464	9363	8411
465	8318	8429
466	6334	8437
467	8025	8443
468	3787	8446
469	6778	8451
470	6089	8455
471	5964	8460
472	5585	8467
473	7799	8467
474	7010	8479
475	7697	4519
476	5747	8493
477	2645	2519
478	5904	8506
479	3886	8508
480	6128	8509
481	8271	8512
482	7856	8515
483	6729	8516
484	7834	8517
485	9533	8520
486	7092	8522
487	7210	8551
488	5760	8553
489	5571	8559
490	6679	8539
491	8528	8566
492	6332	8568
493	7722	8583
494	5427	8584
495	8211	8595
496	9269	8599
497	6593	8600
498	5527	8548
499	5591	8615
500	3388	6546
501	6166	8621
502	7525	8623
503	6454	8626
504	8515	8643
505	8069	8649
506	9987	8650
507	6305	8656
508	7876	8667
509	5651	8671
510	5841	8682
511	8739	4553
512	6514	8692
513	7242	8694
514	9485	6016
515	6430	8705
516	4127	3215
517	5737	8722
518	5664	8727
519	8119	8735
520	7237	8744
521	5683	8747
522	5828	8761
523	6195	8762
524	5998	8765
525	4097	4567
526	5441	8773
527	7480	8774
528	6814	8778
529	7665	8781
530	7463	2566
531	6924	8785
532	9491	8786
533	6824	8794
534	6404	8796
535	5738	8797
536	7723	8802
537	7615	8811
538	6006	8815
539	8566	8814
540	5915	8831
541	7539	8840
542	3543	3484
543	6941	8852
544	6446	8859
545	7589	8862
546	7420	8867
547	8383	4585
548	5825	2584
549	7080	8889
550	9854	8897
551	5875	8909
552	4189	4591
553	6692	8918
554	5847	8924
555	7706	8929
556	8630	8956
557	5571	8957
558	7529	8971
559	7190	8972
560	7252	8977
561	3162	2599
562	3750	8611
563	8802	8997
564	7531	8998
565	7330	9006
566	9921	9006
567	7795	9012
568	7955	9014
569	6062	9024
570	7981	9027
571	5624	9028
572	7675	9033
573	7994	9034
574	8086	9036
575	6324	9063
576	8002	9074
577	7492	9078
578	7792	4620
579	7471	8628
580	9670	9100
581	8141	9105
582	9573	9115
583	6860	9116
584	2474	4430
585	7508	9132
586	6401	9142
587	8027	9157
588	6326	9161
589	8269	9174
590	7318	9176
591	6678	9183
592	6150	9188
593	6398	9190
594	5988	9191
595	6635	9195
596	5844	9196
597	8392	9198
598	6879	9200
599	8384	9213
600	6310	9217
601	8555	9221
602	8633	9223
603	7537	4643
604	7601	9232
605	5893	9234
606	7875	9239
607	6674	9242
608	7384	9244
609	7998	9255
610	6916	9258
611	7822	9265
612	8383	9269
613	6348	9281
614	6206	2649
615	6167	9289
616	7382	9291
617	9161	9292
618	7767	9300
619	8064	9311
620	5697	6662
621	7344	9321
622	6690	9322
623	7464	9323
624	8010	9323
625	7968	4659
626	9006	9326
627	6892	9328
628	6510	9329
629	6389	9338
630	8541	9347
631	6574	9351
632	9193	9353
633	8037	9361
634	9347	9362
635	8146	9366
636	8624	9374
637	9081	9378
638	6630	9379
639	8285	8677
640	6725	9389
641	8668	9392
642	3681	6676
643	8307	9398
644	8467	9408
645	8165	9419
646	8691	9427
647	4059	4678
648	8593	9433
649	8797	9433
650	7898	9435
651	8705	9441
652	7754	9442
653	7217	9446
654	8580	9450
655	8418	9476
656	6914	9480
657	8213	8694
658	7242	9493
659	8410	9495
660	6741	9501
661	7102	9504
662	9170	9505
663	8427	4693
664	8602	9527
665	3878	4696
666	9199	9540
667	8597	9547
668	7928	9549
669	8061	9549
670	6520	9558
671	7234	9568
672	8563	9572
673	7817	9573
674	9167	9580
675	6872	9595
676	8444	9601
677	2737	2703
678	6598	9603
679	4976	9605
680	3842	2705
681	6796	9621
682	7282	9626
683	6844	9643
684	4126	5249
685	4808	2724
686	8656	9739
687	8752	9765
688	9065	9787
689	5162	2737
690	6763	9255
691	3398	6750
692	6342	9868
693	3975	7680
694	6238	8773
695	6951	8774
696	7542	4769
697	7352	10000
698	9509	8781
699	3495	2776
700	8431	4781
701	6882	6792
702	7429	4790
703	3191	2791
704	4218	4596
705	4492	2798
706	8620	4801
707	3616	4804
708	7520	4820
709	2302	2818
710	3848	4472
711	4707	4475
712	2556	2860
713	3688	4077
714	650	2864
715	6552	8875
716	3854	4869
717	5678	4886
718	5445	2890
719	4173	6900
720	5153	5285
721	8746	4905
722	4180	2902
723	6503	2902
724	5585	7873
725	5319	4916
726	6620	8490
727	6342	2920
728	7652	6950
729	6455	2092
730	7935	6950
731	7483	6955
732	5867	2953
733	7500	6962
734	4320	6966
735	7154	6980
736	8455	6102
737	7955	6993
738	8694	4905
739	8545	5014
740	8817	5014
741	3815	5015
742	9011	5019
743	7903	6109
744	5610	5022
745	7124	9488
746	8404	5046
747	7945	5051
748	9268	6161
749	3885	4115
750	8752	5064
751	3231	5078
752	5915	3076
753	4770	3076
754	8001	9091
755	7698	9093
756	7621	9097
757	2848	3091
758	8719	5099
759	8375	5101
760	4528	7106
761	3894	5105
762	5897	3112
763	6863	49
764	8168	4127
765	8616	5120
766	6610	87
767	3511	5125
768	6695	118
769	9262	5846
770	6530	145
771	5409	3131
772	6893	200
773	6262	220
774	6850	241
775	8740	5152
776	6496	9339
777	6584	313
778	6451	319
779	5261	4290
780	3115	3161
781	6564	353
782	8643	7175
783	4887	3169
784	6632	3170
785	6844	3170
786	7015	397
787	7048	9184
788	8897	8542
789	4384	4541
790	9098	5186
791	6533	7197
792	4712	3193
793	6648	543
794	6274	585
795	6154	8548
796	6433	613
797	6322	633
798	6460	634
799	5755	5217
800	3687	7222
801	8765	5220
802	8794	5224
803	8586	5234
804	3324	3241
805	7731	5248
806	9576	9265
807	6479	936
808	1168	2957
809	5312	3263
810	6519	1009
811	6956	7284
812	8009	5287
813	7842	5287
814	3374	4162
815	8042	5291
816	7021	7298
817	3462	7300
818	8764	6164
819	3519	4164
820	6560	1158
821	4973	2694
822	6517	2164
823	6435	1187
824	8654	9315
825	5250	5769
826	6461	6170
827	7844	9337
828	6846	3496
829	8024	5333
830	6463	1351
831	8141	5344
832	8298	6175
833	7877	4574
834	6933	1470
835	6576	7359
836	2993	4976
837	7037	5362
838	5603	3361
839	6410	1558
840	5769	3371
841	6346	1604
842	6971	1606
843	6301	1616
844	8730	5379
845	6482	1639
846	6721	1657
847	6470	1667
848	5138	4182
849	7094	1733
850	8452	5785
851	6559	1778
852	1101	1823
853	5990	1832
854	6211	1833
855	8107	5415
856	6392	1844
857	7872	6589
858	7127	1854
859	8114	5418
860	1853	1860
861	1077	1868
862	7149	1876
863	4570	5389
864	1614	1886
865	4053	7427
866	6488	1892
867	6782	1893
868	0	1922
869	8535	5429
870	5079	1926
871	8884	6191
872	8148	4590
873	6503	1958
874	3823	4191
875	5463	1959
876	8623	7440
877	5375	1970
878	5884	1980
879	5492	1989
880	1855	1992
881	1023	1995
882	6752	9450
883	5274	2033
884	6458	2050
885	5212	2055
886	6237	2063
887	5693	2073
888	6245	2082
889	5719	2086
890	4634	2093
891	850	2096
892	83	2099
893	824	2124
894	8935	7467
895	6202	2127
896	5758	2132
897	5743	2134
898	4699	2152
899	8328	7471
900	5781	2160
901	756	2163
902	6517	2171
903	7566	7475
904	6319	2204
905	5843	2208
906	8824	5800
907	6068	2220
908	5615	3476
909	5781	2223
910	5939	2232
911	6104	2234
912	5724	2251
913	4651	2260
914	4786	2269
915	4787	2285
916	7845	5491
917	6484	2315
918	4991	2337
919	5002	2339
920	5057	2344
921	5027	2359
922	5098	2365
923	4678	2366
924	7723	5504
925	4675	2384
926	4674	2399
927	7542	5511
928	3686	2414
929	6742	2421
930	5501	2432
931	9396	5516
932	6700	2447
933	6239	2459
934	2022	2469
935	4988	2491
936	3267	2497
937	3963	2499
938	6277	2503
939	6072	3523
940	6519	7987
941	3061	2518
942	6208	2519
943	2454	2523
944	6229	2535
945	611	2542
946	8117	7537
947	3869	2553
948	4182	2562
949	3253	2566
950	6523	9415
951	6003	2570
952	1437	2589
953	613	2615
954	904	2619
955	4600	2627
956	6792	2635
957	773	2637
958	2845	2653
959	2902	2656
960	4557	2678
961	6427	2679
962	4008	2681
963	8436	5556
964	6219	2688
965	2657	2691
966	6208	2695
967	3805	2695
968	4201	2698
969	531	2705
970	3881	2708
971	2853	2709
972	2691	2712
973	4561	2714
974	6277	2732
975	3822	2737
976	6974	7569
977	3539	2746
978	5666	2753
979	5156	2757
980	295	2759
981	3637	2765
982	6353	2772
983	4236	2775
984	4260	3568
985	3165	2796
986	632	2799
987	4087	2799
988	2421	2799
989	5235	2803
990	2930	2804
991	4207	5577
992	4216	2807
993	7417	2810
994	4920	2812
995	4940	3575
996	256	2814
997	308	2819
998	6002	2823
999	7058	2825
1000	3168	2830
1001	430	2835
1002	2256	2843
1003	6051	7587
1004	4723	2853
1005	5420	2863
1006	744	2875
1007	6072	2877
1008	3084	2878
1009	4810	2880
1010	6112	2881
1011	1930	2884
1012	6781	2887
1013	4051	2888
1014	3327	2890
1015	300	2895
1016	3962	2900
1017	2579	2905
1018	669	2908
1019	5424	3590
1020	6493	2912
1021	5498	2913
1022	2616	2916
1023	2512	2917
1024	5896	2917
1025	2039	2920
1026	3420	6225
1027	5746	2926
1028	4889	2930
1029	6162	2933
1030	6010	2939
1031	6225	2945
1032	5697	2947
1033	5788	2949
1034	3401	4224
1035	1913	2960
1036	3973	2963
1037	3946	2977
1038	5101	2983
1039	5140	2996
1040	6077	2996
1041	5067	3004
1042	8507	5611
1043	6260	3014
1044	6759	9619
1045	6287	3024
1046	6763	3033
1047	5598	3034
1048	6474	3035
1049	5377	3049
1050	1103	3052
1051	3106	3053
1052	2286	3057
1053	3409	3058
1054	6862	3065
1055	2791	3067
1056	4876	3068
1057	5553	3074
1058	4150	3086
1059	5932	3086
1060	5742	3088
1061	6121	3088
1062	5592	3092
1063	5780	3101
1064	4798	3108
1065	4093	3113
1066	6535	3115
1067	5823	3118
1068	5891	3118
1069	6829	3120
1070	6878	3123
1071	5527	3127
1072	6883	3130
1073	3429	3152
1074	5934	3157
1075	4660	3165
1076	3298	3169
1077	5304	3171
1078	4269	3180
1079	6200	3198
1080	5560	3216
1081	1504	3221
1082	6511	3239
1083	6071	3646
1084	6560	3246
1085	6031	3249
1086	6407	3254
1087	5626	3258
1088	3994	3263
1089	7130	3263
1090	6421	3263
1091	2846	3271
1092	4834	3271
1093	6346	3272
1094	7091	5655
1095	5268	3277
1096	3724	3302
1097	7117	3310
1098	4811	3311
1099	2797	3316
1100	5176	3319
1101	6402	3322
1102	3717	3323
1103	5449	3328
1104	6530	3335
1105	6387	3337
1106	5169	3339
1107	4447	3345
1108	1605	3347
1109	6545	3356
1110	5346	3377
1111	5548	3377
1112	7832	5673
1113	5869	3390
1114	3745	3393
1115	4093	3395
1116	5343	3399
1117	4855	3400
1118	3971	3403
1119	2828	3410
1120	6070	3409
1121	4287	3410
1122	5564	3426
1123	3972	3429
1124	3793	3448
1125	3372	3451
1126	5407	3458
1127	6509	3459
1128	6355	3469
1129	7150	7692
1130	6381	3486
1131	2244	3488
1132	6623	3492
1133	3970	3502
1134	5259	3689
1135	5632	3509
1136	4872	3519
1137	5819	4243
1138	1247	3529
1139	5938	3536
1140	8674	6645
1141	3034	3538
1142	4845	3558
1143	4558	3563
1144	4235	3568
1145	4354	3569
1146	4710	3570
1147	4196	3702
1148	4170	3581
1149	6866	5709
1150	4225	3706
1151	5299	4472
1152	6271	7716
1153	4880	3623
1154	8076	7716
1155	5472	3630
1156	5224	3633
1157	4590	5510
1158	2558	3650
1159	6155	3658
1160	4839	3664
1161	4954	3671
1162	5529	3671
1163	6394	3676
1164	5374	3677
1165	5026	3678
1166	4768	3680
1167	6814	3684
1168	4779	3686
1169	5448	3686
1170	5987	3689
1171	7328	5726
1172	6766	3702
1173	6134	3705
1174	6760	7731
1175	4007	5730
1176	5259	3724
1177	5732	3730
1178	5969	3731
1179	5884	3739
1180	6428	3743
1181	4998	3748
1182	5804	3750
1183	5767	8654
1184	5803	3734
1185	6762	3774
1186	4971	3775
1187	6120	3781
1188	4934	3786
1189	5526	3738
1190	4130	3798
1191	4757	4252
1192	6721	3811
1193	6745	3822
1194	5808	3826
1195	4463	3829
1196	4273	3830
1197	4231	3841
1198	5696	3845
1199	6377	1746
1200	1655	3876
1201	1546	3895
1202	6037	7763
1203	2948	3902
1204	4396	3910
1205	2427	3919
1206	4433	3928
1207	6163	3938
1208	5857	3941
1209	5128	3945
1210	4454	3953
1211	2371	3968
1212	6681	3976
1213	5036	3977
1214	4676	3982
1215	9839	7873
1216	5587	4000
1217	3830	4002
1218	6743	4014
1219	7769	4021
1220	3831	4027
1221	6978	4031
1222	3448	4039
1223	3860	4040
1224	4234	6662
1225	5968	4048
1226	4110	4049
1227	3768	4056
1228	4142	4059
1229	7879	4060
1230	5336	4061
1231	8784	4260
1232	4501	4064
1233	3996	4071
1234	4888	4072
1235	6328	4074
1236	3825	4076
1237	3919	4077
1238	5954	4083
1239	3951	4085
1240	3524	4086
1241	8888	5790
1242	5257	4092
1243	4048	4094
1244	5441	4107
1245	4656	4110
1246	3982	4114
1247	7987	4125
1248	3466	4131
1249	4107	4133
1250	3730	4143
1251	6828	4154
1252	3580	4156
1253	6995	4157
1254	4012	4163
1255	6219	4164
1256	7549	8337
1257	6820	4167
1258	3690	4168
1259	3688	4172
1260	4125	4172
1261	3463	4174
1262	4402	4176
1263	4037	4178
1264	3633	4180
1265	4031	4186
1266	4295	4191
1267	5044	4191
1268	6091	4197
1269	6808	4200
1270	5504	4201
1271	3832	4205
1272	6055	8669
1273	4133	4214
1274	4864	4216
1275	4390	4218
1276	7002	4219
1277	8167	4226
1278	3426	4229
1279	4339	4237
1280	4046	4244
1281	3624	4256
1282	8355	4256
1283	4935	4257
1284	8250	4258
1285	4962	4265
1286	3938	4266
1287	4985	4271
1288	3852	4274
1289	6304	4275
1290	8295	5821
1291	4390	4278
1292	8663	4279
1293	2383	4282
1294	4813	4292
1295	4216	4301
1296	6051	4305
1297	4174	4310
1298	8299	4319
1299	4395	4324
1300	8775	4323
1301	3626	4329
1302	4162	4331
1303	8478	4335
1304	2359	4336
1305	4294	4338
1306	3714	4339
1307	6020	4344
1308	3957	4345
1309	3663	4348
1310	7954	4351
1311	8261	4354
1312	6024	4375
1313	7291	4377
1314	4749	4380
1315	8288	4384
1316	3338	4387
1317	8493	4388
1318	6089	4391
1319	4642	4393
1320	8609	4395
1321	4723	4397
1322	2698	3841
1323	5375	4421
1324	3944	4422
1325	4918	4430
1326	2414	4432
1327	3590	4433
1328	7242	4438
1329	3617	4450
1330	8091	4452
1331	4986	4459
1332	7379	4460
1333	3678	4465
1334	4254	4465
1335	8115	4471
1336	3518	4482
1337	7200	4491
1338	3386	4492
1339	3760	4499
1340	3908	4500
1341	8189	4502
1342	5957	8679
1343	9052	4518
1344	3735	4522
1345	8692	4523
1346	8718	5863
1347	2396	4529
1348	2387	4529
1349	3418	4530
1350	8504	4531
1351	5218	4538
1352	8520	4539
1353	7209	4540
1354	5793	4543
1355	4004	4546
1356	6839	4551
1357	7991	4552
1358	4013	4553
1359	7709	4552
1360	4882	4556
1361	3336	4557
1362	5180	4561
1363	8190	4562
1364	4985	4564
1365	8637	4568
1366	8552	4568
1367	8362	4569
1368	8124	4578
1369	8802	4586
1370	7554	4588
1371	8524	4588
1372	3698	4590
1373	5134	4591
1374	8856	4594
1375	3365	4596
1376	8321	4597
1377	4269	4602
1378	8714	4602
1379	4630	4616
1380	4891	4619
1381	3842	4621
1382	4791	4626
1383	2538	4630
1384	7957	4632
1385	5740	6682
1386	7593	4645
1387	8795	4647
1388	4289	4651
1389	8822	4652
1390	8180	4658
1391	4034	4661
1392	8426	4669
1393	3777	4677
1394	8730	4677
1395	3846	4679
1396	7945	4682
1397	7411	4685
1398	7756	4686
1399	4080	4688
1400	3949	4689
1401	5479	4689
1402	8697	4690
1403	4811	4693
1404	8399	4697
1405	4165	4702
1406	7454	8004
1407	9890	7897
1408	7808	4707
1409	8036	4723
1410	6102	7900
1411	7573	4728
1412	8672	4732
1413	3857	4736
1414	3710	4737
1415	8085	4739
1416	8376	4742
1417	8199	4746
1418	3984	4748
1419	7984	4748
1420	4121	4750
1421	3849	4752
1422	7999	4757
1423	3771	4758
1424	4040	4760
1425	8122	4764
1426	4173	4771
1427	7409	4774
1428	3969	4776
1429	3968	5086
1430	7172	4789
1431	4091	4791
1432	8437	4791
1433	3761	4805
1434	4709	4809
1435	7730	4819
1436	8412	4822
1437	3990	4825
1438	7820	4826
1439	3549	4828
1440	7466	8289
1441	8478	4844
1442	7811	4852
1443	8572	4852
1444	4762	4854
1445	8200	4856
1446	7517	4863
1447	3657	4864
1448	3684	4869
1449	7539	4870
1450	7046	4876
1451	7996	4886
1452	4247	4888
1453	8657	4899
1454	3944	4906
1455	3106	4913
1456	8409	4916
1457	7748	4918
1458	7258	4922
1459	7139	4925
1460	8778	4931
1461	7484	4931
1462	4777	4936
1463	8324	4942
1464	6987	4944
1465	8522	4944
1466	3400	4945
1467	8663	4949
1468	7047	5491
1469	8762	4951
1470	4264	4953
1471	8905	7938
1472	3954	4958
1473	8022	4965
1474	5582	4968
1475	7689	5937
1476	3488	4972
1477	2891	4976
1478	3453	4980
1479	3663	4984
1480	8014	4985
1481	4123	4988
1482	3225	4991
1483	3726	4994
1484	3036	4999
1485	6011	5001
1486	5313	3941
1487	5498	5010
1488	7981	5012
1489	3007	5025
1490	3827	5026
1491	7084	5038
1492	3958	5041
1493	8280	5041
1494	7203	5044
1495	2956	5046
1496	7227	5049
1497	8336	5051
1498	4066	5059
1499	8414	5064
1500	8126	5065
1501	4583	5068
1502	3979	5076
1503	3303	5077
1504	4186	5085
1505	7060	5087
1506	9026	5087
1507	8107	5088
1508	9043	5097
1509	8691	5101
1510	8896	5101
1511	7031	5106
1512	9100	5109
1513	2730	5115
1514	8741	5117
1515	8675	5117
1516	4553	5130
1517	3382	5132
1518	5417	5135
1519	5777	5139
1520	6953	5140
1521	5491	5148
1522	8759	5153
1523	4033	5165
1524	8178	5164
1525	7306	5175
1526	3564	5177
1527	3158	5179
1528	8552	5185
1529	3152	5188
1530	7851	5190
1531	4273	5194
1532	8654	5194
1533	5142	5196
1534	8886	5199
1535	8359	5200
1536	7922	5203
1537	3206	5212
1538	4179	5214
1539	4264	5218
1540	5004	4299
1541	5020	5221
1542	9060	5221
1543	4181	5225
1544	5087	5232
1545	7751	5235
1546	7611	5240
1547	4294	5250
1548	8622	5252
1549	5187	5258
1550	8198	5259
1551	8361	5264
1552	7478	4403
1553	3745	5273
1554	8176	5277
1555	8361	5279
1556	5058	5280
1557	7764	5281
1558	8607	5283
1559	8197	5284
1560	5632	8305
1561	8707	5297
1562	8697	5302
1563	4146	5303
1564	3167	5304
1565	8676	5313
1566	7287	5315
1567	8331	5316
1568	8151	5323
1569	2969	5330
1570	3379	5338
1571	6989	5341
1572	4298	5343
1573	8217	5348
1574	6272	8005
1575	5158	5354
1576	8291	5355
1577	5268	5356
1578	7735	6004
1579	7966	5360
1580	7144	5361
1581	4278	5366
1582	7584	5366
1583	7100	5371
1584	3074	5372
1585	7626	5375
1586	4473	5376
1587	7891	5378
1588	7688	5379
1589	7160	7507
1590	8077	5393
1591	8862	6008
1592	4239	5398
1593	7807	5402
1594	8756	5402
1595	7620	5406
1596	8918	5408
1597	7863	5409
1598	7582	5410
1599	7244	8015
1600	8606	5413
1601	8058	5415
1602	9061	5425
1603	9412	5427
1604	6944	5430
1605	5177	5431
1606	7819	5436
1607	8588	5442
1608	8695	5447
1609	4369	5449
1610	4025	5455
1611	9184	5456
1612	7757	5460
1613	4550	5468
1614	6959	5483
1615	4328	5486
1616	9213	5485
1617	3818	5489
1618	8058	5489
1619	7039	5499
1620	8296	5501
1621	5194	5503
1622	8272	5504
1623	6911	5507
1624	9273	5511
1625	5102	5512
1626	3934	5520
1627	9261	5521
1628	3919	5530
1629	7826	5530
1630	8304	5536
1631	6924	5538
1632	8436	5539
1633	7855	5546
1634	7163	5547
1635	9377	5511
1636	4345	5564
1637	4204	5566
1638	4605	5579
1639	8492	5596
1640	8031	5598
1641	4378	5600
1642	9408	6042
1643	7609	5608
1644	7494	5612
1645	6993	5614
1646	7207	5615
1647	7149	5627
1648	8528	5629
1649	7558	5633
1650	7630	5638
1651	7905	5638
1652	8185	5643
1653	7466	5646
1654	8523	5647
1655	4284	5648
1656	9570	5647
1657	7057	5649
1658	7124	5654
1659	7621	5654
1660	7676	5655
1661	8134	5663
1662	8469	5673
1663	9146	5677
1664	7634	5678
1665	9617	5686
1666	4598	5690
1667	8467	5690
1668	4430	5694
1669	8624	5697
1670	8101	5703
1671	8332	5709
1672	8396	5712
1673	9142	5731
1674	8435	5732
1675	8137	5733
1676	9207	5733
1677	4522	5735
1678	9002	5742
1679	9519	5743
1680	7644	5744
1681	7291	5746
1682	7116	5748
1683	8795	5753
1684	9563	5758
1685	9000	5762
1686	7704	5769
1687	8226	5772
1688	7667	5788
1689	7126	5799
1690	9238	5799
1691	9072	5802
1692	7637	5803
1693	7002	5805
1694	9244	5806
1695	5200	5820
1696	8791	5821
1697	8813	5826
1698	9686	5920
1699	8508	5831
1700	3278	5841
1701	8936	5845
1702	5907	4080
1703	9044	5851
1704	7737	5855
1705	9370	5858
1706	9290	5860
1707	4081	4083
1708	9166	5866
1709	9456	5866
1710	7562	5871
1711	7297	5872
1712	3720	4085
1713	7376	5881
1714	9297	5891
1715	7480	5892
1716	9580	5895
1717	9151	5896
1718	8316	5910
1719	7788	5915
1720	9605	5922
1721	9048	5926
1722	8413	5930
1723	8294	5930
1724	7918	5937
1725	7875	5942
1726	6957	5524
1727	7149	5942
1728	9008	5945
1729	5647	5952
1730	9626	5968
1731	9564	5970
1732	7497	8108
1733	9196	5980
1734	5834	8110
1735	6935	5984
1736	9129	5984
1737	8796	5996
1738	9216	5998
1739	7867	6006
1740	6814	7928
1741	3434	6012
1742	8703	6013
1743	8619	6015
1744	8805	6020
1745	7713	6033
1746	8314	6037
1747	7815	6043
1748	8907	6056
1749	7098	6069
1750	7354	6072
1751	3483	6074
1752	4177	6076
1753	7789	6121
1754	8981	6076
1755	8232	6078
1756	4276	6082
1757	7910	6084
1758	8630	6094
1759	8579	6094
1760	9510	6096
1761	9527	6099
1762	7621	6099
1763	9370	6102
1764	9074	6102
1765	8591	6103
1766	8199	6105
1767	9004	6108
1768	7656	6109
1769	8533	6115
1770	8831	6121
1771	8857	6130
1772	8044	6129
1773	4085	6131

REQUESTS = 2000
1	1028	1	4	2	1	2
2	363	9	11	1	3	3
3	412	15	18	1	1	3
4	908	41	44	3	4	2
5	438	41	44	3	4	1
6	549	6	7	1	3	1
7	1758	36	37	1	2	1
8	1156	24	25	3	4	2
9	306	11	13	2	1	2
10	1034	22	24	3	1	1
11	1733	38	39	3	1	1
12	1666	61	62	3	2	1
13	770	25	26	2	2	3
14	525	7	9	2	2	1
15	479	46	49	2	3	1
16	120	12	15	2	2	3
17	1683	59	61	1	3	1
18	335	14	17	3	4	3
19	589	33	36	2	1	3
20	1653	30	31	1	4	1
21	1689	52	55	2	2	2
22	552	57	58	1	3	1
23	1701	2	3	3	2	2
24	1554	33	36	3	3	1
25	966	23	24	3	4	3
26	851	23	25	3	3	1
27	1559	53	55	3	1	2
28	1527	29	30	3	4	2
29	861	15	17	2	1	1
30	328	13	16	3	2	1
31	1006	53	55	1	1	3
32	1233	2	5	1	4	3
33	1111	26	28	2	3	2
34	899	55	58	2	4	2
35	353	53	55	2	2	2
36	558	49	51	3	1	1
37	818	20	23	1	1	3
38	875	38	39	3	3	1
39	1588	43	44	2	3	3
40	833	49	51	2	2	2
41	164	27	29	3	4	1
42	212	12	15	1	3	2
43	380	42	45	2	1	2
44	1131	14	15	3	3	2
45	1291	13	15	2	2	2
46	1342	52	55	1	3	3
47	110	18	21	1	3	2
48	586	34	35	1	3	3
49	859	3	4	3	1	3
50	1444	49	52	1	1	2
51	952	35	36	1	2	1
52	602	12	14	1	4	1
53	1094	38	40	1	1	3
54	599	34	35	2	1	1
55	1258	29	30	2	4	1
56	318	43	45	1	4	2
57	611	5	8	1	2	3
58	1695	7	10	1	1	3
59	1616	30	32	3	4	1
60	204	12	15	1	2	1
61	653	2	5	3	3	2
62	1478	19	21	3	4	1
63	1372	19	20	1	4	3
64	1030	18	19	1	3	2
65	85	21	22	3	2	1
66	339	20	23	3	4	2
67	845	49	51	1	1	1
68	372	32	35	1	3	2
69	1494	7	10	1	2	3
70	632	56	59	3	2	3
71	638	46	48	1	2	3
72	104	2	4	1	1	2
73	83	5	7	3	1	1
74	925	41	44	1	1	3
75	1359	3	4	3	2	2
76	129	55	57	2	4	2
77	1477	15	16	2	3	3
78	1140	47	48	3	2	1
79	702	49	50	3	3	2
80	21	29	32	2	3	3
81	52	13	16	2	1	3
82	215	25	27	2	2	1
83	782	47	48	3	1	1
84	1284	35	37	2	1	2
85	677	62	63	2	1	3
86	1310	54	56	1	3	2
87	567	12	13	2	4	1
88	1491	60	63	1	3	1
89	1049	26	29	2	4	1
90	1508	21	23	2	1	1
91	490	51	54	2	3	2
92	1467	41	42	1	4	2
93	1168	9	12	3	4	3
94	269	48	49	1	3	1
95	2	31	33	1	2	1
96	1715	51	54	3	2	2
97	93	45	47	3	1	1
98	716	42	43	1	2	3
99	1075	41	42	1	1	3
100	662	57	60	2	2	1
101	317	18	20	2	1	1
102	1564	22	25	3	1	2
103	538	16	19	3	3	3
104	424	48	51	3	2	3
105	1164	13	14	2	4	3
106	811	60	61	1	4	3
107	506	24	27	3	1	3
108	999	47	48	2	2	1
109	1383	11	13	3	3	1
110	1182	14	16	3	2	1
111	591	10	11	2	4	3
112	1363	54	55	1	3	2
113	660	48	50	2	3	3
114	371	21	24	3	1	1
115	1397	59	61	2	2	3
116	913	30	31	2	2	1
117	237	29	31	1	1	1
118	886	21	23	3	2	3
119	414	52	54	2	2	1
120	1615	34	35	3	2	1
121	1490	52	55	1	2	1
122	964	49	51	1	3	1
123	1301	52	54	1	1	3
124	553	13	14	2	1	1
125	1724	48	51	2	4	1
126	1539	16	18	2	3	2
127	165	22	24	3	1	2
128	274	41	42	3	3	1
129	791	47	48	3	1	3
130	986	15	16	1	1	1
131	10	22	23	2	2	3
132	1070	3	6	3	1	1
133	132	44	46	1	3	2
134	78	25	28	2	2	1
135	846	32	34	2	2	1
136	184	52	54	2	3	3
137	1240	15	16	2	1	3
138	1567	27	29	2	3	2
139	1344	59	62	3	4	3
140	236	3	6	3	2	1
141	566	21	23	1	2	2
142	1147	1	2	1	2	2
143	211	57	59	3	2	2
144	481	13	16	2	4	2
145	1413	42	43	2	2	1
146	560	47	48	1	3	3
147	145	47	50	2	2	1
148	962	56	57	3	3	2
149	1186	20	21	3	1	2
150	718	37	39	1	1	3
151	1520	57	59	3	1	3
152	851	37	38	3	1	2
153	191	30	32	1	1	3
154	654	44	47	3	1	3
155	768	58	61	3	4	3
156	885	54	55	1	3	2
157	1601	12	15	1	1	3
158	1132	37	38	3	2	2
159	344	26	28	1	4	3
160	1247	34	35	2	4	3
161	338	5	7	3	4	2
162	189	56	58	1	3	1
163	1248	57	58	3	1	1
164	1495	24	26	2	4	1
165	996	20	22	3	3	2
166	28	10	11	1	1	1
167	34	3	5	1	2	1
168	63	45	47	2	4	3
169	1731	4	5	1	4	3
170	997	43	45	2	1	2
171	1264	19	20	1	3	2
172	1141	58	59	2	4	3
173	393	49	52	1	1	1
174	812	9	11	3	1	3
175	1294	56	59	3	4	2
176	580	47	48	1	1	1
177	739	37	38	2	3	3
178	51	4	5	1	1	2
179	1468	5	7	2	1	2
180	1562	17	18	3	3	2
181	199	41	43	3	1	1
182	241	50	52	1	2	3
183	144	33	34	1	1	2
184	574	24	27	2	3	1
185	379	39	40	3	4	2
186	646	52	54	1	2	2
187	153	18	21	3	4	1
188	157	41	44	2	3	3
189	203	41	43	2	4	1
190	904	5	8	2	3	3
191	910	30	32	2	1	3
192	1516	24	27	3	2	1
193	978	50	52	3	2	1
194	584	9	11	3	2	3
195	310	55	56	1	2	2
196	555	4	7	1	1	1
197	797	29	32	2	3	2
198	1069	30	31	2	1	1
199	1137	42	43	1	1	3
200	684	34	36	2	2	3
201	1451	36	39	2	3	3
202	329	5	7	3	3	3
203	1212	14	15	2	1	2
204	337	55	57	1	2	1
205	1570	33	36	1	1	3
206	1497	46	47	3	3	2
207	1385	46	48	3	1	1
208	264	40	41	3	1	2
209	244	30	31	3	2	1
210	187	25	27	3	4	1
211	98	31	34	2	4	3
212	362	35	37	2	1	2
213	1597	2	3	1	1	3
214	135	11	14	2	2	3
215	904	44	46	3	3	2
216	866	16	19	3	4	1
217	891	43	45	2	4	1
218	618	55	58	3	1	3
219	1323	16	17	3	2	2
220	694	37	38	2	4	2
221	40	51	54	2	3	3
222	1587	19	20	1	3	3
223	1134	56	59	3	1	1
224	1353	38	39	2	3	2
225	301	25	28	2	4	1
226	493	57	59	1	1	3
227	1697	46	49	3	4	2
228	1393	55	58	3	1	1
229	802	53	56	3	2	1
230	1486	43	44	1	2	1
231	809	46	48	1	1	1
232	1151	1	3	1	1	3
233	1605	57	58	3	2	2
234	911	9	11	2	4	2
235	732	9	10	1	4	2
236	918	4	5	3	2	1
237	184	6	7	1	1	3
238	1022	23	25	3	4	1
239	1043	16	19	2	2	2
240	815	18	20	1	4	2
241	361	20	23	2	3	2
242	13	61	63	1	1	2
243	1218	2	3	3	2	3
244	447	3	6	1	2	3
245	466	37	39	1	1	1
246	1742	12	15	1	2	1
247	1623	13	16	3	2	3
248	765	37	38	1	1	2
249	123	17	20	3	2	1
250	1154	56	57	1	3	2
251	593	7	10	3	3	1
252	1382	15	18	1	1	1
253	1057	33	35	1	1	3
254	1622	33	35	3	3	3
255	1691	34	36	2	1	1
256	949	18	19	3	3	2
257	1657	39	41	1	2	1
258	247	51	52	2	3	1
259	623	57	60	1	2	2
260	1317	3	6	2	1	3
261	985	19	20	1	3	2
262	400	32	33	1	1	2
263	1724	17	19	1	2	2
264	1737	9	11	3	3	3
265	686	48	50	3	4	1
266	442	53	54	3	3	1
267	900	41	43	1	4	2
268	11	26	29	1	1	3
269	360	40	43	1	1	1
270	348	42	45	3	4	1
271	1620	30	32	3	2	3
272	1328	10	11	3	1	2
273	826	35	38	2	1	2
274	70	39	40	3	4	2
275	93	43	45	1	2	2
276	1032	44	45	2	1	3
277	1430	56	57	1	1	2
278	154	50	53	1	4	1
279	409	14	17	1	1	1
280	1119	26	28	3	1	3
281	1065	51	53	2	1	3
282	1521	47	50	3	3	1
283	946	8	9	1	3	3
284	152	16	17	3	2	3
285	384	20	21	3	4	2
286	556	22	25	3	4	1
287	1625	4	7	2	4	1
288	197	18	21	1	4	3
289	1198	40	41	1	3	3
290	143	37	38	1	2	2
291	1375	25	26	1	3	3
292	1421	45	46	1	1	3
293	396	53	56	1	1	3
294	261	44	47	3	4	1
295	411	12	14	3	1	3
296	568	8	9	2	1	1
297	1085	8	9	2	2	1
298	1029	12	14	2	1	2
299	1128	1	2	1	3	1
300	1345	11	14	1	1	1
301	1291	23	24	1	1	2
302	427	36	38	3	2	1
303	370	12	15	2	3	2
304	174	20	22	2	3	2
305	679	18	19	3	1	2
306	408	31	33	3	3	2
307	410	49	50	3	2	1
308	1537	15	17	1	4	2
309	1585	52	55	3	4	1
310	1185	48	51	2	4	2
311	1100	34	36	1	3	1
312	1062	42	44	1	1	1
313	801	19	20	2	1	3
314	633	33	34	1	3	1
315	1275	38	40	2	4	1
316	960	48	51	3	3	1
317	955	20	22	1	1	1
318	1598	40	41	1	2	3
319	1720	39	42	1	2	2
320	334	6	9	2	4	2
321	258	59	61	3	2	3
322	645	8	9	2	1	2
323	948	53	54	1	4	3
324	1407	57	58	3	1	2
325	1521	49	50	1	1	2
326	1600	9	11	1	3	1
327	401	23	26	2	3	3
328	720	9	11	1	3	2
329	571	54	55	3	4	2
330	25	39	41	2	1	3
331	1416	39	40	3	2	3
332	348	48	51	3	2	1
333	808	26	27	3	1	1
334	607	11	12	2	3	1
335	1129	47	49	2	4	3
336	88	41	44	1	2	1
337	1574	13	15	2	3	1
338	608	29	32	1	3	2
339	1651	32	34	1	3	2
340	1395	43	44	1	2	2
341	831	34	35	2	4	3
342	332	33	35	2	1	2
343	1010	31	34	3	4	1
344	969	18	20	1	3	2
345	784	51	52	1	4	3
346	942	48	51	3	1	1
347	941	9	11	2	4	2
348	882	52	55	3	2	3
349	14	37	39	2	1	1
350	456	3	6	2	3	3
351	756	45	46	1	4	1
352	1108	42	43	2	2	1
353	122	18	20	3	2	3
354	113	33	36	2	3	2
355	1136	58	60	1	4	2
356	1033	14	15	1	2	1
357	691	9	12	3	1	3
358	201	53	56	1	3	2
359	263	6	9	2	1	3
360	1741	51	53	3	1	3
361	1040	36	38	2	4	3
362	1107	15	18	2	1	2
363	1224	56	58	1	1	1
364	44	3	5	2	1	1
365	1621	23	26	2	4	2
366	537	15	17	3	4	2
367	1713	42	45	3	4	2
368	1093	46	47	3	1	2
369	804	48	49	1	3	3
370	1619	46	47	1	3	1
371	641	52	53	3	2	2
372	325	55	57	1	3	1
373	998	38	41	2	2	2
374	38	47	48	3	3	3
375	1769	51	54	1	4	3
376	333	41	42	1	4	3
377	1471	15	16	2	1	3
378	1041	21	22	3	4	3
379	147	19	20	1	1	3
380	1772	51	54	1	2	3
381	1240	36	37	2	2	3
382	930	58	61	3	3	3
383	703	50	52	3	1	2
384	1669	45	48	2	2	3
385	733	35	38	1	3	2
386	156	16	19	2	4	2
387	265	34	36	3	2	1
388	1455	21	22	3	3	1
389	350	48	51	2	2	2
390	1423	62	64	1	1	1
391	77	55	58	3	4	1
392	1325	31	32	1	2	1
393	1490	59	62	3	4	2
394	284	53	54	1	2	2
395	572	31	34	2	3	2
396	97	9	10	3	3	3
397	188	39	41	2	2	2
398	298	45	48	3	1	1
399	173	3	6	2	4	3
400	1229	58	60	1	2	3
401	921	12	14	1	4	1
402	1277	2	5	1	4	1
403	89	18	21	2	1	3
404	1515	3	4	2	2	3
405	647	27	30	2	4	3
406	887	43	44	1	4	1
407	1351	34	37	1	4	1
408	1412	26	27	3	2	1
409	1708	20	21	2	2	2
410	1150	48	50	2	3	3
411	535	52	54	1	1	1
412	714	59	60	1	1	3
413	131	45	47	2	4	1
414	1721	52	53	1	1	2
415	772	11	14	2	3	2
416	1309	42	43	3	2	1
417	245	57	60	3	1	1
418	1447	16	19	3	1	3
419	1417	53	56	3	4	2
420	950	18	20	3	2	2
421	570	41	42	3	2	2
422	332	56	59	3	3	3
423	1365	31	32	1	3	1
424	929	5	7	3	3	2
425	1680	6	9	1	1	1
426	794	15	16	1	3	1
427	1254	1	4	3	4	1
428	722	40	42	1	2	1
429	620	7	10	2	1	3
430	1237	59	60	1	2	3
431	995	12	13	2	1	1
432	1366	61	64	1	1	1
433	470	22	24	3	2	2
434	1461	35	37	2	1	2
435	1011	58	60	3	3	2
436	322	7	9	3	2	2
437	405	35	36	1	1	1
438	616	54	55	1	4	2
439	1642	39	42	3	3	2
440	1466	18	19	1	4	3
441	1696	30	31	3	4	2
442	869	27	30	2	4	1
443	1073	34	36	2	3	2
444	628	26	27	3	4	1
445	755	12	15	1	2	2
446	997	33	36	2	3	2
447	1603	13	16	2	4	3
448	697	24	26	3	2	1
449	1595	51	53	2	2	3
450	1692	49	51	1	1	1
451	1747	41	44	1	2	1
452	883	21	24	2	3	1
453	227	48	50	3	3	3
454	1415	34	37	3	2	2
455	1460	26	29	1	3	2
456	1436	8	9	2	2	1
457	1607	11	13	3	2	1
458	1676	44	45	1	4	1
459	1202	55	57	2	4	3
460	896	7	9	1	1	2
461	1111	3	5	2	2	2
462	1359	29	31	2	2	1
463	604	15	18	2	2	3
464	377	57	60	2	1	3
465	606	4	5	3	4	1
466	1163	2	4	2	3	1
467	1251	36	38	1	2	1
468	1753	17	20	3	1	1
469	31	58	60	2	2	2
470	621	22	24	2	2	3
471	1209	27	30	3	2	2
472	1454	20	23	2	3	2
473	701	16	19	3	4	2
474	16	21	22	3	2	2
475	858	11	14	2	3	1
476	548	49	50	3	4	3
477	303	20	23	1	4	3
478	495	60	61	3	2	2
479	87	62	63	2	3	2
480	1221	57	58	2	1	3
481	643	59	60	3	1	3
482	979	28	31	1	2	3
483	683	5	6	1	4	1
484	1308	35	38	2	3	3
485	1121	25	26	1	2	3
486	1241	58	59	2	2	3
487	1548	20	22	3	4	3
488	1245	59	62	1	3	2
489	806	34	37	1	4	3
490	810	60	63	1	1	2
491	1065	6	8	3	4	2
492	1007	3	6	3	1	3
493	14	29	30	3	3	3
494	1711	54	56	3	4	3
495	918	54	56	2	1	2
496	1257	54	56	2	1	2
497	163	39	42	3	3	3
498	983	48	51	2	4	2
499	1087	35	36	2	2	3
500	336	50	53	1	2	1
501	711	49	51	2	3	1
502	488	21	23	3	3	2
503	777	22	25	3	1	3
504	671	4	7	3	4	1
505	1380	33	35	3	3	2
506	630	35	37	1	4	2
507	341	16	19	3	4	1
508	936	35	37	3	3	1
509	876	40	42	3	1	1
510	68	49	51	3	4	1
511	1337	3	6	1	2	3
512	496	58	61	2	1	1
513	1184	44	47	3	2	3
514	581	26	29	3	2	3
515	383	12	15	3	3	1
516	1145	39	40	2	3	1
517	1541	48	49	2	2	2
518	1379	15	18	2	3	2
519	395	17	18	3	4	2
520	511	1	4	2	1	1
521	1344	10	11	2	1	1
522	53	2	4	2	4	1
523	161	47	48	2	3	3
524	259	33	35	2	4	2
525	33	38	41	1	3	1
526	1639	6	7	2	3	3
527	1664	14	16	3	2	3
528	557	34	36	2	3	2
529	202	36	38	3	3	3
530	195	14	16	3	4	3
531	1012	13	15	1	4	2
532	482	21	24	3	1	2
533	1180	20	21	3	1	3
534	1183	59	60	1	4	2
535	1579	6	7	1	3	1
536	1441	16	17	3	2	1
537	544	28	30	1	3	1
538	1480	38	40	3	1	1
539	1509	59	62	2	4	1
540	1687	62	63	2	2	3
541	738	57	60	1	1	1
542	1343	37	38	1	2	3
543	1348	45	46	3	1	2
544	255	9	12	1	2	1
545	1320	54	55	2	4	3
546	1748	39	40	2	1	3
547	546	45	47	3	3	2
548	1526	27	30	3	3	3
549	1405	16	17	3	2	3
550	1155	1	3	1	3	1
551	1056	5	8	3	3	1
552	3	10	11	3	1	3
553	1506	9	10	2	4	2
554	595	25	27	3	1	2
555	216	57	59	1	1	2
556	1736	25	26	3	2	1
557	1671	42	44	3	1	3
558	950	34	37	1	1	3
559	1321	63	64	1	4	1
560	109	14	17	2	4	2
561	480	59	62	3	3	3
562	877	45	47	3	4	1
563	139	8	9	3	2	3
564	1417	44	45	1	1	3
565	441	42	43	1	2	1
566	252	27	30	3	2	2
567	287	40	42	3	2	3
568	62	54	56	1	4	2
569	1710	49	51	2	1	3
570	627	43	44	1	3	1
571	234	45	48	3	1	2
572	1659	47	48	1	4	3
573	934	5	8	3	1	2
574	1581	41	42	1	2	1
575	982	25	27	3	3	2
576	1036	2	3	1	2	2
577	680	4	7	2	3	2
578	1300	39	41	3	3	1
579	1319	3	6	1	4	3
580	817	7	10	3	2	3
581	1225	16	19	2	4	1
582	1390	56	57	2	1	2
583	880	6	7	3	1	1
584	1008	21	22	1	3	1
585	1024	2	3	2	1	3
586	685	10	11	3	4	3
587	713	60	61	1	1	2
588	754	31	32	3	3	3
589	268	22	23	1	2	2
590	657	11	13	3	2	3
591	323	22	24	1	4	3
592	1336	33	36	2	4	2
593	487	51	54	1	4	3
594	652	2	3	2	2	1
595	403	50	52	2	3	2
596	1542	51	52	2	4	1
597	1322	9	11	2	1	3
598	133	44	45	2	2	3
599	59	40	41	1	1	2
600	1283	26	27	1	4	3
601	1259	5	7	1	1	1
602	1510	54	57	2	3	3
603	119	47	49	3	2	2
604	573	41	43	1	2	3
605	1046	39	40	1	2	2
606	615	1	3	2	1	2
607	1585	3	6	1	2	1
608	1646	36	39	1	1	2
609	582	54	57	3	4	3
610	830	55	56	3	4	3
611	253	42	45	1	2	1
612	1265	59	60	1	1	1
613	1707	23	26	2	3	1
614	1773	52	53	2	4	1
615	368	18	21	3	2	2
616	1340	61	62	2	3	3
617	428	5	8	1	3	1
618	205	8	11	2	3	2
619	1311	12	13	3	1	2
620	1677	39	42	2	1	1
621	1524	23	26	1	2	1
622	971	1	4	1	2	1
623	1095	29	31	2	1	3
624	1370	34	35	3	4	3
625	432	33	35	3	2	3
626	769	13	16	3	2	1
627	857	10	11	1	1	2
628	569	38	40	1	4	1
629	1558	11	13	2	2	1
630	1165	20	23	2	1	2
631	902	29	31	2	4	1
632	933	33	34	1	1	3
633	1762	62	64	1	4	1
634	1457	43	45	2	2	2
635	676	21	23	1	4	1
636	473	44	47	1	2	3
637	743	22	25	1	2	2
638	590	39	42	3	2	3
639	1346	28	30	3	4	1
640	136	42	45	1	3	3
641	771	38	39	1	3	2
642	102	56	59	2	1	3
643	862	17	20	3	3	3
644	764	40	41	1	3	2
645	1013	41	44	1	2	2
646	1113	4	5	2	2	1
647	454	39	42	1	1	1
648	106	8	10	1	3	1
649	302	47	49	1	4	1
650	1476	6	8	3	3	1
651	1577	30	32	3	2	2
652	124	17	20	1	4	2
653	1511	11	12	1	2	2
654	1023	32	33	3	2	1
655	1556	43	46	3	1	2
656	1493	1	4	1	2	3
657	402	48	49	3	3	1
658	1102	59	60	3	1	1
659	270	41	44	3	4	3
660	365	34	37	1	3	2
661	324	58	59	3	1	2
662	523	35	36	1	3	1
663	938	39	40	2	4	1
664	218	31	34	2	3	2
665	619	16	19	2	4	3
666	1604	36	39	3	4	3
667	1231	51	53	1	1	2
668	1124	47	50	2	1	2
669	1282	55	58	1	3	1
670	637	62	63	2	2	3
671	959	31	33	2	3	3
672	1118	49	52	2	1	3
673	568	4	5	2	4	3
674	1679	57	58	3	1	1
675	499	9	12	3	2	2
676	1125	40	41	1	2	2
677	1035	46	48	1	1	2
678	1759	22	23	2	3	2
679	1334	50	53	3	1	3
680	315	42	44	3	3	2
681	464	18	21	1	4	1
682	1091	24	25	2	3	3
683	342	6	8	1	3	2
684	688	26	29	2	3	1
685	1464	58	61	1	3	2
686	324	47	49	3	2	2
687	1234	57	58	2	3	1
688	1004	11	13	1	1	1
689	1117	25	27	1	2	2
690	27	22	25	1	2	2
691	1068	1	3	2	3	1
692	1642	15	18	2	2	1
693	1688	29	32	3	3	3
694	470	47	48	3	2	3
695	848	25	28	1	3	1
696	819	2	4	2	3	3
697	397	59	61	1	3	2
698	1178	10	11	1	1	2
699	1517	6	7	2	2	2
700	508	19	22	3	3	3
701	1160	19	20	1	4	3
702	1383	51	52	2	2	2
703	94	46	48	3	3	1
704	41	2	4	1	2	1
705	1504	59	62	3	4	2
706	1473	21	24	3	4	3
707	687	16	19	1	3	3
708	6	14	16	2	2	2
709	1059	23	25	3	4	2
710	1355	53	56	1	1	1
711	1120	43	46	2	4	1
712	1020	10	11	1	4	3
713	429	47	50	3	1	2
714	60	16	19	2	3	2
715	1396	5	6	3	1	1
716	1090	31	33	3	4	1
717	307	20	23	2	1	1
718	351	14	15	1	4	3
719	1408	21	23	3	2	3
720	1571	55	56	1	4	3
721	1370	16	18	3	3	2
722	656	27	28	2	1	1
723	1238	20	23	2	1	3
724	1354	6	9	1	4	3
725	403	25	28	1	2	2
726	76	44	47	2	1	2
727	965	5	6	3	4	3
728	740	51	53	1	2	2
729	1484	15	18	3	2	3
730	249	11	12	1	4	2
731	809	29	32	1	2	2
732	890	40	41	2	3	1
733	747	58	60	1	4	2
734	378	53	56	2	4	1
735	790	34	37	3	1	1
736	1401	7	10	2	2	1
737	1498	10	11	3	3	3
738	504	38	40	1	3	2
739	755	36	38	3	2	2
740	1420	17	19	1	1	3
741	82	55	57	1	4	3
742	110	9	12	2	2	1
743	898	47	48	3	2	3
744	67	13	16	3	3	2
745	1281	16	19	1	2	3
746	1513	59	62	3	2	2
747	1350	63	64	1	2	3
748	1453	44	47	3	4	3
749	357	51	53	1	1	2
750	544	10	12	3	3	1
751	46	47	48	3	1	2
752	304	37	39	2	3	3
753	1440	1	4	1	2	3
754	1583	30	33	3	3	3
755	792	30	31	3	4	1
756	232	44	45	2	2	2
757	239	34	37	2	1	3
758	670	30	33	1	1	2
759	610	28	29	1	3	1
760	963	44	45	1	3	1
761	1667	39	42	2	1	3
762	238	8	11	1	2	1
763	42	27	28	2	1	1
764	1498	31	34	1	1	2
765	721	44	47	1	2	1
766	1334	28	29	3	3	1
767	626	9	12	3	3	1
768	824	12	14	2	4	3
769	177	13	14	1	4	3
770	465	28	29	3	4	2
771	1694	30	31	2	1	3
772	444	11	13	1	4	1
773	1263	35	38	1	3	2
774	1044	5	7	1	1	3
775	717	1	4	2	1	2
776	1693	23	24	3	2	1
777	514	43	45	3	2	3
778	1576	44	45	3	1	3
779	1386	27	30	1	2	2
780	1220	48	50	2	1	1
781	185	12	15	1	2	1
782	1045	21	24	1	1	3
783	760	17	20	1	4	1
784	860	5	8	3	2	1
785	248	3	5	3	1	2
786	639	58	59	1	2	2
787	922	7	9	1	3	1
788	1084	12	15	1	3	1
789	822	58	61	2	2	2
790	1469	53	54	2	1	2
791	57	19	21	1	1	3
792	614	44	46	3	1	3
793	1106	22	25	1	4	1
794	851	30	31	2	2	1
795	1722	6	9	3	2	2
796	1445	8	9	1	3	2
797	1589	52	54	3	3	1
798	972	61	63	1	3	2
799	578	53	56	2	3	2
800	1545	25	28	1	4	3
801	1077	11	14	3	3	3
802	1285	20	21	3	3	3
803	1013	16	17	1	1	2
804	1208	40	42	2	3	2
805	1485	51	52	3	3	3
806	661	1	4	3	2	3
807	585	30	32	3	3	1
808	1330	42	43	3	3	1
809	1226	41	42	1	4	2
810	1176	61	64	1	1	2
811	326	35	37	1	2	1
812	513	49	50	1	1	3
813	450	46	47	3	2	2
814	1719	26	27	3	3	3
815	1756	31	33	3	3	2
816	866	30	32	3	3	2
817	1678	27	30	2	3	1
818	834	19	20	3	1	1
819	396	37	38	2	2	1
820	426	50	52	2	2	2
821	1374	32	35	3	2	2
822	932	23	26	2	4	2
823	73	28	30	3	1	1
824	1192	33	35	2	3	3
825	1519	30	33	2	4	2
826	1019	19	22	3	2	2
827	1333	12	15	2	1	2
828	233	4	6	1	4	2
829	1435	11	12	3	1	1
830	37	24	25	1	2	1
831	1438	37	39	3	1	2
832	74	49	50	1	2	3
833	1675	40	42	3	1	1
834	970	29	31	3	2	3
835	1232	27	29	1	2	2
836	889	23	26	3	4	3
837	170	2	3	3	3	2
838	1647	38	40	2	1	1
839	1392	56	57	2	1	2
840	472	5	7	1	2	2
841	1534	57	60	3	2	1
842	1472	45	47	2	2	3
843	1566	43	45	2	3	1
844	1634	52	53	2	1	2
845	827	27	29	3	2	3
846	322	48	49	2	4	2
847	386	20	23	2	2	2
848	1293	55	57	3	2	3
849	1567	48	49	2	1	3
850	1499	29	32	1	2	1
851	1418	11	12	3	3	1
852	22	59	62	3	2	1
853	597	44	45	1	3	3
854	666	14	16	3	1	1
855	756	40	41	3	4	2
856	829	2	4	2	1	3
857	30	50	53	3	3	3
858	489	2	3	3	1	2
859	415	45	48	1	3	2
860	214	29	31	3	2	3
861	1128	25	26	3	2	2
862	1207	47	50	3	1	3
863	1296	2	5	1	2	3
864	483	22	25	3	4	1
865	69	37	39	3	4	2
866	1690	50	52	3	1	3
867	1751	35	38	2	2	1
868	1236	32	35	1	4	1
869	607	5	7	1	4	1
870	404	23	24	3	1	1
871	1398	31	33	1	2	1
872	1318	14	15	2	3	1
873	1166	27	29	1	1	2
874	1463	52	55	3	2	3
875	1611	60	62	2	1	2
876	1083	15	18	2	4	2
877	1062	4	7	2	4	1
878	871	49	52	3	1	2
879	823	54	56	3	4	2
880	682	62	64	1	3	3
881	1213	8	9	2	3	3
882	1726	53	54	2	1	1
883	1092	40	43	2	1	3
884	1143	59	61	1	3	1
885	1110	46	49	3	2	1
886	959	29	31	3	1	2
887	1557	57	60	1	2	3
888	1250	60	63	2	4	3
889	1105	21	24	3	2	1
890	951	4	6	3	2	1
891	330	5	8	2	1	2
892	1699	36	37	1	1	2
893	1003	55	57	2	1	2
894	1684	43	46	1	3	3
895	1362	35	36	2	1	3
896	1025	42	43	3	1	1
897	1305	60	63	2	4	2
898	214	20	23	3	4	2
899	1410	10	12	3	4	1
900	1230	23	24	3	3	1
901	1269	34	36	1	3	1
902	507	16	19	2	3	3
903	709	1	3	3	2	2
904	1500	24	25	2	2	2
905	493	41	43	1	4	1
906	534	59	61	3	2	2
907	1142	34	37	1	2	1
908	1663	32	33	1	2	1
909	1189	59	60	2	2	2
910	1080	52	53	2	2	2
911	1766	2	5	3	1	2
912	1272	23	25	1	1	2
913	1555	48	50	1	2	3
914	1496	16	18	2	1	2
915	1194	26	28	3	3	1
916	828	3	4	1	1	2
917	814	41	42	1	1	1
918	798	37	38	3	1	2
919	745	23	26	3	4	3
920	613	2	3	1	2	2
921	313	28	29	1	2	3
922	1487	18	19	2	3	2
923	1703	19	20	2	3	3
924	841	40	42	3	4	3
925	1633	56	58	1	2	1
926	146	3	4	3	2	3
927	629	31	34	3	1	2
928	1201	56	58	3	2	3
929	142	47	49	2	2	1
930	842	31	34	3	4	3
931	105	11	14	3	1	1
932	958	13	14	3	4	2
933	199	20	23	1	4	1
934	1179	28	30	1	1	2
935	486	26	28	2	1	3
936	912	52	53	2	4	3
937	1352	47	50	1	4	1
938	1223	41	42	2	1	2
939	746	26	29	2	4	3
940	1373	51	54	3	3	1
941	856	9	12	2	4	2
942	1532	33	35	1	2	1
943	843	17	18	2	3	1
944	226	43	46	2	4	2
945	1543	8	10	3	1	2
946	600	5	8	2	4	1
947	532	57	59	1	3	3
948	1159	32	35	1	2	2
949	1358	44	47	1	4	3
950	502	35	36	2	3	2
951	462	14	16	1	2	2
952	1578	36	39	1	3	2
953	475	58	61	2	4	2
954	276	59	62	1	1	2
955	1459	25	27	1	4	1
956	1399	25	26	1	2	1
957	17	31	34	3	4	3
958	820	58	60	2	1	1
959	730	31	34	3	1	3
960	213	17	18	1	2	2
961	931	22	25	3	4	2
962	1167	56	57	2	4	1
963	443	13	15	3	3	3
964	654	25	27	3	2	3
965	1171	10	12	1	2	3
966	1300	58	60	2	2	3
967	242	23	25	2	2	3
968	159	25	27	2	3	3
969	439	10	11	2	4	3
970	1422	4	5	1	4	3
971	774	40	43	3	1	2
972	1424	46	49	3	1	1
973	1764	3	4	3	3	2
974	838	47	48	3	1	2
975	762	6	9	2	4	3
976	741	33	36	2	2	1
977	1027	32	35	1	4	2
978	1483	21	24	1	1	2
979	1067	40	41	1	4	1
980	1572	58	59	1	3	3
981	987	31	32	2	1	3
982	1755	45	46	1	1	2
983	635	20	22	2	3	3
984	636	56	59	3	1	1
985	1394	12	14	3	3	2
986	43	38	39	2	1	3
987	1609	55	58	1	3	2
988	56	18	19	2	1	1
989	126	37	39	3	1	2
990	562	21	22	2	2	3
991	347	1	2	1	2	2
992	252	31	33	3	1	2
993	536	48	51	3	1	2
994	461	35	36	3	4	3
995	281	6	7	1	4	2
996	1522	38	40	3	4	3
997	699	32	35	2	3	3
998	206	3	4	3	2	1
999	1763	3	6	2	4	1
1000	640	13	15	3	4	3
1001	907	10	13	1	4	2
1002	1482	55	58	3	2	3
1003	1	55	57	1	1	3
1004	926	15	16	3	2	3
1005	559	33	36	1	2	1
1006	1055	18	21	3	2	2
1007	644	35	38	1	3	3
1008	526	60	62	3	1	3
1009	973	19	20	3	4	2
1010	1406	59	61	2	3	1
1011	1434	11	13	3	1	1
1012	1210	3	4	3	1	1
1013	653	36	37	1	4	3
1014	712	53	55	1	2	3
1015	77	11	12	2	2	3
1016	254	20	22	3	1	1
1017	1686	27	28	2	4	1
1018	183	25	28	1	4	2
1019	786	29	31	3	4	1
1020	1135	28	29	3	4	3
1021	1288	29	32	3	2	3
1022	501	20	23	2	3	3
1023	437	17	20	3	2	1
1024	280	34	37	2	2	3
1025	800	21	23	3	4	2
1026	1096	56	58	1	2	2
1027	1380	48	50	2	1	1
1028	956	3	4	3	1	1
1029	1064	5	6	3	1	3
1030	1297	20	21	2	3	1
1031	1037	27	29	2	4	3
1032	1097	2	5	1	1	3
1033	723	56	57	2	1	3
1034	271	39	41	3	3	1
1035	376	54	57	2	3	3
1036	1332	46	49	1	1	2
1037	1540	36	39	3	1	2
1038	1594	5	6	1	4	2
1039	1507	50	51	3	1	3
1040	715	45	48	2	1	2
1041	1760	49	51	3	1	2
1042	1047	19	22	3	2	3
1043	1377	59	61	2	2	1
1044	1160	27	30	2	1	2
1045	836	58	60	3	1	1
1046	1205	41	44	3	4	2
1047	77	20	21	2	3	1
1048	1750	1	4	2	1	2
1049	1158	51	54	1	3	3
1050	1193	5	7	3	4	3
1051	116	19	20	3	4	2
1052	612	20	22	2	3	2
1053	1528	13	15	3	3	1
1054	698	23	24	3	2	1
1055	354	53	56	2	3	1
1056	1211	32	34	1	3	2
1057	1706	29	32	2	3	2
1058	663	23	26	3	4	3
1059	138	35	37	1	1	1
1060	1036	56	59	3	2	2
1061	445	55	56	2	3	3
1062	577	38	39	3	3	3
1063	406	2	4	1	2	2
1064	1228	54	56	2	4	2
1065	1016	17	19	2	1	2
1066	108	26	29	3	4	2
1067	528	31	34	3	3	3
1068	1138	19	22	1	3	1
1069	1631	59	61	1	3	3
1070	708	41	42	3	4	2
1071	1312	16	18	1	3	1
1072	618	8	11	1	4	2
1073	1465	35	36	3	4	2
1074	705	3	6	3	2	3
1075	967	47	49	2	4	2
1076	111	26	27	3	4	3
1077	477	9	12	2	4	1
1078	1672	27	30	2	4	2
1079	180	9	12	1	4	3
1080	1368	34	35	2	2	2
1081	463	4	7	3	1	1
1082	1234	31	34	1	4	1
1083	299	36	38	1	1	3
1084	1402	1	2	2	1	1
1085	684	19	22	2	3	3
1086	1388	25	26	1	3	2
1087	278	36	39	2	3	3
1088	1624	48	50	2	1	3
1089	316	37	40	3	2	3
1090	1272	45	46	3	3	2
1091	1561	31	32	3	4	2
1092	1272	38	40	1	3	1
1093	72	26	27	1	3	2
1094	761	49	51	2	3	2
1095	903	8	10	3	1	2
1096	1512	14	17	2	2	2
1097	12	41	44	2	3	1
1098	1374	52	53	1	3	1
1099	1335	44	46	2	1	1
1100	275	40	43	2	2	3
1101	778	62	63	1	3	2
1102	1619	39	42	2	2	3
1103	1667	53	56	2	2	1
1104	893	35	38	3	2	1
1105	1599	10	13	1	4	3
1106	1324	53	56	2	4	2
1107	1674	60	62	1	2	1
1108	1635	10	13	3	1	3
1109	789	36	39	3	2	1
1110	1728	32	33	2	1	2
1111	1458	4	5	1	1	2
1112	1287	26	28	3	4	2
1113	9	9	10	1	4	3
1114	58	2	4	3	3	3
1115	1014	45	48	3	1	2
1116	1529	28	30	3	4	3
1117	845	7	10	1	4	1
1118	1573	5	6	3	4	3
1119	672	51	54	2	3	1
1120	1338	39	42	2	3	1
1121	469	11	14	2	3	2
1122	675	52	54	3	4	3
1123	737	17	18	2	1	3
1124	77	15	16	1	3	3
1125	1188	61	62	3	3	2
1126	1059	33	35	2	2	3
1127	625	42	43	1	2	1
1128	1157	3	4	3	1	2
1129	763	17	20	2	4	1
1130	1530	60	61	1	1	3
1131	1617	17	20	3	3	1
1132	311	13	14	1	2	1
1133	1246	21	24	3	4	3
1134	181	1	4	3	2	1
1135	399	13	16	2	1	3
1136	453	35	37	3	3	2
1137	1661	34	37	3	4	1
1138	220	58	60	1	3	2
1139	1490	39	40	1	1	2
1140	994	9	11	3	1	1
1141	1139	57	58	1	1	1
1142	594	8	11	2	4	3
1143	565	46	47	3	2	1
1144	650	7	9	3	3	1
1145	231	42	45	3	4	2
1146	358	37	40	2	3	3
1147	1228	36	39	1	4	3
1148	118	43	45	1	3	1
1149	394	8	10	3	3	1
1150	1575	57	59	1	2	2
1151	939	52	55	2	4	2
1152	531	59	61	1	2	1
1153	15	57	59	1	3	3
1154	944	42	44	1	1	2
1155	147	36	39	1	4	2
1156	1088	27	30	2	1	2
1157	272	47	50	2	1	2
1158	64	45	46	2	2	2
1159	32	13	16	3	2	2
1160	186	22	25	1	2	3
1161	779	9	10	1	4	2
1162	1425	43	44	3	1	2
1163	1317	26	28	3	1	1
1164	1629	1	3	1	2	1
1165	373	30	32	1	4	1
1166	86	37	40	3	3	2
1167	805	49	51	1	1	1
1168	752	1	2	3	3	1
1169	551	17	19	2	3	1
1170	1307	19	21	1	2	3
1171	726	36	39	1	4	2
1172	588	4	7	3	1	3
1173	1260	51	54	3	3	1
1174	1474	1	3	1	4	1
1175	80	45	47	1	2	3
1176	1126	16	17	1	2	3
1177	927	12	15	1	3	2
1178	1187	29	31	2	3	3
1179	1652	1	2	1	2	1
1180	257	31	34	3	3	3
1181	1162	5	7	2	2	3
1182	1348	25	28	1	3	3
1183	1698	36	38	1	4	1
1184	65	28	29	2	4	2
1185	398	11	14	1	4	3
1186	291	42	45	3	1	3
1187	873	21	22	2	2	1
1188	1331	52	55	2	1	1
1189	719	58	60	2	1	3
1190	1214	6	7	2	3	1
1191	1073	45	48	2	2	3
1192	467	41	42	2	1	3
1193	879	2	4	1	3	2
1194	1029	56	57	1	3	3
1195	1386	18	19	3	4	3
1196	458	21	22	3	2	2
1197	436	1	2	3	3	1
1198	1501	49	51	3	3	1
1199	237	42	44	2	1	2
1200	449	34	36	1	4	1
1201	1395	31	33	1	1	2
1202	1249	32	33	1	2	2
1203	295	10	12	1	1	2
1204	547	51	54	3	1	1
1205	1551	35	37	1	2	3
1206	1217	20	21	3	2	1
1207	1172	53	55	3	3	1
1208	681	58	61	1	3	1
1209	1200	42	43	1	1	3
1210	980	6	8	3	1	2
1211	1268	7	8	2	4	2
1212	1109	1	3	1	3	1
1213	513	23	24	1	2	2
1214	1482	13	14	1	1	2
1215	505	31	33	2	2	2
1216	689	16	17	3	3	1
1217	256	41	43	3	4	3
1218	1018	53	56	1	1	2
1219	1280	45	46	1	3	1
1220	1536	56	58	1	1	1
1221	529	20	21	3	4	1
1222	161	50	51	2	4	1
1223	1706	60	62	2	4	1
1224	865	26	27	3	3	2
1225	775	4	6	3	3	2
1226	321	45	47	2	1	1
1227	1630	22	24	1	3	3
1228	66	22	24	1	2	2
1229	1199	60	61	1	1	3
1230	1082	10	13	1	1	2
1231	452	7	8	2	1	3
1232	512	31	32	2	4	1
1233	327	41	44	2	4	2
1234	984	2	3	1	4	1
1235	1475	3	6	2	1	3
1236	693	14	15	2	2	1
1237	736	39	42	1	2	3
1238	803	13	15	3	1	1
1239	349	60	62	1	2	2
1240	541	34	37	2	3	3
1241	169	50	53	3	1	3
1242	224	50	52	2	2	3
1243	5	25	28	3	1	2
1244	1425	48	51	1	1	3
1245	1276	52	55	3	4	2
1246	1273	58	61	3	1	2
1247	1709	6	9	2	1	3
1248	952	12	14	1	1	1
1249	852	23	26	2	1	1
1250	1286	22	24	1	2	2
1251	1450	2	4	1	2	1
1252	217	20	23	3	1	1
1253	163	17	20	2	2	3
1254	26	58	61	1	1	2
1255	1367	28	30	3	3	2
1256	1552	54	55	2	4	1
1257	1682	50	52	1	4	3
1258	425	25	28	1	4	1
1259	753	22	23	1	3	1
1260	176	13	14	3	1	3
1261	917	43	46	3	1	1
1262	155	48	50	3	3	1
1263	390	28	30	1	2	2
1264	1435	32	33	3	1	3
1265	522	4	6	2	1	3
1266	1649	38	39	3	3	2
1267	749	16	19	2	1	2
1268	267	27	29	1	2	3
1269	780	10	13	3	1	3
1270	1227	30	31	3	2	3
1271	1740	39	41	2	4	2
1272	228	7	10	2	3	2
1273	141	59	62	2	4	1
1274	731	57	60	3	4	2
1275	1449	19	20	2	1	3
1276	24	3	5	3	2	2
1277	1754	31	34	3	1	3
1278	767	13	16	1	4	2
1279	166	17	20	1	1	3
1280	340	30	31	3	1	1
1281	502	27	30	2	4	1
1282	969	1	3	3	3	2
1283	1432	34	37	2	1	1
1284	516	12	14	3	1	1
1285	744	6	8	2	1	3
1286	728	59	60	3	4	1
1287	1122	3	5	2	1	2
1288	1051	21	23	2	1	1
1289	891	13	15	2	3	1
1290	1449	27	30	3	2	3
1291	655	15	18	1	4	3
1292	387	25	26	1	2	2
1293	759	47	49	3	2	3
1294	1000	38	41	1	4	2
1295	345	1	4	2	2	2
1296	1174	11	13	1	1	3
1297	39	20	21	1	2	2
1298	381	43	44	1	2	3
1299	196	48	51	2	3	3
1300	1156	44	47	1	4	2
1301	992	57	59	1	3	1
1302	539	22	23	2	1	2
1303	1064	8	11	1	2	2
1304	1380	18	19	3	1	1
1305	476	47	50	1	4	3
1306	485	31	34	1	4	1
1307	127	46	49	2	1	1
1308	910	4	6	1	2	1
1309	1664	59	60	3	3	1
1310	474	57	60	1	3	2
1311	878	40	41	3	1	3
1312	440	6	9	2	1	1
1313	230	6	7	2	4	3
1314	1381	36	38	2	4	1
1315	1175	15	16	2	1	1
1316	757	43	46	3	4	1
1317	785	13	16	2	1	2
1318	993	4	7	2	2	3
1319	1745	48	49	1	4	3
1320	1437	8	9	3	1	1
1321	418	34	35	1	4	3
1322	27	46	49	2	2	1
1323	1523	26	29	1	1	3
1324	171	25	27	2	4	3
1325	550	19	20	3	2	1
1326	1050	56	58	1	3	1
1327	1191	16	18	1	4	1
1328	622	24	25	1	4	3
1329	601	6	9	2	4	2
1330	1218	22	24	2	4	2
1331	667	59	62	2	2	3
1332	167	2	4	3	2	1
1333	1369	59	61	1	3	1
1334	261	25	27	3	2	2
1335	816	33	34	3	1	3
1336	494	46	47	1	1	2
1337	170	32	35	1	1	3
1338	491	2	5	1	1	1
1339	175	29	32	3	2	3
1340	1292	40	42	3	2	2
1341	649	22	25	2	4	3
1342	55	21	23	2	4	3
1343	1626	10	12	1	3	3
1344	1489	48	50	3	3	2
1345	20	28	29	3	3	2
1346	221	14	16	3	3	3
1347	651	42	44	1	1	3
1348	1181	53	56	1	1	3
1349	1744	10	13	1	1	2
1350	1442	48	50	1	3	2
1351	289	35	38	3	2	3
1352	519	12	14	1	2	2
1353	1575	57	59	2	4	3
1354	704	7	8	3	2	3
1355	1518	11	12	2	4	1
1356	222	33	36	2	1	1
1357	916	33	36	1	1	2
1358	151	14	16	1	4	3
1359	1714	52	53	3	1	3
1360	445	36	39	3	1	1
1361	121	38	41	1	3	3
1362	128	13	14	1	4	2
1363	524	48	50	1	1	2
1364	236	9	10	1	3	1
1365	1446	22	25	3	4	1
1366	1660	48	51	3	1	2
1367	7	51	53	1	3	3
1368	1078	2	4	2	1	3
1369	1608	35	37	2	4	3
1370	1535	25	28	1	4	1
1371	937	29	31	2	3	2
1372	1021	27	30	1	3	3
1373	740	27	29	1	1	2
1374	888	42	43	1	2	3
1375	1445	49	50	1	2	3
1376	848	32	33	2	3	3
1377	434	54	55	1	1	3
1378	305	60	63	1	4	2
1379	564	7	10	2	2	2
1380	1739	30	33	2	1	3
1381	1159	39	42	3	3	2
1382	692	8	11	2	2	1
1383	1608	58	60	1	1	3
1384	1767	7	8	3	2	2
1385	1400	41	42	1	3	2
1386	1426	3	6	3	4	1
1387	1089	40	42	2	4	3
1388	1593	50	53	1	4	1
1389	133	5	8	2	1	3
1390	1086	20	23	3	2	2
1391	751	58	60	2	3	2
1392	266	57	58	1	2	2
1393	1041	23	25	2	1	3
1394	894	23	25	3	3	3
1395	309	15	16	3	1	1
1396	207	34	36	3	4	2
1397	290	58	61	3	1	3
1398	305	36	37	2	2	2
1399	829	30	32	1	3	2
1400	246	4	7	1	2	3
1401	1072	1	4	3	3	3
1402	1306	12	14	1	2	3
1403	1252	16	18	2	3	2
1404	1730	15	17	3	2	1
1405	853	17	18	1	4	2
1406	923	4	5	1	3	2
1407	1093	4	7	2	4	1
1408	978	58	59	3	1	2
1409	527	25	27	3	3	1
1410	285	17	18	3	1	2
1411	389	16	17	3	4	1
1412	243	36	38	2	2	2
1413	850	54	55	1	3	2
1414	1015	4	7	3	4	1
1415	748	4	6	3	2	1
1416	658	6	9	2	3	3
1417	1152	15	18	3	3	1
1418	492	5	6	2	4	2
1419	1104	54	56	2	4	1
1420	1637	53	56	3	4	1
1421	545	16	19	3	1	1
1422	783	55	58	3	2	2
1423	377	17	18	2	2	1
1424	23	27	29	2	4	3
1425	1196	8	10	3	2	3
1426	943	17	20	3	2	2
1427	90	26	29	3	2	1
1428	1073	9	12	1	3	3
1429	1060	25	26	2	2	1
1430	318	11	12	3	1	3
1431	1391	38	39	2	3	2
1432	49	59	61	2	2	1
1433	1708	45	46	1	2	3
1434	1681	4	6	3	1	3
1435	844	5	6	2	3	3
1436	1054	14	16	3	1	1
1437	924	12	14	2	2	1
1438	1105	2	5	1	1	3
1439	1256	33	36	2	2	2
1440	407	29	31	1	2	2
1441	451	32	33	3	1	1
1442	1133	56	57	2	1	3
1443	631	16	17	1	3	1
1444	1503	63	64	1	2	1
1445	1648	4	7	1	2	2
1446	251	12	15	3	3	1
1447	1224	16	18	1	2	3
1448	288	2	3	3	4	2
1449	729	57	60	1	3	2
1450	1360	9	10	3	2	2
1451	796	17	19	1	2	1
1452	1149	2	5	1	4	1
1453	24	28	30	3	2	1
1454	1662	36	38	3	4	1
1455	1026	54	55	1	2	2
1456	1002	43	46	3	3	3
1457	1654	21	24	3	1	1
1458	314	3	4	3	3	1
1459	273	34	37	2	3	3
1460	1114	7	10	2	4	1
1461	1602	15	16	3	4	1
1462	1549	34	36	2	2	1
1463	1116	6	8	3	3	1
1464	162	7	9	3	3	1
1465	107	32	34	3	2	1
1466	1414	15	18	2	4	3
1467	665	1	3	2	2	1
1468	297	17	20	1	3	3
1469	240	54	57	1	3	1
1470	1066	19	22	2	4	3
1471	700	56	58	1	4	1
1472	1419	54	55	3	1	2
1473	91	6	7	2	2	1
1474	1725	6	9	2	4	2
1475	471	31	32	1	3	2
1476	847	2	5	2	2	3
1477	100	18	21	1	3	3
1478	521	11	14	2	4	2
1479	854	60	61	3	3	2
1480	419	6	9	2	3	2
1481	1079	52	54	1	3	3
1482	758	55	56	2	3	2
1483	112	50	51	1	4	3
1484	1738	7	8	1	1	3
1485	1752	20	23	3	2	2
1486	435	34	37	3	4	2
1487	1443	6	9	1	2	1
1488	88	8	9	2	4	1
1489	520	55	58	1	2	2
1490	1128	35	37	1	1	2
1491	872	20	22	3	3	1
1492	18	40	41	3	4	1
1493	915	46	47	3	2	2
1494	1641	56	59	1	3	3
1495	1023	49	50	3	1	2
1496	235	54	55	3	3	2
1497	1749	1	4	2	2	2
1498	1266	40	41	2	1	2
1499	914	27	28	3	4	3
1500	1074	28	29	2	2	3
1501	1071	21	23	1	2	2
1502	1448	48	50	1	2	2
1503	1299	19	22	3	1	3
1504	1048	42	45	2	3	2
1505	1409	1	4	3	3	2
1506	888	32	35	3	1	2
1507	1627	42	45	3	3	1
1508	460	15	18	3	1	1
1509	1169	4	7	3	3	1
1510	1311	40	42	3	1	1
1511	1658	20	22	3	2	2
1512	807	13	15	2	1	1
1513	417	4	6	2	3	1
1514	1705	39	42	1	1	1
1515	300	16	19	2	1	3
1516	484	44	47	2	3	1
1517	115	10	13	3	4	1
1518	1115	24	25	2	3	2
1519	605	17	20	1	1	2
1520	1255	48	49	1	4	1
1521	1099	26	28	3	2	2
1522	1727	25	28	3	4	1
1523	50	6	9	2	3	3
1524	1327	2	4	2	4	3
1525	515	52	53	1	4	2
1526	561	29	31	1	2	3
1527	279	8	9	2	3	3
1528	913	58	59	2	3	1
1529	422	30	32	1	2	1
1530	190	33	36	3	2	2
1531	1357	44	46	1	1	3
1532	433	40	42	1	1	3
1533	296	14	15	1	2	1
1534	1001	13	16	1	1	2
1535	19	16	19	1	3	2
1536	874	19	20	2	4	2
1537	1250	55	56	3	1	1
1538	478	45	46	2	2	2
1539	884	42	44	2	1	1
1540	1743	7	10	3	2	3
1541	764	57	58	1	3	2
1542	530	15	18	3	4	2
1543	369	57	59	2	3	1
1544	1428	14	16	3	2	1
1545	1632	42	45	3	2	3
1546	1580	48	50	2	1	3
1547	340	16	19	2	4	1
1548	867	11	13	1	2	1
1549	1765	56	58	3	2	2
1550	609	5	7	3	1	3
1551	510	58	61	3	3	1
1552	428	56	59	3	3	3
1553	788	45	47	1	2	3
1554	312	14	17	1	2	1
1555	500	24	26	3	4	1
1556	1771	37	38	1	3	1
1557	1702	52	54	1	4	2
1558	1452	6	8	2	2	1
1559	1586	55	57	2	1	1
1560	1197	35	38	2	1	2
1561	160	53	54	3	4	2
1562	1544	20	23	1	4	3
1563	1481	9	12	1	4	2
1564	587	57	58	3	2	3
1565	1738	62	64	1	1	2
1566	1584	36	38	3	1	1
1567	346	27	30	2	4	2
1568	1668	50	52	1	2	2
1569	1606	52	54	3	3	3
1570	724	51	54	2	4	2
1571	1101	10	11	1	2	3
1572	993	50	51	2	2	2
1573	1494	38	39	1	1	1
1574	343	44	46	2	1	1
1575	1614	11	12	3	3	1
1576	71	9	11	1	2	3
1577	1384	30	31	3	1	2
1578	648	31	32	3	4	1
1579	1505	27	30	3	3	3
1580	1017	33	36	3	3	3
1581	1274	2	5	1	1	3
1582	669	1	4	3	3	2
1583	1310	48	49	3	4	2
1584	1427	28	29	2	3	2
1585	504	5	6	2	2	2
1586	624	47	49	1	4	2
1587	1244	41	42	2	2	2
1588	974	17	20	1	4	1
1589	139	19	20	1	1	1
1590	1761	27	28	1	3	3
1591	70	39	41	1	3	2
1592	99	44	45	2	3	3
1593	1656	36	38	3	4	1
1594	208	42	45	1	2	3
1595	1429	40	41	3	2	3
1596	1103	43	44	1	3	1
1597	1253	21	22	2	1	1
1598	906	24	25	2	2	2
1599	630	10	11	3	4	3
1600	579	15	16	3	4	3
1601	682	39	40	1	2	1
1602	1620	1	3	2	1	1
1603	592	47	50	1	1	1
1604	262	14	15	3	1	1
1605	1278	52	53	1	1	3
1606	825	38	40	1	1	1
1607	1376	55	56	1	1	2
1608	981	15	18	3	2	3
1609	820	53	54	1	3	2
1610	1170	11	12	1	3	2
1611	45	49	52	2	1	2
1612	277	55	57	2	3	2
1613	1303	47	49	1	3	3
1614	749	49	51	2	4	1
1615	984	52	54	1	2	3
1616	710	45	47	1	3	2
1617	1718	25	26	1	4	1
1618	183	36	38	2	4	1
1619	554	4	6	1	3	2
1620	1767	16	19	1	4	1
1621	1261	52	54	3	2	3
1622	352	21	24	2	2	1
1623	209	47	50	3	4	3
1624	706	7	10	1	4	3
1625	1204	23	26	1	2	1
1626	673	50	51	2	1	1
1627	1734	16	17	3	3	3
1628	935	1	3	1	2	1
1629	308	18	19	3	2	2
1630	459	27	28	2	4	1
1631	179	16	18	2	2	2
1632	1221	13	16	1	2	1
1633	448	33	34	3	4	2
1634	1627	35	38	3	3	1
1635	707	20	23	1	2	2
1636	543	51	52	2	4	1
1637	1098	40	41	3	3	3
1638	1215	20	22	3	3	1
1639	1636	16	18	1	2	1
1640	1146	37	38	2	3	1
1641	421	21	24	3	2	2
1642	1177	8	9	3	2	2
1643	1533	14	17	3	2	3
1644	140	62	63	2	2	3
1645	1626	36	37	1	2	3
1646	821	56	57	1	1	1
1647	1063	55	56	3	3	2
1648	304	4	7	2	4	3
1649	576	31	34	3	1	2
1650	1553	16	18	1	1	2
1651	1771	17	18	3	3	1
1652	270	42	43	1	3	2
1653	490	26	27	3	1	2
1654	1462	40	41	1	4	2
1655	1568	8	11	1	4	2
1656	928	7	9	3	2	1
1657	563	35	38	3	1	2
1658	263	8	11	2	2	3
1659	961	11	12	1	3	3
1660	1412	38	39	1	2	3
1661	1704	49	50	1	1	2
1662	835	48	51	2	4	2
1663	1172	60	62	1	1	1
1664	178	57	59	1	2	1
1665	1311	53	55	1	4	1
1666	1514	19	21	1	2	2
1667	750	3	5	2	1	1
1668	1746	27	30	3	1	2
1669	1123	4	6	1	2	1
1670	250	22	23	3	4	3
1671	1161	20	22	3	2	2
1672	1470	14	17	1	3	3
1673	359	38	41	3	1	3
1674	416	25	28	3	1	2
1675	1206	34	37	1	3	1
1676	1053	8	11	2	2	1
1677	742	35	38	1	3	2
1678	1700	2	5	1	1	2
1679	1628	47	50	1	3	2
1680	598	41	44	1	1	2
1681	1433	42	45	2	3	2
1682	1339	26	27	3	1	3
1683	1289	55	57	3	3	3
1684	440	29	32	3	3	2
1685	172	36	37	3	4	3
1686	1009	23	24	1	4	3
1687	1341	52	55	1	1	1
1688	954	7	8	2	1	2
1689	373	60	62	1	1	1
1690	1551	30	33	3	4	2
1691	228	46	48	3	4	3
1692	331	3	5	1	3	2
1693	991	28	31	1	4	3
1694	1459	60	61	3	2	2
1695	1173	6	8	3	1	1
1696	1273	7	9	1	3	1
1697	1326	47	49	2	3	1
1698	892	28	30	2	1	2
1699	420	9	10	2	4	3
1700	1243	16	19	3	3	2
1701	897	19	21	1	3	1
1702	1038	57	58	1	3	2
1703	989	8	11	3	3	3
1704	1242	47	49	2	4	2
1705	947	52	55	1	1	2
1706	1593	18	21	2	4	3
1707	823	23	25	3	3	1
1708	734	21	22	3	1	3
1709	101	8	9	1	2	2
1710	366	8	11	1	2	3
1711	498	50	53	2	3	3
1712	1502	24	27	3	3	2
1713	1239	37	40	2	3	3
1714	674	55	58	1	4	1
1715	1472	20	22	2	4	2
1716	601	59	61	3	1	3
1717	1525	8	11	3	1	1
1718	456	34	35	1	4	3
1719	799	32	34	1	4	2
1720	727	43	44	3	4	2
1721	293	51	52	2	4	1
1722	1378	40	43	1	3	2
1723	497	44	47	2	4	1
1724	292	39	42	3	3	2
1725	1315	1	3	2	3	3
1726	735	49	51	2	4	1
1727	1711	11	14	3	3	3
1728	1599	6	8	1	2	2
1729	1112	35	36	2	2	2
1730	596	16	18	1	1	2
1731	92	48	50	2	3	2
1732	1295	21	23	2	1	1
1733	125	46	48	3	2	2
1734	840	48	50	3	2	2
1735	1569	44	45	3	2	1
1736	940	39	40	3	2	3
1737	1560	52	53	1	4	1
1738	1358	49	51	2	1	1
1739	1650	51	53	1	4	1
1740	1590	42	44	2	3	2
1741	192	58	60	1	1	2
1742	757	32	33	1	3	2
1743	1271	7	10	1	4	1
1744	1640	21	23	3	1	2
1745	1	19	22	2	1	1
1746	586	33	36	2	2	2
1747	1457	44	47	1	1	3
1748	1371	29	31	3	2	1
1749	36	54	55	2	3	3
1750	54	1	3	1	3	2
1751	870	3	5	1	3	3
1752	1722	16	19	2	3	3
1753	137	29	31	1	3	2
1754	29	60	61	3	4	3
1755	1267	58	61	3	3	1
1756	617	50	52	3	2	3
1757	1058	21	24	3	2	2
1758	953	61	62	3	4	2
1759	1665	43	46	3	1	2
1760	1216	33	34	2	1	3
1761	1190	24	25	3	2	2
1762	1492	6	7	2	4	3
1763	1685	21	23	3	2	3
1764	158	34	37	3	2	3
1765	1153	24	27	2	1	1
1766	518	37	38	2	4	2
1767	375	54	56	3	3	3
1768	61	9	11	3	4	1
1769	1644	31	34	1	2	3
1770	787	11	14	3	1	2
1771	130	52	53	1	1	2
1772	1052	19	20	1	1	2
1773	194	13	14	3	1	2
1774	773	29	30	3	2	3
1775	839	25	27	2	2	1
1776	457	28	30	3	3	1
1777	430	49	50	1	1	2
1778	1403	8	11	1	3	1
1779	1519	10	13	1	2	3
1780	1591	50	51	3	4	2
1781	766	34	36	1	4	1
1782	957	20	22	2	2	2
1783	901	36	39	1	1	2
1784	634	34	37	2	4	2
1785	1770	34	35	2	3	2
1786	879	9	12	1	3	3
1787	468	59	61	2	1	1
1788	868	2	3	3	1	2
1789	219	25	28	3	2	1
1790	1316	23	25	1	1	2
1791	1315	8	10	1	4	3
1792	79	8	11	1	2	3
1793	1613	37	39	2	4	1
1794	968	14	16	2	2	1
1795	1563	41	43	3	1	3
1796	382	51	54	1	1	1
1797	1127	43	45	2	4	3
1798	839	59	61	2	4	1
1799	1355	25	27	3	2	2
1800	168	52	53	3	2	1
1801	1329	26	28	1	1	1
1802	1297	12	14	2	1	1
1803	1717	20	22	1	4	2
1804	951	60	62	3	1	3
1805	355	12	14	2	1	1
1806	1076	40	42	1	1	1
1807	260	31	32	2	2	3
1808	1672	21	22	1	2	1
1809	503	33	34	2	1	2
1810	938	37	40	3	3	1
1811	837	45	46	2	3	2
1812	1431	11	13	1	3	3
1813	200	20	21	2	3	2
1814	114	37	38	2	2	3
1815	1039	29	30	3	4	1
1816	461	50	52	3	1	3
1817	776	61	63	2	3	1
1818	556	3	4	3	1	3
1819	1547	12	13	1	4	3
1820	752	48	49	1	3	3
1821	1235	15	17	1	1	2
1822	1279	38	40	1	3	1
1823	4	1	3	3	1	2
1824	148	46	49	3	4	1
1825	1712	42	44	3	3	3
1826	694	41	42	1	1	1
1827	320	28	29	2	1	2
1828	1588	3	4	1	1	3
1829	1144	51	54	1	1	2
1830	1270	58	60	1	1	3
1831	392	57	60	3	3	2
1832	135	27	30	2	1	2
1833	1439	49	52	3	3	1
1834	485	52	53	3	4	3
1835	668	15	18	2	3	2
1836	1081	26	28	1	3	2
1837	1386	59	60	3	4	1
1838	1298	54	57	2	2	2
1839	791	38	41	2	1	3
1840	945	44	47	3	1	2
1841	980	27	30	2	3	2
1842	1610	28	30	2	3	3
1843	198	59	61	2	4	3
1844	65	61	63	1	4	3
1845	1731	8	11	2	1	1
1846	84	4	5	1	4	1
1847	514	11	13	1	2	2
1848	1304	16	17	3	4	1
1849	509	9	11	1	2	1
1850	1456	57	59	2	2	2
1851	1250	9	12	1	3	2
1852	1387	12	13	2	4	3
1853	1546	36	38	3	2	1
1854	1596	57	59	1	3	2
1855	1262	35	38	2	2	1
1856	373	6	8	1	4	2
1857	725	26	27	1	3	3
1858	1416	6	7	1	2	1
1859	542	55	58	2	3	1
1860	864	11	12	2	4	2
1861	1413	11	13	2	2	2
1862	1411	1	2	2	4	3
1863	977	2	5	3	3	2
1864	134	47	50	2	3	2
1865	47	2	4	1	3	2
1866	364	48	50	2	1	2
1867	283	44	47	3	3	2
1868	793	13	15	3	3	2
1869	193	6	8	1	1	1
1870	587	2	4	2	2	3
1871	1203	49	51	2	4	1
1872	1092	24	25	1	1	3
1873	247	47	50	2	1	1
1874	1361	33	34	1	4	3
1875	1618	8	11	3	4	1
1876	1768	19	20	3	3	1
1877	1219	13	16	3	3	1
1878	659	22	24	1	1	2
1879	455	31	34	2	3	3
1880	1673	28	29	1	3	3
1881	1	25	26	2	1	2
1882	367	36	37	3	2	2
1883	1592	59	60	1	2	3
1884	348	20	23	2	4	2
1885	1582	14	17	1	2	2
1886	431	35	38	3	1	1
1887	1698	42	45	2	1	3
1888	517	54	57	2	4	1
1889	366	35	37	3	2	3
1890	767	37	38	3	3	1
1891	1404	31	34	2	3	3
1892	855	7	8	2	2	1
1893	642	24	25	1	3	3
1894	1723	41	42	2	3	3
1895	95	27	28	2	2	3
1896	1716	27	28	3	1	1
1897	1618	38	39	3	2	2
1898	1364	20	23	2	4	2
1899	575	16	18	3	2	1
1900	103	26	27	2	4	3
1901	229	34	36	1	2	1
1902	286	40	42	2	3	1
1903	1731	29	31	1	1	1
1904	540	51	54	2	2	1
1905	1290	10	11	1	1	2
1906	1735	31	32	2	4	2
1907	149	27	30	3	2	2
1908	319	3	6	3	4	2
1909	105	54	56	2	4	3
1910	920	19	20	3	3	3
1911	603	28	29	3	1	2
1912	1042	12	15	2	1	1
1913	533	53	54	2	2	2
1914	1356	20	23	1	4	1
1915	695	49	50	3	4	3
1916	1550	58	59	3	3	1
1917	35	61	63	1	3	3
1918	552	27	29	1	3	1
1919	225	30	31	1	1	3
1920	1148	39	40	1	3	3
1921	1488	50	52	1	4	1
1922	294	50	53	2	4	3
1923	158	47	48	3	3	1
1924	790	14	16	2	3	2
1925	1729	11	13	1	4	3
1926	690	8	11	3	3	3
1927	1565	52	53	3	2	3
1928	1538	58	60	2	2	1
1929	413	57	58	1	3	1
1930	832	13	16	3	3	3
1931	1655	33	35	1	3	1
1932	583	3	6	3	3	2
1933	909	15	16	1	4	2
1934	1643	32	34	3	4	1
1935	182	24	25	1	4	2
1936	150	47	48	1	2	2
1937	713	46	47	2	3	1
1938	1005	10	11	3	2	2
1939	1349	55	56	1	3	1
1940	863	42	44	3	3	2
1941	1695	6	8	3	2	3
1942	501	8	10	1	1	3
1943	8	50	51	3	1	2
1944	990	16	18	1	2	1
1945	1061	56	59	1	4	3
1946	1347	25	28	2	2	1
1947	1130	60	62	3	1	1
1948	781	49	52	3	3	1
1949	584	26	29	3	2	3
1950	873	35	38	2	4	2
1951	96	28	31	1	2	2
1952	1531	47	49	2	3	1
1953	75	3	5	3	4	1
1954	975	21	23	1	4	3
1955	282	53	56	2	3	1
1956	586	43	44	2	3	2
1957	388	28	30	3	4	1
1958	1031	51	52	2	3	2
1959	678	23	26	2	3	3
1960	1181	41	44	2	4	2
1961	849	47	49	1	1	2
1962	1638	37	39	2	4	1
1963	391	18	19	2	4	3
1964	976	9	10	3	1	3
1965	1479	42	45	3	1	3
1966	1222	56	58	1	1	1
1967	48	37	38	1	3	2
1968	1195	42	44	2	3	2
1969	223	56	58	1	4	2
1970	1732	44	47	3	3	1
1971	919	42	43	3	1	1
1972	1112	51	52	1	3	1
1973	1645	30	33	1	3	3
1974	423	51	53	1	2	3
1975	81	49	50	2	4	1
1976	1612	41	43	1	2	2
1977	1757	1	3	3	4	1
1978	374	31	32	3	2	3
1979	1389	57	60	1	2	2
1980	351	29	32	1	1	1
1981	446	55	58	1	1	1
1982	895	53	56	1	4	3
1983	1310	18	21	2	1	3
1984	905	6	7	2	3	1
1985	458	39	42	1	2	3
1986	117	10	13	3	4	1
1987	356	15	16	2	3	2
1988	881	48	49	3	2	3
1989	696	3	6	2	1	1
1990	988	55	57	1	4	2
1991	664	18	19	2	3	3
1992	210	19	20	1	2	1
1993	1314	54	55	1	1	1
1994	1302	56	59	1	2	1
1995	1670	57	58	1	3	1
1996	813	26	28	1	3	2
1997	1236	4	7	2	2	3
1998	1313	57	60	2	4	1
1999	795	29	31	1	4	2
2000	385	31	34	3	2	3

