DATASET = ORTEC-hidden instance set VeRoLog competition
NAME = vehicles over tools over vehicle days over distance with 2000 requests over 65 days

DAYS = 65
CAPACITY = 40
MAX_TRIP_DISTANCE = 16000
DEPOT_COORDINATE = 0

VEHICLE_COST = 20000000
VEHICLE_DAY_COST = 1000
DISTANCE_COST = 1

TOOLS = 5
1	6	48	500000
2	12	46	100000
3	12	68	300000
4	15	32	200000
5	3	52	300000

COORDINATES = 1783
0	3976	3992
1	7450	6132
2	8728	6138
3	7808	6140
4	7904	6140
5	9397	6149
6	8803	6151
7	9361	6153
8	7946	6158
9	7392	6161
10	9327	6163
11	7606	6164
12	8695	6166
13	8713	6177
14	8922	6183
15	9060	6185
16	7828	6186
17	9058	6191
18	7604	6191
19	5472	6193
20	8317	6142
21	8400	6200
22	8565	6203
23	7202	8147
24	6168	8008
25	8711	6210
26	7597	6221
27	8119	6222
28	9459	6225
29	8339	6227
30	8856	6228
31	7650	6229
32	8234	6229
33	8957	6233
34	7624	6241
35	4148	6243
36	4551	6246
37	7527	6249
38	8498	6151
39	8109	6259
40	3468	6275
41	7082	7537
42	8105	6278
43	3881	4157
44	8247	6309
45	5985	6320
46	3410	6163
47	7566	6328
48	7465	6331
49	3731	6165
50	8385	6345
51	3985	6351
52	7586	6354
53	7959	6359
54	7549	6364
55	8269	6368
56	6212	6371
57	6309	2164
58	4020	4170
59	3548	6393
60	3605	6175
61	7867	6402
62	5912	6413
63	3943	6418
64	7807	6435
65	7328	6450
66	8590	6455
67	6852	6456
68	3920	6466
69	8565	6469
70	8424	6471
71	8358	6475
72	3711	6477
73	8173	6477
74	6142	6480
75	9134	5131
76	4382	6485
77	4073	6488
78	4286	6490
79	7809	6191
80	3929	6497
81	7089	6193
82	7572	6508
83	6460	6518
84	7909	6520
85	3961	6524
86	7505	6526
87	7528	6534
88	3529	6537
89	7445	5852
90	4353	6540
91	7476	6541
92	4263	4198
93	8680	6552
94	3837	6556
95	4435	4200
96	4262	6571
97	8258	6575
98	8484	6588
99	7863	6590
100	7994	6596
101	7893	6598
102	8663	6602
103	5939	8213
104	7804	6627
105	7227	6628
106	8872	6631
107	3709	6643
108	6872	7950
109	3411	6663
110	6943	6663
111	3983	6665
112	7279	6665
113	7976	6671
114	8051	6671
115	3838	6673
116	8699	6675
117	3869	4218
118	7770	6681
119	4236	6223
120	7863	6686
121	7022	6693
122	5746	6703
123	8751	6708
124	8388	6713
125	8605	6228
126	7743	6715
127	7950	6720
128	5817	6737
129	8701	6741
130	3372	6743
131	7552	6761
132	4199	6766
133	6325	2231
134	3850	6782
135	3847	6783
136	3702	6786
137	3330	6790
138	3782	6801
139	7962	6818
140	3917	6819
141	8442	6824
142	4218	6830
143	4032	6832
144	7129	6837
145	3998	6840
146	8153	6845
147	9081	8356
148	3492	6847
149	3847	6851
150	7717	6857
151	7760	6868
152	8069	6870
153	8758	6876
154	6932	6883
155	8480	6887
156	8117	6888
157	7785	6896
158	8345	6911
159	7400	6912
160	8492	4258
161	7820	6916
162	9628	6918
163	8451	6924
164	3985	6932
165	7439	6934
166	4007	6944
167	4557	6945
168	7598	6267
169	8720	6954
170	3835	6956
171	8763	6955
172	8023	6961
173	4289	6963
174	7881	6965
175	8204	4268
176	7724	6983
177	8214	6987
178	9177	6997
179	7185	7000
180	8741	7001
181	6907	7012
182	4240	7014
183	9155	7015
184	7314	7017
185	7729	7027
186	8678	7028
187	4590	7032
188	6925	7034
189	7672	7035
190	8754	7035
191	6274	7060
192	6462	2280
193	8759	7067
194	4319	4284
195	4012	7073
196	8052	6289
197	6793	7082
198	4742	7090
199	8742	7094
200	7848	7096
201	8542	7105
202	3923	7110
203	7153	7116
204	4598	7130
205	8750	7131
206	4299	7138
207	4086	7143
208	3688	7144
209	8140	7148
210	4507	7150
211	7531	7155
212	8750	7156
213	3518	7158
214	8851	7158
215	8916	7159
216	4007	7168
217	4779	3964
218	8764	7171
219	8991	7182
220	4491	7183
221	8709	7190
222	3936	7201
223	7269	7203
224	4266	7217
225	4330	7222
226	4416	7223
227	4032	7224
228	3902	7225
229	8998	7231
230	6839	7232
231	4147	7233
232	8582	7233
233	4534	7234
234	8108	4313
235	8764	7251
236	7443	7253
237	4913	7263
238	8387	7264
239	8542	7267
240	4195	7268
241	4300	7278
242	3527	7281
243	8002	7288
244	7478	7292
245	7416	7294
246	8210	7299
247	4746	2320
248	3945	7304
249	9532	8330
250	8214	7316
251	7521	7330
252	3449	5972
253	6301	7373
254	7280	7376
255	5094	4335
256	6583	7389
257	7256	7390
258	8268	7391
259	7212	7397
260	8351	7401
261	3615	7408
262	7170	7411
263	7456	7417
264	7097	7417
265	4284	4373
266	8011	7434
267	3841	7443
268	3547	7448
269	7309	7458
270	7743	7468
271	4211	7472
272	7678	7478
273	9064	7497
274	9628	7502
275	6403	7511
276	8682	7512
277	6486	7515
278	3832	7518
279	4165	4360
280	5981	7531
281	6030	7537
282	6439	7538
283	7732	7540
284	8260	7541
285	8424	7548
286	7385	7552
287	2418	4366
288	8055	4366
289	9599	7567
290	9315	7569
291	6484	7569
292	8547	7571
293	4513	7581
294	3750	7588
295	8863	8378
296	4310	4372
297	7680	7599
298	7548	7605
299	7608	7620
300	6553	7623
301	4336	6380
302	8549	7628
303	8490	7629
304	4486	7639
305	6569	7641
306	6850	7641
307	7264	7649
308	8519	7654
309	6994	7663
310	372	2818
311	6417	7583
312	7864	7676
313	8342	7686
314	6430	7690
315	6729	7690
316	3542	7699
317	7525	7701
318	8100	7702
319	5358	7712
320	8738	7716
321	5806	7737
322	5820	7749
323	5348	7763
324	8888	7768
325	5519	7769
326	3530	7785
327	4496	2401
328	8277	7806
329	5648	7809
330	8580	7809
331	8012	7810
332	8433	7810
333	5674	7813
334	7408	7823
335	7019	7824
336	8287	7828
337	6942	8420
338	4059	7849
339	4127	7856
340	4274	7862
341	4142	7867
342	6816	7868
343	7351	7870
344	8300	7876
345	6094	7880
346	9670	8427
347	6757	7893
348	5419	7894
349	6907	7911
350	7296	7912
351	6800	7923
352	6012	7928
353	8281	7933
354	8259	7937
355	6454	7942
356	5472	7951
357	7142	7958
358	4357	4433
359	7477	7966
360	6014	7968
361	7372	7970
362	7422	7978
363	5335	7996
364	6603	7997
365	7136	7998
366	8227	8000
367	6624	8005
368	7202	8018
369	8219	8022
370	5427	8024
371	6338	8024
372	7437	8025
373	9453	8026
374	5372	8027
375	8324	8034
376	7317	8037
377	3460	4446
378	5393	8043
379	7878	8047
380	3539	8057
381	6120	8058
382	7728	8064
383	6280	8080
384	6173	8081
385	9375	8084
386	7667	8088
387	7932	8461
388	5866	7998
389	6539	8109
390	7306	8110
391	5469	8117
392	7221	4459
393	7409	8130
394	4690	3596
395	5896	8147
396	6023	3996
397	6143	8471
398	5920	3197
399	5861	8168
400	6016	8181
401	6272	8193
402	7054	8193
403	6690	8200
404	7370	8205
405	6406	8207
406	8442	4475
407	7359	8217
408	7444	8221
409	6487	8222
410	6748	8227
411	6615	8231
412	9379	6000
413	6472	8233
414	7544	8234
415	7308	8246
416	6278	8249
417	5920	8251
418	5970	8263
419	6135	8270
420	5746	8277
421	6711	8283
422	8045	8283
423	7576	8293
424	6085	8293
425	9600	8294
426	7327	8294
427	6962	8296
428	6742	8297
429	7501	8298
430	6469	8308
431	6810	8318
432	5818	8320
433	5788	8324
434	5565	8335
435	5589	8349
436	7840	8349
437	3908	4501
438	5352	8384
439	8391	8388
440	5861	8397
441	6552	8401
442	6636	8401
443	7459	8412
444	7212	8514
445	6555	8414
446	6653	8415
447	7302	8419
448	6551	8421
449	8318	8429
450	6678	8439
451	7839	4515
452	5729	8460
453	8864	8461
454	8349	8464
455	5406	8466
456	8328	5865
457	7873	8471
458	3868	8482
459	6018	8485
460	8887	8486
461	7368	8501
462	6886	8503
463	6128	8509
464	8271	8512
465	5764	8521
466	7092	8522
467	6217	8533
468	8152	8539
469	4002	3610
470	8385	8553
471	5790	8560
472	7437	8571
473	3948	8575
474	6354	8578
475	6396	6539
476	7722	8583
477	3519	6541
478	3933	8596
479	8515	8602
480	6209	8607
481	7622	8608
482	8478	8612
483	5591	8615
484	8153	8616
485	3994	4542
486	7679	8619
487	7525	8623
488	8656	8624
489	6391	8625
490	7446	8632
491	3770	8634
492	3940	8635
493	8441	8637
494	7922	8638
495	5661	8641
496	8266	8643
497	6976	8647
498	9270	8647
499	7750	8650
500	7520	8657
501	6165	8658
502	3887	2546
503	5605	8666
504	7876	8667
505	5651	8671
506	7737	4551
507	6937	8678
508	8277	8691
509	7625	8693
510	5727	8697
511	5802	8708
512	6994	8712
513	5914	8715
514	7466	8566
515	6465	8726
516	3910	8726
517	3796	4564
518	6321	8753
519	6195	8762
520	7764	8763
521	6624	8764
522	5998	8765
523	7215	8767
524	5441	8773
525	6814	8778
526	5586	8781
527	8807	4569
528	5497	8783
529	6924	8785
530	6846	8788
531	6824	8794
532	5738	8797
533	6098	8803
534	5657	8804
535	7304	8580
536	8947	6020
537	8103	8828
538	7539	8840
539	9389	8844
540	6045	8847
541	5861	8851
542	6593	8854
543	6918	8874
544	7607	8889
545	5928	8899
546	7531	8901
547	7394	8902
548	7069	8905
549	4006	2588
550	6028	8920
551	6979	6597
552	6720	8932
553	5571	8957
554	7628	8963
555	9782	8970
556	7529	8971
557	7502	8971
558	7190	8972
559	9179	8986
560	6852	8990
561	7531	8998
562	7735	9001
563	7795	9012
564	7955	9014
565	5720	8615
566	7630	9017
567	7453	9023
568	5624	9028
569	5726	9032
570	8086	9036
571	7320	9036
572	9656	9039
573	6726	9044
574	6973	5308
575	8830	9056
576	7884	4616
577	5988	8624
578	7837	9070
579	5171	4620
580	7739	9089
581	7792	4620
582	8185	9094
583	7471	8628
584	9670	9100
585	6565	9101
586	6860	9116
587	9526	9117
588	7170	9121
589	7970	9128
590	2474	4430
591	8335	9133
592	8123	8635
593	6401	9142
594	6361	9149
595	7118	9166
596	8561	4633
597	8269	9174
598	6040	9179
599	6680	9184
600	6635	9195
601	8311	9196
602	4564	2635
603	6879	9200
604	8098	9207
605	7311	9208
606	7928	9209
607	8738	9215
608	6310	9217
609	5159	3632
610	7915	9224
611	8625	9230
612	7875	9239
613	6182	9241
614	7574	9247
615	6827	8654
616	9298	5234
617	7212	9250
618	8889	9252
619	7998	9255
620	7860	9261
621	7822	9265
622	6487	7471
623	6348	9281
624	7685	9305
625	6488	9308
626	8930	9314
627	7968	4659
628	7051	9331
629	6462	9336
630	9288	9346
631	8541	9347
632	7421	9352
633	7074	9359
634	8115	9362
635	8624	9374
636	7966	9376
637	8707	9376
638	6630	9379
639	8972	9381
640	9039	9396
641	8226	9403
642	9122	9424
643	6521	9429
644	7898	9435
645	8580	9450
646	8301	9455
647	6681	9464
648	8995	9471
649	7091	9474
650	8749	9476
651	8418	9476
652	6935	9479
653	6914	9480
654	8476	9482
655	8418	9485
656	9114	9490
657	7813	9492
658	6741	9501
659	9176	9517
660	6778	9519
661	9087	9523
662	8240	9530
663	8393	9531
664	6941	9533
665	6909	9562
666	8383	9563
667	8997	9575
668	9167	9580
669	6939	8712
670	8444	9601
671	2737	2703
672	8981	9605
673	6930	9607
674	8495	9631
675	8187	9634
676	6844	9643
677	6765	9647
678	5151	9677
679	4126	5249
680	7901	9686
681	8950	9686
682	8656	9739
683	2764	2731
684	694	2732
685	3748	4745
686	4722	5074
687	6435	9858
688	6165	9863
689	8551	4750
690	3704	6761
691	6196	8764
692	8912	7259
693	7351	9976
694	9509	8781
695	7638	8782
696	6901	8785
697	8431	4781
698	6119	8790
699	7429	4790
700	3191	2791
701	8071	4798
702	4492	2798
703	7395	8678
704	6884	6807
705	9300	6036
706	7219	4810
707	4818	4814
708	7939	6818
709	8357	4825
710	3451	4833
711	6629	2834
712	4130	5078
713	3257	2842
714	5367	2855
715	8354	4859
716	412	2861
717	6913	8480
718	6552	8875
719	6169	7680
720	1879	2873
721	4225	4892
722	6109	8902
723	3154	4904
724	5153	5285
725	8296	5687
726	9760	8091
727	8748	4931
728	8774	6144
729	9501	7643
730	7862	8956
731	7483	6955
732	4028	6956
733	5910	2950
734	3027	2894
735	4320	6966
736	6675	8971
737	8125	4965
738	3529	2963
739	8650	5698
740	5299	4978
741	4079	6984
742	5795	2983
743	1776	2991
744	8694	4905
745	3977	7010
746	3954	5008
747	7124	5010
748	8545	5014
749	3845	5024
750	5929	9032
751	8835	5920
752	8042	9056
753	9071	6115
754	8490	7055
755	9030	5073
756	4159	5076
757	4356	4520
758	3231	5078
759	2717	5083
760	7621	9097
761	8843	7097
762	7854	7100
763	8719	5099
764	5389	5106
765	6717	9117
766	6459	24
767	6677	3113
768	6395	66
769	7545	5121
770	6454	82
771	3511	5125
772	3966	4530
773	6519	115
774	6375	128
775	4286	5131
776	3165	5133
777	5409	3131
778	6551	164
779	3501	4770
780	6341	207
781	6549	226
782	8740	5152
783	4279	3150
784	6530	269
785	4134	5157
786	6809	6537
787	3622	7163
788	6451	319
789	6840	330
790	6564	353
791	8729	9183
792	7048	9184
793	8897	8542
794	6878	7742
795	3606	7183
796	6559	426
797	6208	447
798	8939	7196
799	8379	5196
800	8374	9204
801	9066	7200
802	7300	5199
803	2500	3199
804	4154	7206
805	7910	5202
806	8064	5203
807	3050	5207
808	7989	7214
809	6433	613
810	8492	5212
811	6322	633
812	6460	634
813	7712	5219
814	8765	5220
815	6560	718
816	3986	3226
817	6576	723
818	8373	9238
819	7131	5238
820	9052	7245
821	7098	7247
822	6828	811
823	8378	5249
824	7400	5250
825	4690	2954
826	9333	5253
827	6479	936
828	1168	2957
829	4008	7270
830	8778	7271
831	8135	5275
832	5236	3273
833	6519	1009
834	7347	9287
835	4286	6161
836	6507	9292
837	6785	1074
838	3462	7300
839	6560	1158
840	7551	8967
841	4293	7307
842	6602	1166
843	6733	1168
844	6405	1175
845	8636	5365
846	6435	1187
847	5798	3304
848	7863	7312
849	6421	1215
850	5430	3317
851	6885	1288
852	6774	1324
853	7844	9337
854	6846	3496
855	6428	1337
856	3843	7337
857	7111	5337
858	7346	9347
859	7877	4574
860	6933	1470
861	2993	4976
862	5811	3356
863	5603	3361
864	8510	9381
865	7046	5372
866	6692	1590
867	5769	3371
868	8767	9381
869	3509	7380
870	8730	5379
871	6335	1636
872	6399	1647
873	6947	1662
874	6994	1670
875	6458	1685
876	7638	5783
877	6326	1710
878	7094	1733
879	6461	1741
880	4679	2983
881	5668	5402
882	1426	1775
883	5661	3402
884	1501	1785
885	6450	1786
886	6423	1789
887	7068	1797
888	6383	1805
889	6841	1813
890	3993	3409
891	296	1834
892	6392	1844
893	8114	5418
894	7558	4988
895	1077	1868
896	4570	5389
897	6743	1877
898	1614	1886
899	6488	1892
900	7110	1902
901	6535	1906
902	6472	1915
903	6550	1915
904	1504	1918
905	8535	5429
906	5186	1933
907	8884	6191
908	5114	1949
909	1385	1953
910	5135	1956
911	5463	1959
912	8623	7440
913	7229	1979
914	6403	1980
915	5036	2008
916	6340	2024
917	7247	2026
918	7410	5448
919	5344	2034
920	8443	9455
921	8587	5449
922	5913	2068
923	5882	2071
924	6245	2082
925	6270	2083
926	5701	2084
927	5522	2085
928	5719	2086
929	5325	2094
930	850	2096
931	4627	2114
932	7991	5462
933	5119	2120
934	26	2121
935	824	2124
936	5060	2126
937	5295	2129
938	4852	2136
939	4244	4597
940	5691	2146
941	8027	5468
942	6482	2161
943	756	2163
944	5091	2165
945	1548	2169
946	7566	7475
947	5175	2176
948	1699	2209
949	6068	2220
950	6237	2230
951	6382	2244
952	5400	2244
953	6238	2247
954	6426	2248
955	5724	2251
956	4846	2257
957	6942	5487
958	5037	2267
959	4786	2269
960	4842	2284
961	4787	2285
962	5374	2291
963	5089	2297
964	5035	2301
965	6894	2301
966	1573	2309
967	2296	2328
968	4569	2331
969	9166	5499
970	5125	2357
971	9359	5502
972	4678	2366
973	6531	2371
974	6841	7511
975	5089	2390
976	4590	2398
977	4642	2410
978	3723	7515
979	7542	5511
980	3686	2414
981	5501	2432
982	3682	2442
983	6303	2452
984	5016	2457
985	6239	2459
986	6888	7525
987	6271	2482
988	4582	2486
989	6790	2499
990	6277	2503
991	4539	2507
992	3835	2516
993	4180	7533
994	6208	2519
995	4565	2532
996	3055	2534
997	5161	2539
998	611	2542
999	5026	2543
1000	4127	2545
1001	6884	2550
1002	8117	7537
1003	4968	2559
1004	6663	2567
1005	6003	2570
1006	2474	2581
1007	6492	2587
1008	4438	3537
1009	5767	2613
1010	613	2615
1011	8064	5545
1012	3893	2623
1013	5846	2625
1014	1227	2628
1015	7105	2633
1016	773	2637
1017	4975	2655
1018	2902	2656
1019	4592	2657
1020	6644	2664
1021	3459	2671
1022	6756	2680
1023	8436	5556
1024	3805	2695
1025	2608	2705
1026	892	2707
1027	3881	2708
1028	2691	2712
1029	3240	2715
1030	6750	2718
1031	4428	2718
1032	6225	2721
1033	5155	2728
1034	2936	2734
1035	3822	2737
1036	8700	5565
1037	6974	7569
1038	2780	2755
1039	7205	2754
1040	5684	2757
1041	740	2768
1042	8714	5571
1043	4703	2784
1044	4254	2785
1045	1561	2787
1046	2955	2789
1047	4137	2790
1048	4087	2799
1049	3095	2805
1050	5273	2805
1051	256	2814
1052	6053	2817
1053	5836	2819
1054	6002	2823
1055	4864	2840
1056	369	2841
1057	5349	2843
1058	4065	2844
1059	4947	2844
1060	5599	2844
1061	6051	7587
1062	5757	2847
1063	4723	2853
1064	5408	2857
1065	5420	2863
1066	5044	2871
1067	4201	2872
1068	709	2873
1069	6072	2877
1070	2502	2883
1071	350	2884
1072	3327	2890
1073	4767	2900
1074	2505	2903
1075	2579	2905
1076	4832	2910
1077	5832	2912
1078	5498	2913
1079	323	2919
1080	485	2932
1081	2517	2932
1082	5168	2950
1083	5625	2951
1084	2974	2961
1085	3973	2963
1086	5325	2964
1087	6520	2981
1088	4633	2982
1089	5725	2985
1090	5993	2987
1091	5544	2999
1092	5169	3017
1093	5745	3022
1094	5647	3023
1095	6012	3024
1096	6026	3029
1097	5560	3033
1098	5598	3034
1099	6474	3035
1100	5884	3036
1101	4139	7619
1102	5322	3039
1103	5474	3040
1104	6799	3049
1105	5377	3049
1106	5683	3052
1107	2791	3067
1108	5553	3074
1109	4000	5622
1110	4133	3076
1111	4150	3086
1112	2556	3090
1113	5780	3101
1114	4686	3104
1115	6659	3107
1116	6315	3114
1117	6535	3115
1118	5752	3119
1119	5527	3127
1120	6883	3130
1121	6255	3135
1122	4194	3137
1123	5045	3146
1124	5934	3157
1125	4578	3170
1126	4874	3174
1127	6766	3185
1128	6028	3189
1129	1696	3193
1130	6302	3194
1131	9204	7646
1132	2753	3204
1133	6381	3206
1134	4552	3207
1135	3736	3213
1136	7137	3221
1137	6618	3234
1138	5786	3239
1139	6685	3241
1140	4909	3247
1141	6031	3249
1142	3482	3252
1143	1527	3254
1144	6407	3254
1145	7130	3263
1146	5723	3268
1147	6327	3271
1148	6426	3285
1149	2793	3295
1150	4432	3304
1151	4762	3305
1152	7117	3310
1153	4811	3311
1154	3540	3315
1155	3717	3323
1156	2485	3335
1157	2289	3337
1158	2456	3346
1159	5673	3347
1160	6748	3349
1161	4655	3359
1162	1397	3361
1163	4068	3364
1164	4882	3376
1165	4030	3380
1166	5569	3388
1167	6562	3394
1168	6571	3401
1169	4048	3414
1170	6418	3420
1171	6057	3424
1172	5594	3429
1173	4453	3679
1174	5949	3464
1175	6994	5687
1176	6355	3469
1177	5481	3481
1178	5580	3484
1179	4208	3490
1180	6623	3492
1181	5445	3507
1182	5632	3509
1183	5964	3516
1184	7815	5695
1185	6338	3524
1186	8674	6645
1187	4412	3537
1188	4666	3546
1189	4211	3552
1190	4150	3555
1191	8307	7706
1192	6652	3566
1193	4101	3572
1194	4170	3581
1195	6154	3586
1196	4754	3589
1197	5395	3598
1198	5856	3601
1199	6380	3612
1200	6390	3615
1201	8535	5712
1202	4543	3629
1203	4788	3639
1204	4368	3640
1205	4590	5510
1206	8838	5716
1207	5851	3647
1208	6385	3652
1209	5529	3671
1210	4485	3680
1211	5230	3683
1212	6814	3684
1213	4779	3686
1214	4974	3686
1215	5448	3686
1216	7219	7728
1217	8028	5449
1218	3056	3708
1219	4986	3722
1220	4473	3728
1221	1951	3729
1222	5969	3731
1223	4421	3734
1224	2363	3735
1225	4262	3745
1226	6786	3759
1227	5767	8654
1228	5382	3768
1229	4942	3771
1230	6762	3774
1231	4757	4252
1232	4413	3811
1233	8509	7747
1234	6436	3815
1235	4503	3820
1236	5382	3828
1237	4146	3857
1238	5995	7857
1239	1738	3751
1240	4669	3901
1241	2948	3902
1242	5727	3905
1243	2135	3922
1244	4454	3953
1245	4912	3957
1246	6174	3958
1247	5402	3962
1248	4317	3964
1249	6115	3966
1250	2371	3968
1251	6169	3977
1252	4343	3987
1253	9384	7777
1254	5485	3991
1255	3830	4002
1256	2155	4002
1257	2322	4020
1258	7769	4021
1259	4312	4024
1260	6652	4024
1261	4273	4028
1262	4664	4028
1263	5632	4045
1264	3728	4045
1265	3044	3781
1266	5968	4048
1267	5162	4050
1268	5485	4052
1269	6053	4058
1270	5336	4061
1271	3576	4065
1272	2219	4066
1273	5869	4067
1274	5727	4070
1275	3825	4076
1276	3621	4076
1277	4116	4080
1278	3701	4084
1279	1929	4085
1280	3524	4086
1281	1957	4091
1282	4048	4094
1283	3573	4097
1284	2142	4100
1285	1855	4101
1286	5441	4107
1287	3982	4114
1288	3871	4115
1289	4193	4125
1290	3515	4138
1291	4052	4138
1292	3730	4143
1293	5868	4146
1294	3760	4155
1295	3580	4156
1296	6853	4160
1297	4599	4162
1298	5781	4164
1299	6820	4167
1300	7542	5804
1301	4125	4172
1302	3474	4177
1303	8312	4181
1304	7912	4186
1305	5777	8268
1306	4474	4197
1307	4996	4198
1308	6457	4206
1309	4133	4214
1310	4390	4218
1311	4016	4226
1312	5112	4231
1313	8112	4237
1314	4205	4241
1315	3809	4241
1316	3481	4242
1317	4899	4246
1318	3702	4251
1319	5043	4258
1320	4185	4258
1321	8062	4263
1322	5470	4267
1323	5089	4269
1324	6304	4275
1325	8295	5821
1326	8663	4279
1327	8702	4285
1328	6091	4286
1329	4813	4292
1330	8860	4293
1331	5189	4295
1332	6222	4296
1333	5916	7829
1334	8117	4304
1335	5531	4305
1336	8504	4308
1337	4174	4310
1338	5190	4312
1339	6201	4314
1340	7861	5829
1341	4796	4323
1342	4395	4324
1343	3519	4325
1344	3533	4328
1345	8572	4329
1346	4162	4331
1347	6198	4331
1348	2359	4336
1349	4687	4337
1350	4039	4348
1351	6205	4360
1352	8380	4366
1353	4421	4369
1354	2493	4371
1355	2506	4373
1356	3308	4383
1357	4072	4384
1358	8766	4385
1359	3338	4387
1360	8598	4389
1361	6089	4391
1362	8903	4392
1363	7849	4398
1364	5033	4401
1365	4644	4403
1366	6421	4413
1367	3561	4415
1368	6748	4417
1369	7048	7849
1370	5375	4421
1371	2394	4429
1372	4603	4431
1373	8978	4438
1374	9054	4440
1375	8323	7999
1376	8958	4445
1377	4714	4452
1378	7282	4461
1379	8296	4462
1380	8677	4471
1381	4198	4489
1382	3764	4491
1383	4838	4494
1384	3054	4495
1385	4221	4497
1386	4325	4505
1387	5311	4522
1388	2396	4529
1389	2387	4529
1390	5014	3076
1391	8504	4531
1392	8078	4531
1393	8686	4534
1394	8286	4535
1395	5331	4538
1396	5754	4538
1397	8520	4539
1398	7209	4540
1399	9577	5866
1400	8160	4547
1401	4882	4556
1402	5796	4560
1403	7703	4567
1404	8552	4568
1405	2761	4570
1406	8362	4569
1407	7359	4570
1408	4595	4571
1409	3633	4574
1410	8345	4583
1411	8524	4588
1412	5134	4591
1413	8660	4593
1414	4225	4596
1415	4663	4600
1416	7972	4601
1417	4939	4606
1418	5246	4621
1419	8392	4630
1420	7957	4632
1421	8854	5881
1422	8426	4635
1423	5740	6682
1424	7646	4642
1425	7805	4643
1426	7593	4645
1427	8295	4645
1428	8676	4647
1429	8795	4647
1430	4046	4655
1431	7869	4655
1432	8637	4657
1433	7780	4658
1434	4057	4660
1435	4116	4666
1436	8539	4673
1437	3846	4679
1438	7639	4681
1439	7945	4682
1440	8728	4686
1441	3949	4689
1442	5479	4689
1443	4309	4691
1444	8697	4690
1445	8399	4697
1446	7987	4698
1447	4165	4702
1448	7409	4714
1449	8036	4723
1450	6102	7900
1451	5125	5897
1452	7984	4748
1453	7426	4763
1454	8122	4764
1455	8687	4770
1456	3969	4776
1457	4004	4778
1458	8586	4779
1459	4148	4783
1460	5508	4783
1461	3771	4785
1462	3968	5086
1463	7172	4789
1464	7702	4789
1465	8458	4790
1466	8708	4794
1467	4309	4799
1468	5608	4800
1469	3646	4801
1470	5513	4806
1471	4709	4809
1472	7245	4811
1473	8218	4811
1474	8118	4814
1475	7709	4821
1476	5571	4827
1477	8605	4832
1478	5306	4836
1479	8456	4836
1480	8365	4841
1481	7429	4847
1482	7486	4849
1483	3809	4850
1484	3648	4855
1485	8200	4856
1486	3733	4861
1487	3657	4864
1488	3495	4866
1489	7519	4868
1490	7539	4870
1491	3513	4883
1492	8308	4894
1493	5331	4901
1494	8421	4913
1495	3173	4916
1496	8409	4916
1497	3137	4918
1498	4191	4927
1499	2951	4928
1500	8697	4929
1501	8284	4929
1502	8522	4944
1503	7396	4952
1504	4110	4953
1505	3560	4953
1506	5405	4955
1507	7274	4956
1508	3606	4959
1509	7689	5937
1510	7185	4977
1511	8646	4980
1512	3175	4981
1513	8014	4985
1514	4123	4988
1515	3969	4991
1516	3764	4995
1517	6011	5001
1518	3007	5025
1519	3827	5026
1520	7903	5026
1521	4447	5028
1522	9029	5028
1523	7978	5031
1524	4024	5038
1525	7084	5038
1526	3587	5041
1527	7921	5052
1528	3953	5055
1529	3189	5056
1530	9014	5058
1531	3862	5065
1532	8331	5067
1533	8697	5074
1534	3239	5080
1535	5503	5084
1536	7009	5094
1537	8131	5104
1538	7031	5106
1539	5561	5113
1540	4643	5115
1541	4161	5123
1542	3480	5131
1543	5883	5132
1544	8391	5141
1545	4486	5145
1546	8074	5150
1547	8122	5151
1548	3125	5154
1549	8759	5153
1550	7217	5156
1551	6956	5163
1552	8719	5166
1553	4044	5169
1554	9329	5498
1555	8156	5172
1556	3458	5176
1557	8623	5183
1558	5121	5184
1559	8020	5186
1560	4307	5199
1561	8359	5200
1562	7922	5203
1563	3971	5211
1564	4264	5218
1565	4609	5220
1566	7790	5223
1567	8697	5228
1568	7751	5235
1569	8533	5238
1570	7094	5241
1571	4289	5253
1572	7782	8405
1573	7382	5262
1574	7295	5262
1575	7478	4403
1576	7762	5274
1577	8176	5277
1578	8361	5279
1579	7806	5294
1580	3167	5304
1581	7329	5304
1582	8676	5313
1583	8331	5316
1584	3004	5328
1585	6967	5332
1586	3092	5335
1587	7805	5336
1588	4226	5348
1589	7407	5348
1590	3786	5351
1591	8244	5354
1592	4276	5360
1593	7966	5360
1594	4278	5366
1595	8036	5366
1596	7985	5368
1597	7626	5375
1598	7891	5378
1599	8449	5380
1600	7160	7507
1601	3975	5386
1602	8544	5387
1603	8637	5389
1604	7758	5392
1605	8862	6008
1606	4239	5398
1607	7807	5402
1608	2619	3906
1609	7582	5410
1610	7244	8015
1611	8058	5415
1612	5264	4009
1613	8735	5424
1614	6944	5430
1615	7969	5431
1616	7330	5436
1617	7819	5436
1618	7842	5440
1619	8314	5446
1620	4569	4014
1621	4233	5450
1622	8167	5453
1623	7084	5457
1624	8352	5460
1625	8168	5464
1626	8869	5464
1627	8351	5468
1628	8583	5472
1629	8690	5474
1630	7963	5475
1631	6959	5483
1632	8832	5484
1633	7950	5495
1634	7888	5496
1635	7677	5504
1636	8272	5504
1637	4331	5508
1638	8165	5510
1639	5102	5512
1640	3934	5520
1641	4363	5524
1642	4605	4027
1643	3919	5530
1644	8304	5536
1645	8506	5540
1646	3817	5544
1647	6910	5549
1648	4181	5551
1649	8044	5553
1650	4061	5555
1651	8890	5560
1652	4345	5564
1653	6512	2309
1654	9053	6037
1655	7067	5571
1656	4247	5578
1657	7774	5580
1658	8057	5589
1659	6882	5592
1660	3942	5596
1661	4041	5598
1662	8031	5598
1663	9408	6042
1664	7414	5603
1665	8092	5604
1666	7609	5608
1667	6993	5614
1668	8969	5622
1669	7537	5629
1670	4280	5641
1671	7777	5643
1672	7466	5646
1673	7970	8007
1674	7124	5654
1675	7633	6052
1676	6954	5656
1677	7360	5659
1678	9617	5686
1679	8491	5687
1680	4598	5690
1681	9142	5699
1682	8585	5702
1683	9324	8063
1684	4004	5711
1685	8767	5715
1686	7917	5717
1687	7703	5717
1688	9591	5723
1689	9127	5727
1690	9510	5730
1691	4512	5732
1692	9002	5742
1693	9519	5743
1694	7291	5746
1695	7513	5747
1696	7110	5755
1697	7665	5773
1698	8208	5784
1699	7667	5788
1700	9588	5795
1701	5200	5820
1702	8791	5821
1703	8813	5826
1704	5471	8084
1705	8724	5832
1706	7828	5837
1707	9064	5838
1708	8753	5843
1709	7603	5845
1710	9290	5860
1711	4081	4083
1712	9166	5866
1713	9456	5866
1714	3436	5880
1715	9431	5879
1716	9100	5880
1717	9132	5880
1718	9297	5891
1719	9580	5895
1720	9020	5898
1721	8376	5904
1722	7928	5907
1723	8981	5911
1724	7687	5920
1725	8842	5925
1726	8413	5930
1727	7918	5937
1728	6957	5524
1729	9672	5943
1730	9008	5945
1731	8902	5946
1732	9096	5950
1733	5647	5952
1734	5756	5956
1735	9021	5956
1736	7738	5958
1737	8417	5962
1738	9626	5968
1739	7497	8108
1740	9200	5975
1741	8757	5981
1742	8973	5982
1743	5788	4103
1744	8124	5987
1745	7896	5988
1746	9447	5996
1747	5171	6003
1748	3434	6012
1749	8289	6012
1750	8191	6015
1751	8619	6015
1752	8934	6018
1753	9371	6019
1754	8805	6020
1755	9266	6021
1756	8439	6027
1757	9439	6032
1758	8284	6038
1759	7595	8120
1760	6495	8121
1761	8766	6051
1762	7290	6053
1763	8694	6053
1764	8907	6056
1765	4242	6059
1766	9012	6059
1767	9559	6070
1768	8804	6071
1769	3483	6074
1770	8931	6077
1771	8626	6082
1772	4382	6105
1773	7870	6105
1774	8199	6105
1775	9454	6105
1776	7949	6106
1777	8677	6106
1778	7993	6116
1779	9075	6116
1780	8560	6123
1781	8044	6129
1782	8900	6130

REQUESTS = 2000
1	1666	11	14	1	3	3
2	1073	31	33	3	1	3
3	861	43	45	3	3	1
4	834	52	53	1	4	1
5	394	8	11	2	4	2
6	1624	16	17	1	1	2
7	1359	54	55	1	4	2
8	1448	18	19	2	1	2
9	138	7	8	3	4	2
10	260	47	50	2	4	1
11	223	60	61	3	4	2
12	63	20	21	3	3	3
13	647	34	35	1	3	2
14	658	36	37	2	4	1
15	655	25	27	2	3	1
16	1149	34	35	1	5	1
17	1392	13	15	3	5	2
18	109	45	46	3	2	2
19	939	17	19	1	2	3
20	407	5	8	3	5	3
21	719	50	52	3	3	3
22	764	41	44	2	1	3
23	515	15	17	1	3	2
24	442	17	19	3	3	3
25	383	48	51	3	2	2
26	1377	31	34	3	3	1
27	1352	43	46	3	3	1
28	1717	57	60	3	3	1
29	49	21	23	3	1	3
30	423	39	41	3	3	1
31	594	3	4	1	3	3
32	1542	36	38	2	2	3
33	895	37	39	2	4	1
34	571	15	17	3	1	3
35	40	16	17	3	4	1
36	390	58	60	3	1	3
37	752	6	8	2	3	3
38	1394	45	46	2	3	2
39	1692	46	48	3	3	2
40	1388	41	43	3	3	2
41	1280	35	36	1	5	2
42	190	33	35	3	3	3
43	67	8	10	1	4	2
44	1196	3	5	1	1	1
45	644	31	34	2	4	1
46	774	4	6	1	5	2
47	1449	9	12	2	3	2
48	723	6	9	1	4	2
49	1191	20	22	3	1	2
50	651	5	6	2	2	1
51	316	4	7	2	3	2
52	1074	36	37	2	1	2
53	1194	8	10	3	5	3
54	1709	62	64	1	4	1
55	462	60	62	3	3	1
56	975	42	43	1	1	3
57	1121	25	28	1	4	2
58	1399	41	43	2	2	2
59	1648	47	48	1	1	1
60	1289	61	62	3	3	3
61	703	8	10	2	5	1
62	225	61	62	1	2	3
63	438	6	7	1	2	1
64	419	9	12	1	4	2
65	1559	34	37	1	2	1
66	1611	29	30	1	2	2
67	1017	54	55	2	2	2
68	668	41	43	1	3	3
69	953	46	49	3	1	1
70	339	41	42	3	5	3
71	1639	22	24	2	5	1
72	724	37	39	2	4	2
73	714	6	7	2	3	1
74	375	29	31	1	2	2
75	690	27	28	3	2	3
76	1375	43	44	3	2	3
77	604	55	56	2	4	1
78	1035	5	6	2	5	2
79	789	51	52	1	4	1
80	687	34	36	2	4	2
81	1154	51	52	2	4	2
82	221	28	30	1	2	2
83	1157	62	63	2	1	1
84	1516	43	45	1	3	1
85	849	3	4	3	3	2
86	1026	50	52	1	3	1
87	679	45	46	1	1	1
88	1575	31	33	2	3	2
89	231	50	52	2	1	3
90	926	37	39	3	5	1
91	1537	3	5	1	4	1
92	1261	20	23	3	5	2
93	237	40	42	1	2	2
94	1131	26	28	3	2	1
95	1641	53	56	1	1	2
96	398	21	22	1	3	1
97	587	53	56	3	1	2
98	135	25	28	1	2	1
99	1721	11	12	2	5	2
100	1706	27	29	3	5	2
101	74	15	16	2	5	3
102	1595	46	49	2	2	2
103	42	4	7	2	5	3
104	785	28	30	1	4	2
105	421	8	11	3	2	2
106	1581	19	22	3	1	3
107	643	48	51	2	5	3
108	435	38	40	2	5	2
109	752	13	16	3	5	1
110	1223	45	48	1	4	2
111	702	20	23	1	3	3
112	635	40	43	2	5	1
113	1742	47	48	2	5	3
114	495	56	57	1	5	1
115	425	52	55	3	4	1
116	1530	8	11	2	2	1
117	320	8	11	2	2	3
118	415	16	19	2	1	2
119	744	2	5	1	1	3
120	318	23	25	3	4	2
121	1238	26	27	1	4	1
122	1028	52	55	1	2	2
123	736	2	4	1	5	2
124	813	41	42	3	3	2
125	662	35	38	2	5	1
126	964	9	11	2	3	1
127	641	36	39	1	1	2
128	1105	18	19	2	3	1
129	1206	32	35	2	5	3
130	1284	21	23	2	5	1
131	562	57	59	1	2	1
132	1583	58	61	3	3	2
133	607	35	38	1	3	2
134	1462	33	36	3	3	1
135	1295	20	22	2	5	3
136	1001	50	53	2	1	1
137	765	40	41	1	3	1
138	1541	13	15	1	3	2
139	835	41	43	2	3	2
140	1228	25	27	2	2	1
141	894	39	41	1	1	3
142	960	45	48	2	1	3
143	1594	3	4	2	4	1
144	704	51	53	2	3	2
145	896	39	41	1	5	2
146	537	1	4	2	2	3
147	913	11	14	3	4	2
148	1624	14	16	2	2	3
149	1471	36	39	1	1	3
150	376	8	11	1	1	2
151	848	56	59	1	5	3
152	775	39	42	3	1	1
153	917	21	24	2	5	3
154	624	48	49	1	5	1
155	579	47	48	1	4	1
156	676	46	49	1	4	1
157	466	20	22	2	1	3
158	993	9	10	2	2	1
159	291	23	24	1	4	1
160	1779	19	21	2	4	1
161	727	47	49	3	4	1
162	1444	29	31	1	3	2
163	287	21	22	3	1	1
164	829	2	3	1	1	1
165	409	45	46	3	4	2
166	512	25	28	3	4	1
167	382	15	16	3	2	2
168	1593	40	41	2	4	1
169	85	59	61	2	1	3
170	1573	46	47	3	1	3
171	492	38	39	1	3	1
172	672	15	16	1	1	1
173	1608	35	38	2	5	1
174	9	10	11	2	2	2
175	39	29	31	2	5	1
176	110	13	14	3	4	2
177	1145	32	34	1	1	2
178	50	50	52	3	1	1
179	1245	43	44	3	5	2
180	1782	51	53	1	5	2
181	199	19	20	3	4	1
182	263	28	30	2	1	3
183	1361	3	6	1	5	3
184	605	24	26	1	3	1
185	899	4	6	3	2	2
186	352	14	16	2	4	2
187	159	8	10	1	4	1
188	563	32	35	2	3	2
189	1345	30	32	3	3	1
190	1731	43	46	2	4	2
191	583	40	41	3	1	3
192	1673	48	49	1	3	2
193	1087	2	5	1	1	3
194	1498	37	38	3	2	1
195	1370	3	6	2	3	1
196	1285	11	14	3	5	2
197	25	27	30	3	2	3
198	411	8	10	2	2	1
199	566	48	50	1	3	2
200	772	39	40	2	5	3
201	1349	7	8	2	3	2
202	254	13	15	3	5	1
203	995	58	59	2	3	2
204	465	3	5	2	5	2
205	369	43	45	2	4	1
206	1135	51	54	1	5	2
207	1260	55	56	3	4	1
208	84	43	44	3	1	3
209	567	26	28	2	4	2
210	134	57	59	2	4	2
211	981	55	57	3	5	2
212	187	4	6	2	4	1
213	1376	39	41	3	4	1
214	1763	18	19	2	2	2
215	1588	14	16	1	1	2
216	859	30	32	3	4	1
217	911	30	31	1	1	3
218	1267	16	17	1	1	2
219	1761	43	44	2	5	2
220	1249	21	22	2	5	2
221	288	19	22	3	3	1
222	4	51	54	2	1	3
223	769	50	52	3	3	1
224	1049	34	36	1	3	1
225	1327	58	59	3	4	2
226	1631	29	30	1	3	2
227	928	18	19	3	3	1
228	1014	32	34	2	3	2
229	174	22	24	2	1	2
230	1468	59	62	2	3	3
231	866	60	61	3	4	1
232	1705	3	5	1	2	3
233	1277	62	63	1	3	2
234	81	57	60	1	3	3
235	1775	16	17	3	4	1
236	581	9	11	1	1	2
237	575	26	27	3	3	3
238	1220	48	49	1	5	3
239	838	31	34	2	3	3
240	1310	4	5	2	2	2
241	1110	50	51	3	3	1
242	795	60	62	2	1	3
243	900	18	20	3	1	2
244	1103	23	26	1	2	3
245	355	23	26	3	3	2
246	980	19	20	1	5	3
247	239	22	24	3	5	1
248	114	53	56	3	4	1
249	1000	25	28	3	2	3
250	282	21	23	2	2	3
251	669	48	51	3	5	3
252	381	54	55	1	2	1
253	1077	32	33	2	2	1
254	1525	29	30	3	3	1
255	65	3	5	1	4	2
256	402	60	63	2	3	1
257	1354	49	50	2	3	3
258	399	59	62	3	3	1
259	552	17	18	2	2	2
260	712	49	51	2	3	3
261	1698	33	36	3	3	2
262	1382	13	16	1	2	3
263	456	52	55	3	1	2
264	612	2	4	2	5	1
265	645	3	6	1	5	2
266	414	31	33	2	2	1
267	630	42	44	3	4	2
268	1473	49	51	1	3	3
269	930	57	59	1	2	2
270	69	31	34	3	3	2
271	1387	54	57	2	3	1
272	1579	35	37	2	2	1
273	1253	14	17	3	5	1
274	1656	38	41	2	4	1
275	1052	11	13	2	1	3
276	1736	8	10	3	5	1
277	530	49	52	1	1	1
278	572	4	7	3	2	1
279	188	13	16	1	1	1
280	1556	56	57	3	3	1
281	1733	11	14	2	4	2
282	1620	46	48	1	4	1
283	895	60	61	1	4	1
284	532	12	14	3	2	1
285	1302	9	11	1	2	3
286	765	37	39	1	2	3
287	1525	60	61	2	4	2
288	1159	47	49	1	2	3
289	433	22	25	3	3	3
290	941	52	54	2	1	3
291	472	42	43	2	1	1
292	1021	7	8	3	3	1
293	1155	26	27	2	4	1
294	1123	28	30	2	2	2
295	872	46	49	2	4	1
296	805	34	37	3	3	1
297	808	44	46	3	3	1
298	1696	25	26	2	4	1
299	1033	5	6	3	5	3
300	812	52	55	1	3	2
301	1288	16	17	1	2	3
302	245	25	27	2	5	2
303	184	14	16	1	1	2
304	412	7	9	2	4	2
305	1132	13	15	3	2	3
306	699	45	47	1	5	2
307	1291	18	20	1	1	2
308	1741	54	55	1	3	3
309	422	35	38	3	1	1
310	1725	36	38	1	5	2
311	1164	28	29	3	2	3
312	1254	48	50	3	2	3
313	1408	58	61	2	2	2
314	1386	35	37	3	2	3
315	1179	5	8	2	4	1
316	1699	48	50	2	2	2
317	1326	29	31	2	4	1
318	966	39	40	1	3	2
319	1360	36	38	2	3	1
320	378	45	46	2	2	2
321	1305	52	54	3	2	1
322	768	24	26	1	4	1
323	974	11	13	1	5	3
324	1694	15	16	2	3	3
325	1222	11	14	1	5	3
326	1751	5	6	1	4	1
327	429	17	19	1	1	1
328	599	14	17	3	2	2
329	806	49	50	3	3	2
330	1108	4	7	1	3	1
331	1075	55	57	3	5	2
332	816	59	60	3	3	3
333	1651	57	59	3	5	3
334	928	16	18	2	1	1
335	1362	10	12	3	3	2
336	1086	5	8	3	1	2
337	302	41	42	2	5	2
338	923	58	61	3	2	2
339	128	54	55	2	4	2
340	1474	51	54	1	1	2
341	5	35	38	3	5	3
342	1355	15	18	3	5	1
343	619	47	48	2	5	1
344	591	41	44	2	4	1
345	169	49	52	1	3	1
346	1626	57	58	2	1	2
347	66	17	18	1	1	2
348	796	52	54	1	4	2
349	1499	48	51	1	3	1
350	509	22	25	3	1	3
351	1451	35	38	2	2	1
352	55	37	40	1	5	2
353	749	2	5	3	4	2
354	537	23	25	2	1	2
355	839	37	38	1	3	3
356	1690	61	63	1	1	2
357	157	51	53	3	5	1
358	585	45	46	1	2	3
359	589	18	21	3	1	2
360	1313	52	55	2	1	2
361	1437	10	13	1	4	2
362	599	45	47	3	5	3
363	1505	24	26	2	3	1
364	20	46	47	1	1	3
365	417	56	59	1	3	1
366	1494	28	29	3	3	3
367	1311	15	17	3	1	1
368	267	17	18	1	4	2
369	354	51	52	3	5	1
370	1604	26	27	1	2	3
371	763	31	32	1	4	1
372	1384	43	46	2	5	3
373	1485	34	35	1	3	1
374	124	50	53	2	1	3
375	192	41	44	1	5	1
376	267	53	56	3	4	2
377	1654	17	18	1	4	2
378	1288	8	10	3	5	2
379	1233	41	42	2	1	1
380	600	57	59	1	1	1
381	136	41	42	1	1	1
382	1396	19	21	2	4	2
383	453	30	31	3	5	3
384	1625	54	56	1	5	2
385	61	23	26	2	5	1
386	1515	21	23	2	3	3
387	987	25	26	2	4	1
388	1151	35	36	1	1	2
389	400	9	11	1	1	1
390	521	2	5	2	5	1
391	1757	30	31	1	5	1
392	1139	38	40	3	1	3
393	671	20	23	3	5	1
394	326	54	55	3	5	2
395	957	56	58	2	1	3
396	234	34	35	3	1	2
397	990	51	53	1	3	3
398	1681	4	6	2	5	3
399	1192	46	49	3	2	2
400	1252	7	9	1	2	3
401	1304	35	36	1	2	1
402	1753	51	54	2	3	2
403	797	53	55	1	2	2
404	760	25	28	1	1	3
405	864	38	40	3	3	1
406	1545	15	17	2	2	2
407	1417	55	56	2	3	2
408	1007	51	52	2	4	1
409	245	24	25	3	4	1
410	1211	15	18	2	1	1
411	460	17	20	1	2	3
412	296	39	41	3	2	3
413	362	59	62	1	1	3
414	1680	43	46	1	5	2
415	1711	21	24	2	1	1
416	393	3	6	1	3	1
417	1609	4	6	2	4	1
418	1093	35	38	1	5	1
419	1181	36	38	3	3	1
420	952	55	56	3	5	1
421	217	18	19	3	3	2
422	1296	53	55	2	3	3
423	463	2	5	3	4	2
424	38	23	26	1	1	3
425	610	56	57	3	2	1
426	403	35	38	2	5	2
427	659	5	7	2	1	2
428	1497	30	32	3	1	2
429	994	48	51	2	2	2
430	1510	7	8	1	2	1
431	826	43	46	1	3	2
432	1041	49	50	1	3	1
433	757	47	50	2	4	1
434	675	9	11	2	5	2
435	1270	27	29	1	1	1
436	484	60	61	1	1	2
437	625	55	56	1	2	2
438	902	50	52	3	1	1
439	1484	38	39	3	4	2
440	823	57	59	1	1	3
441	10	44	46	2	5	2
442	111	51	53	1	1	3
443	561	47	50	1	5	1
444	1548	12	14	1	5	2
445	428	14	17	3	1	3
446	356	51	52	1	2	3
447	740	31	34	3	3	2
448	1369	20	21	3	1	1
449	784	49	52	3	3	3
450	146	36	39	2	3	1
451	1055	50	51	2	4	1
452	822	1	4	1	2	2
453	896	6	9	2	1	1
454	1344	23	24	2	5	3
455	1726	21	23	1	3	3
456	505	20	23	1	2	3
457	1685	40	41	2	2	2
458	264	29	31	2	1	2
459	1475	42	44	3	3	1
460	451	28	29	3	5	2
461	432	53	56	2	4	1
462	1555	7	8	3	2	1
463	1380	50	52	1	1	3
464	1461	15	18	2	1	3
465	982	54	55	3	2	1
466	154	48	50	2	4	2
467	850	12	14	3	5	3
468	384	48	51	2	3	3
469	436	37	39	1	3	2
470	732	57	58	1	4	2
471	1418	55	56	2	1	1
472	558	48	50	2	2	2
473	1560	61	64	1	1	3
474	1303	7	8	2	2	3
475	1596	33	34	2	3	3
476	920	21	24	3	3	2
477	1172	17	18	1	3	1
478	1044	42	45	1	4	2
479	444	62	64	1	5	2
480	777	14	17	3	5	3
481	1489	51	53	2	4	2
482	1184	47	48	3	3	3
483	1120	48	51	2	2	2
484	308	24	27	2	1	1
485	800	25	27	3	4	1
486	1589	34	37	2	1	1
487	851	56	57	1	3	2
488	705	32	35	2	1	1
489	1518	42	44	2	4	2
490	756	16	18	1	2	3
491	1642	44	46	1	1	1
492	1660	6	8	1	5	1
493	503	35	38	2	4	1
494	700	14	15	1	5	2
495	1124	1	4	3	3	2
496	634	17	18	1	3	2
497	440	27	29	1	1	1
498	1406	63	64	1	3	2
499	943	4	6	2	2	2
500	737	30	32	2	5	1
501	1557	5	8	1	1	1
502	191	3	4	3	4	1
503	1445	18	21	1	1	2
504	335	48	51	3	1	1
505	1153	42	44	1	2	2
506	32	53	56	2	1	3
507	43	4	5	1	1	2
508	408	39	41	3	2	3
509	76	47	50	3	3	3
510	1309	35	36	3	3	3
511	1657	41	44	2	5	2
512	1189	18	19	3	3	3
513	440	34	37	3	5	2
514	107	19	21	1	1	3
515	143	27	29	3	1	2
516	8	19	20	3	3	3
517	1403	19	21	2	3	3
518	470	60	62	1	5	1
519	104	30	31	1	4	2
520	1595	12	15	2	4	1
521	586	1	3	1	3	3
522	821	26	27	1	3	3
523	1348	20	23	1	1	2
524	73	40	42	3	3	1
525	912	58	60	3	4	1
526	1109	49	51	3	1	1
527	118	2	4	3	5	2
528	1282	44	47	2	3	3
529	517	26	28	3	4	2
530	1104	57	58	2	4	2
531	838	26	27	3	1	3
532	1519	48	50	1	2	3
533	1081	28	30	1	4	1
534	56	22	25	2	5	1
535	153	33	34	1	2	1
536	1558	57	58	3	4	2
537	1500	55	58	2	2	2
538	1508	21	24	1	4	1
539	628	51	53	1	2	1
540	360	6	8	3	4	2
541	1094	9	12	2	4	1
542	1743	11	13	3	1	3
543	228	60	62	2	1	1
544	1462	29	31	1	3	1
545	1239	33	34	3	3	1
546	954	14	17	3	2	2
547	1363	43	45	2	3	2
548	1374	13	15	3	2	3
549	914	32	33	2	4	1
550	1323	8	10	1	1	3
551	1557	32	34	1	3	2
552	542	42	44	3	5	2
553	770	61	62	2	2	2
554	1250	19	21	3	3	2
555	548	38	40	2	3	2
556	461	57	59	2	1	3
557	1347	23	26	1	3	1
558	1569	49	51	3	4	2
559	224	31	34	1	2	1
560	874	56	58	2	3	1
561	595	1	2	2	3	3
562	1299	46	47	2	3	3
563	1216	48	51	2	3	3
564	1320	6	8	3	5	1
565	1549	52	53	2	2	1
566	1664	48	50	1	1	3
567	216	2	4	2	3	2
568	761	11	14	2	4	1
569	1442	22	25	3	5	1
570	999	47	50	2	2	3
571	1426	50	53	2	3	3
572	1236	35	38	1	4	1
573	1436	14	16	3	5	2
574	504	3	6	1	3	2
575	755	10	12	2	4	1
576	1007	44	45	2	4	2
577	60	55	56	3	1	2
578	1450	41	43	1	1	3
579	613	44	45	3	1	1
580	633	50	51	2	4	1
581	310	29	32	1	1	1
582	859	62	63	1	5	3
583	123	47	49	2	5	3
584	266	30	32	2	3	3
585	1373	29	32	2	1	2
586	1287	58	59	2	4	2
587	1316	40	43	3	4	1
588	541	20	21	2	4	1
589	620	25	28	2	3	3
590	1684	36	37	1	1	1
591	1331	38	40	2	2	2
592	513	15	16	3	1	1
593	1670	26	27	1	4	1
594	1144	22	24	2	2	2
595	783	57	58	3	5	3
596	891	9	11	2	5	1
597	1781	32	35	1	5	1
598	845	15	16	3	1	1
599	550	31	32	1	4	1
600	1729	52	54	2	5	2
601	1671	35	36	1	2	1
602	538	23	26	3	2	1
603	416	32	35	3	1	2
604	87	27	29	3	1	3
605	758	41	43	1	2	2
606	1778	32	35	3	5	2
607	680	37	40	1	3	3
608	1676	58	60	1	1	2
609	878	52	55	3	1	2
610	1132	9	11	3	5	3
611	1441	32	35	3	4	1
612	1628	42	43	3	3	3
613	1472	5	7	1	2	1
614	1564	58	61	2	4	1
615	623	22	24	2	4	1
616	1505	19	21	1	4	2
617	929	34	35	3	5	3
618	1246	43	46	3	1	2
619	24	33	34	1	4	1
620	825	41	43	2	1	3
621	480	27	28	3	3	3
622	969	35	36	2	2	3
623	180	36	37	2	5	3
624	165	39	42	3	4	1
625	708	1	3	1	4	1
626	290	3	6	3	4	1
627	485	14	16	2	2	2
628	1455	25	28	3	2	2
629	486	57	58	1	4	1
630	1023	35	36	1	3	2
631	29	46	49	1	4	2
632	660	32	33	2	5	3
633	1533	24	26	1	3	1
634	1132	50	53	2	4	1
635	1440	10	13	1	3	3
636	943	56	57	1	5	3
637	851	50	52	1	3	1
638	1585	25	26	3	4	2
639	1365	38	39	3	5	2
640	361	35	38	1	4	1
641	122	58	61	3	3	1
642	1117	16	19	3	4	2
643	292	36	39	3	1	3
644	1522	4	6	1	4	2
645	1659	46	48	3	5	1
646	437	39	41	3	5	1
647	237	5	6	3	4	1
648	364	27	28	2	1	2
649	467	47	48	2	5	1
650	822	62	63	2	5	2
651	175	27	29	3	4	1
652	1138	61	62	3	4	2
653	1092	45	48	1	1	2
654	1747	20	22	1	2	3
655	791	11	14	2	5	2
656	1212	5	7	2	4	1
657	1115	59	62	3	5	1
658	424	13	14	2	1	1
659	399	5	7	2	3	2
660	243	39	41	1	1	2
661	631	2	5	2	4	2
662	464	56	58	3	1	2
663	1411	39	40	1	4	2
664	58	63	64	1	3	1
665	1178	45	46	2	2	2
666	142	35	38	2	4	2
667	959	40	43	3	2	1
668	511	23	25	3	1	3
669	520	55	56	3	5	3
670	1272	50	53	1	3	2
671	852	47	49	1	5	3
672	227	46	49	2	5	1
673	1612	15	17	1	4	2
674	684	19	20	1	1	1
675	1435	39	41	1	4	2
676	1483	47	50	3	5	3
677	1364	55	57	3	3	3
678	510	18	19	2	4	1
679	1128	25	27	1	4	2
680	75	43	44	3	2	1
681	79	6	9	3	4	2
682	736	31	34	3	1	2
683	96	54	57	1	2	1
684	293	8	10	2	4	1
685	1042	2	3	1	2	3
686	354	38	40	2	4	1
687	1577	39	41	3	5	3
688	988	34	35	3	1	3
689	1552	55	58	2	3	1
690	1764	17	19	3	5	1
691	1760	54	57	3	4	2
692	89	60	63	2	2	3
693	1143	32	35	2	2	3
694	206	21	23	1	4	2
695	1393	10	12	3	4	2
696	824	56	58	1	3	3
697	308	10	11	2	1	3
698	989	60	63	2	2	1
699	622	61	63	2	3	3
700	1754	55	57	2	5	3
701	422	16	19	1	4	2
702	77	1	2	3	2	2
703	494	51	54	2	3	3
704	1341	17	19	1	5	1
705	164	55	56	1	5	3
706	1030	33	34	3	2	2
707	863	8	11	1	5	3
708	683	19	21	2	5	2
709	11	20	22	1	5	3
710	34	1	2	2	3	2
711	687	4	5	3	2	3
712	648	30	31	1	3	3
713	1610	32	35	1	3	1
714	502	14	15	1	1	1
715	1257	22	25	2	1	1
716	1248	36	37	2	1	2
717	1205	26	29	3	2	2
718	602	26	28	2	2	1
719	582	43	45	3	4	1
720	1566	53	55	1	1	1
721	499	37	40	3	1	2
722	1477	22	23	1	4	2
723	1414	58	59	3	2	3
724	523	13	14	2	4	1
725	1578	23	25	3	3	2
726	1452	39	40	2	5	3
727	1235	16	19	2	2	3
728	726	28	30	1	2	1
729	528	9	12	1	4	1
730	1136	22	24	2	2	1
731	673	10	12	3	3	2
732	706	12	14	2	1	2
733	1419	40	41	2	3	1
734	309	7	9	1	5	3
735	555	23	26	1	4	2
736	1496	15	17	2	4	2
737	97	11	13	1	2	1
738	481	43	45	2	4	1
739	1241	55	58	1	5	1
740	1714	10	12	2	2	3
741	1100	17	19	1	4	1
742	102	44	47	1	1	2
743	1285	3	5	1	2	3
744	12	16	19	2	5	3
745	395	6	7	1	4	1
746	1137	26	27	2	5	1
747	729	7	9	3	1	2
748	1095	62	64	1	5	2
749	1740	61	63	2	5	2
750	1553	25	26	3	3	2
751	1197	57	60	2	2	3
752	554	49	52	1	4	1
753	423	31	34	3	1	1
754	1391	58	60	1	2	1
755	592	38	40	3	5	3
756	747	42	45	2	3	1
757	997	55	58	3	1	3
758	1175	19	22	3	5	2
759	904	55	58	1	4	2
760	1649	23	25	2	3	1
761	145	5	7	3	1	2
762	458	1	4	2	5	2
763	614	13	15	3	5	3
764	1580	49	50	2	3	1
765	1479	46	49	2	1	1
766	860	41	44	2	1	2
767	1481	16	18	2	2	1
768	1443	54	56	3	1	1
769	882	19	20	1	1	2
770	1503	49	52	3	1	1
771	211	46	47	1	1	2
772	1511	11	13	2	3	2
773	1713	40	41	1	2	1
774	1214	51	54	3	1	2
775	751	53	55	3	5	2
776	547	15	17	3	5	1
777	366	15	18	3	4	1
778	759	39	42	2	4	1
779	686	8	10	3	2	3
780	56	52	55	3	3	1
781	809	27	29	2	3	3
782	1771	55	56	3	5	3
783	1247	25	28	2	3	2
784	327	38	40	1	1	2
785	892	33	36	3	4	2
786	551	44	47	3	5	2
787	357	28	31	3	5	3
788	984	30	31	2	4	2
789	1188	53	55	3	4	1
790	105	45	47	1	2	2
791	826	10	13	1	3	1
792	129	36	37	2	2	3
793	238	33	34	2	5	3
794	1689	43	46	1	2	1
795	1146	48	49	3	1	1
796	1337	1	3	2	3	2
797	1276	58	61	2	4	1
798	697	30	32	1	3	1
799	270	44	45	2	3	1
800	241	32	35	1	5	3
801	113	39	40	3	2	1
802	546	3	5	3	5	3
803	474	51	53	1	2	1
804	22	48	51	1	1	3
805	1473	22	25	1	5	2
806	242	40	41	3	4	2
807	918	49	52	2	2	2
808	665	14	16	3	3	3
809	1013	46	49	1	4	2
810	1739	21	22	3	5	3
811	388	61	63	2	5	3
812	973	34	36	3	4	1
813	1343	36	37	1	2	3
814	438	38	39	1	4	2
815	962	8	11	1	4	2
816	1250	26	29	3	3	1
817	894	43	46	1	1	2
818	1634	18	19	1	4	1
819	103	43	45	2	5	3
820	1353	58	60	1	1	2
821	645	42	43	1	3	2
822	1615	41	44	1	2	1
823	1501	20	21	2	4	1
824	843	45	46	2	3	3
825	298	54	57	3	3	1
826	1434	52	54	3	3	2
827	921	58	61	2	3	2
828	1445	62	63	2	1	2
829	1533	29	32	3	4	2
830	314	55	58	1	1	3
831	66	27	29	1	1	2
832	656	34	37	2	2	1
833	100	3	6	2	2	1
834	728	3	5	1	1	2
835	1459	39	41	3	2	3
836	94	49	50	2	4	1
837	215	54	55	1	1	1
838	36	52	55	1	5	1
839	1190	1	2	1	3	3
840	220	60	62	3	4	2
841	1163	26	28	2	3	3
842	776	35	36	1	2	2
843	33	13	15	2	5	1
844	1207	30	31	2	4	1
845	1012	21	23	2	5	1
846	1112	34	37	1	5	2
847	370	27	29	1	1	2
848	1623	11	12	1	4	1
849	126	20	23	2	4	1
850	249	22	25	1	1	1
851	1328	22	24	3	5	3
852	804	34	35	1	5	3
853	1061	5	8	3	4	2
854	1286	30	33	3	1	2
855	1587	45	47	3	1	3
856	1722	46	48	3	5	1
857	1068	12	13	1	4	1
858	1709	30	33	2	5	3
859	1278	59	62	1	2	1
860	78	39	42	2	3	1
861	488	8	11	1	4	2
862	1164	22	25	3	3	2
863	1371	4	7	1	1	1
864	725	31	32	1	1	2
865	1239	29	31	3	1	2
866	616	58	61	2	2	2
867	1490	8	9	1	4	1
868	1083	22	25	3	1	1
869	876	54	56	3	5	3
870	332	28	30	3	4	1
871	971	6	8	3	2	2
872	427	57	60	3	3	1
873	544	48	49	1	5	2
874	1679	6	7	2	4	2
875	404	22	25	1	5	3
876	1181	11	14	1	4	2
877	311	2	3	3	5	3
878	884	18	20	1	2	3
879	1663	25	28	3	2	3
880	257	40	43	1	3	1
881	881	33	36	1	2	3
882	382	54	57	1	4	2
883	1358	57	59	1	3	2
884	1379	41	43	3	1	3
885	1244	21	24	2	1	1
886	979	47	50	1	2	2
887	1385	35	37	3	4	2
888	341	57	60	3	2	3
889	324	51	53	3	2	2
890	1237	56	57	2	1	1
891	698	18	19	3	3	1
892	1523	22	24	1	1	1
893	820	34	35	2	1	1
894	200	27	28	1	5	2
895	1372	14	16	2	5	3
896	545	5	6	3	2	3
897	282	8	10	1	1	1
898	1366	33	34	3	2	3
899	166	39	42	3	2	2
900	250	36	38	2	1	2
901	544	58	61	3	1	3
902	501	47	48	3	3	3
903	1708	58	60	2	5	3
904	222	36	38	2	1	2
905	889	30	33	1	5	3
906	323	1	2	3	5	3
907	722	44	47	2	5	3
908	1034	19	20	2	4	1
909	1165	9	11	2	1	1
910	833	46	48	1	5	1
911	468	24	27	3	5	3
912	320	8	11	3	1	2
913	718	12	14	3	2	1
914	1129	24	26	3	5	3
915	47	38	41	1	3	2
916	140	34	36	1	2	2
917	1227	12	15	2	4	1
918	1301	14	17	1	2	1
919	279	56	58	2	1	1
920	171	7	8	1	4	1
921	694	6	7	3	3	2
922	1606	12	15	3	1	2
923	875	31	34	3	2	2
924	1544	34	35	2	4	1
925	1268	62	63	2	1	3
926	1395	54	57	2	4	1
927	1217	23	25	2	4	2
928	1182	41	43	2	3	2
929	950	33	35	3	5	1
930	316	45	46	1	1	2
931	907	7	10	1	4	1
932	1234	40	43	3	4	1
933	717	10	12	2	4	1
934	410	4	5	1	3	2
935	1368	3	4	1	2	3
936	639	58	59	2	5	3
937	1488	10	11	2	3	2
938	253	26	27	3	4	1
939	931	3	5	3	3	3
940	1263	59	60	1	2	3
941	188	50	51	3	4	1
942	1766	43	44	2	3	2
943	1655	5	7	2	5	2
944	1297	35	37	1	1	1
945	885	37	39	1	3	1
946	539	57	59	1	2	1
947	480	12	13	2	4	1
948	338	3	6	2	2	2
949	543	48	49	3	3	3
950	443	41	42	1	1	3
951	693	30	31	3	2	3
952	767	33	35	3	4	2
953	1632	37	38	1	4	2
954	500	53	55	2	2	2
955	387	46	49	3	4	2
956	1532	38	41	3	1	3
957	1662	34	36	3	4	1
958	649	38	39	2	1	2
959	1590	3	6	1	4	1
960	1738	52	54	1	2	2
961	1324	18	19	2	4	1
962	1243	13	15	3	3	1
963	556	27	28	1	4	2
964	1339	8	10	3	3	3
965	236	59	62	2	2	1
966	919	25	27	1	1	1
967	1259	31	32	3	1	3
968	137	45	48	2	4	1
969	1430	18	19	3	2	1
970	1134	34	36	3	5	1
971	969	46	49	1	2	1
972	240	24	26	3	2	3
973	28	60	62	1	4	2
974	198	42	44	1	5	3
975	1107	44	47	2	2	1
976	1773	23	26	3	4	2
977	1077	22	24	2	4	1
978	1624	60	61	2	4	1
979	1334	49	50	3	5	2
980	1691	32	34	2	1	3
981	1567	13	15	1	4	1
982	1224	10	11	2	1	2
983	457	30	31	1	2	2
984	284	31	33	1	5	3
985	93	31	34	1	2	1
986	1591	29	31	2	5	3
987	1178	55	58	1	4	1
988	1152	30	32	1	3	2
989	1008	27	28	3	5	3
990	1180	55	56	1	5	3
991	141	16	19	1	3	1
992	573	6	7	2	1	3
993	498	34	36	1	2	2
994	289	20	21	1	3	1
995	19	53	56	3	2	2
996	1609	19	21	1	1	3
997	1353	53	55	1	2	1
998	1080	59	62	2	1	2
999	185	57	59	1	1	3
1000	273	13	14	2	1	3
1001	1193	47	48	2	1	2
1002	365	21	24	2	2	1
1003	1732	11	13	3	1	3
1004	507	21	24	3	1	1
1005	498	19	21	1	5	3
1006	1432	13	15	3	5	2
1007	405	20	21	3	3	2
1008	1570	59	61	2	5	2
1009	1765	19	22	2	3	2
1010	284	3	6	3	3	1
1011	233	18	19	1	4	2
1012	688	53	55	3	2	2
1013	887	49	51	3	3	1
1014	1274	26	28	1	3	1
1015	1162	4	7	3	2	1
1016	508	48	49	1	3	3
1017	1506	25	28	3	1	2
1018	1618	2	5	3	4	2
1019	1329	35	38	2	5	1
1020	629	56	59	3	1	3
1021	1174	11	13	1	2	2
1022	1429	40	41	1	1	2
1023	1029	7	8	1	3	3
1024	1640	23	25	1	3	3
1025	799	12	13	1	1	3
1026	1032	50	51	3	4	2
1027	871	1	3	2	1	3
1028	1169	46	47	1	2	2
1029	514	49	50	1	2	3
1030	590	37	38	3	1	2
1031	151	19	20	1	2	1
1032	1333	25	27	3	3	2
1033	692	30	32	1	3	2
1034	30	13	14	3	5	3
1035	1396	23	24	2	2	2
1036	56	4	6	2	1	2
1037	406	37	39	3	5	1
1038	1410	33	35	1	2	1
1039	1619	37	40	2	1	3
1040	1067	50	53	1	2	3
1041	1020	20	22	2	1	2
1042	1424	39	41	3	2	2
1043	819	56	57	1	1	2
1044	72	53	56	2	3	3
1045	1235	15	17	2	3	3
1046	1428	61	62	1	1	1
1047	858	14	15	2	2	3
1048	247	15	18	2	5	1
1049	780	29	31	2	3	2
1050	1006	10	11	1	5	1
1051	1560	44	47	3	1	2
1052	656	2	5	1	1	2
1053	1210	46	49	1	3	3
1054	163	7	10	3	1	2
1055	1476	58	59	1	1	2
1056	246	1	4	3	3	2
1057	1388	33	34	1	3	3
1058	627	53	56	1	1	3
1059	1341	18	19	1	2	1
1060	1221	31	32	1	1	1
1061	271	52	54	2	3	2
1062	564	19	20	3	4	1
1063	31	21	23	2	2	1
1064	588	20	21	3	2	3
1065	1208	60	61	3	1	3
1066	509	7	8	1	1	2
1067	1308	36	37	2	5	3
1068	1275	12	15	2	2	3
1069	792	14	15	2	5	1
1070	1509	43	44	1	5	2
1071	115	2	5	2	2	2
1072	1088	28	31	2	5	1
1073	164	54	56	3	1	3
1074	893	21	23	2	3	3
1075	1018	1	3	2	5	2
1076	1273	54	57	3	4	1
1077	1750	5	8	1	1	3
1078	161	8	11	1	5	1
1079	1734	59	61	3	1	1
1080	903	22	23	3	1	3
1081	790	8	11	1	1	3
1082	127	50	53	2	4	1
1083	519	59	62	3	1	1
1084	1050	49	51	1	3	3
1085	746	55	58	3	3	3
1086	1122	29	32	1	5	3
1087	1748	42	44	1	3	3
1088	132	28	29	1	5	3
1089	856	18	21	2	4	1
1090	1650	4	5	3	4	1
1091	534	53	55	3	2	3
1092	646	42	45	2	1	3
1093	321	41	43	2	2	3
1094	1643	29	32	2	4	1
1095	947	7	10	2	5	2
1096	854	33	34	1	1	2
1097	1422	56	57	3	4	1
1098	113	1	4	3	5	1
1099	1586	15	18	2	4	2
1100	1059	48	51	2	5	2
1101	581	61	64	1	4	1
1102	1688	32	33	1	4	2
1103	844	28	29	2	5	1
1104	559	10	11	1	2	3
1105	798	1	4	1	4	2
1106	1168	6	9	2	2	2
1107	1478	11	12	3	4	2
1108	182	55	58	2	2	1
1109	1324	13	16	1	3	2
1110	1513	1	2	2	3	3
1111	1283	16	18	1	4	2
1112	1540	15	16	3	4	2
1113	1404	26	27	3	1	1
1114	120	50	53	3	4	2
1115	916	19	22	1	4	2
1116	576	19	21	2	5	3
1117	937	5	8	1	4	1
1118	806	45	48	2	5	3
1119	653	44	45	2	5	1
1120	1279	17	18	1	4	2
1121	346	61	62	1	1	1
1122	1554	39	42	2	4	1
1123	654	26	28	3	5	3
1124	173	3	5	2	5	3
1125	1010	57	59	3	4	2
1126	1716	47	49	2	4	1
1127	340	60	63	2	3	2
1128	1312	11	13	2	3	1
1129	836	31	33	3	4	1
1130	158	49	51	3	1	3
1131	598	38	40	3	2	3
1132	908	24	27	3	4	1
1133	235	4	5	2	2	3
1134	672	60	62	1	5	3
1135	963	43	44	3	5	1
1136	1094	36	39	2	5	1
1137	1039	48	51	2	4	2
1138	255	59	61	1	1	2
1139	1078	29	31	1	3	2
1140	48	61	62	3	3	3
1141	1439	49	51	3	5	2
1142	765	15	18	1	2	3
1143	1644	19	20	2	3	3
1144	1116	45	46	3	1	3
1145	1607	14	15	2	1	2
1146	781	12	13	2	2	1
1147	1072	39	42	3	1	2
1148	1031	30	32	1	4	2
1149	1492	11	12	1	5	2
1150	1322	8	9	2	4	2
1151	299	35	38	1	4	1
1152	88	38	39	3	3	3
1153	955	32	35	3	1	2
1154	476	50	53	3	2	2
1155	1616	24	25	2	1	1
1156	389	13	15	2	5	2
1157	1005	16	18	1	1	1
1158	214	43	44	1	2	3
1159	535	33	34	1	4	1
1160	1162	31	32	2	3	2
1161	932	16	18	3	2	1
1162	1414	61	62	3	5	3
1163	95	7	9	1	3	1
1164	1769	46	48	1	1	3
1165	1719	55	56	3	3	2
1166	1584	44	47	2	3	1
1167	970	53	54	1	3	1
1168	1776	23	26	3	1	2
1169	1264	15	16	3	3	2
1170	1718	36	37	2	1	1
1171	565	3	5	2	2	3
1172	540	35	38	2	4	2
1173	771	24	25	1	5	2
1174	842	23	25	1	1	3
1175	786	22	25	2	1	1
1176	1160	31	34	2	1	3
1177	1493	12	13	3	3	1
1178	1231	40	42	3	3	3
1179	868	50	52	1	4	1
1180	879	2	3	1	2	3
1181	1058	16	19	1	2	1
1182	1161	18	20	2	1	1
1183	596	34	37	1	2	1
1184	1065	59	62	3	3	2
1185	473	8	11	3	5	1
1186	1407	1	2	1	1	1
1187	967	61	63	2	4	1
1188	711	30	31	3	5	1
1189	300	56	58	2	2	2
1190	64	31	32	1	4	1
1191	1693	10	11	3	1	1
1192	1381	24	25	2	4	2
1193	304	34	36	3	4	2
1194	557	44	45	2	1	2
1195	1520	15	17	2	4	2
1196	1229	9	10	3	2	2
1197	1350	39	40	2	1	3
1198	1215	39	41	3	2	1
1199	1185	19	20	3	2	2
1200	1290	53	54	3	3	1
1201	516	11	12	3	3	3
1202	1114	5	8	2	2	3
1203	788	26	28	1	5	2
1204	1009	41	42	3	5	1
1205	883	27	30	1	1	2
1206	285	29	32	3	4	2
1207	748	5	6	2	3	1
1208	54	38	40	2	4	2
1209	1330	58	60	2	4	2
1210	1064	6	8	3	3	2
1211	147	33	34	3	1	2
1212	1315	15	18	2	3	2
1213	1156	51	54	3	5	3
1214	116	36	38	3	1	2
1215	497	5	6	3	3	2
1216	580	44	47	1	2	2
1217	1242	14	15	1	5	1
1218	518	32	33	1	4	1
1219	1622	24	26	2	4	2
1220	353	57	60	1	2	1
1221	119	34	35	1	4	2
1222	1507	6	8	3	5	3
1223	691	1	4	2	3	2
1224	139	56	59	3	3	3
1225	1482	16	17	3	4	2
1226	1070	30	32	1	2	2
1227	1246	7	9	3	1	2
1228	479	54	55	1	3	2
1229	637	6	7	2	1	2
1230	23	51	52	1	5	3
1231	366	30	32	1	2	3
1232	1427	41	43	3	1	1
1233	1183	40	41	1	4	2
1234	593	25	27	3	1	1
1235	1565	46	47	3	2	2
1236	1712	56	57	2	1	1
1237	1672	10	12	2	3	1
1238	1142	45	47	3	4	2
1239	252	12	13	1	4	1
1240	828	9	11	2	2	3
1241	448	7	10	1	2	3
1242	1147	5	8	1	2	1
1243	1675	14	16	3	4	2
1244	936	14	17	1	5	3
1245	183	56	59	2	2	1
1246	226	52	55	3	2	3
1247	944	3	6	3	3	3
1248	1383	24	25	2	2	2
1249	840	36	37	3	4	1
1250	847	24	26	1	3	3
1251	1219	8	9	1	4	2
1252	1027	55	58	3	3	3
1253	561	14	15	3	2	1
1254	807	26	27	1	2	3
1255	1252	13	16	3	1	1
1256	1605	29	30	2	2	2
1257	406	32	33	2	5	1
1258	1102	55	57	3	3	1
1259	41	39	40	2	1	2
1260	309	48	50	2	2	2
1261	1597	27	29	1	3	1
1262	959	24	27	3	1	1
1263	482	57	58	3	4	2
1264	258	20	22	1	5	1
1265	731	16	17	2	5	3
1266	663	38	41	3	2	1
1267	1004	26	28	3	3	3
1268	218	59	62	3	1	2
1269	615	6	9	3	4	1
1270	949	55	58	1	1	2
1271	765	53	56	2	1	3
1272	603	6	8	1	3	1
1273	1746	17	18	1	3	3
1274	584	45	48	1	5	3
1275	92	1	3	2	1	3
1276	843	62	63	1	4	2
1277	867	50	53	3	1	1
1278	207	19	22	1	1	3
1279	606	59	61	2	3	2
1280	330	50	52	2	5	1
1281	1715	12	15	3	3	2
1282	1563	9	10	3	1	2
1283	1715	57	60	1	1	2
1284	1637	40	41	3	5	3
1285	483	7	10	3	1	3
1286	371	18	20	3	4	2
1287	1302	3	5	2	1	3
1288	1465	17	19	1	2	1
1289	730	36	37	3	5	1
1290	265	22	23	2	5	2
1291	269	46	47	1	1	3
1292	998	58	59	1	4	2
1293	336	47	49	2	5	1
1294	197	30	31	1	3	1
1295	897	58	60	3	1	2
1296	1133	22	23	1	4	2
1297	657	6	8	2	2	2
1298	1538	35	36	2	4	1
1299	611	11	12	3	2	3
1300	1173	47	50	3	1	1
1301	1166	39	42	1	4	2
1302	1527	34	36	3	5	3
1303	99	22	23	3	4	1
1304	1334	11	14	2	3	1
1305	1047	20	21	1	3	3
1306	1111	18	21	1	4	1
1307	261	35	38	1	4	1
1308	1629	28	30	2	4	1
1309	1453	30	31	3	4	2
1310	951	13	14	3	5	2
1311	232	18	21	2	2	1
1312	360	45	46	2	3	3
1313	1405	12	15	2	4	2
1314	1318	55	56	2	2	1
1315	1150	36	37	3	3	2
1316	351	27	28	1	2	2
1317	1167	26	29	1	5	3
1318	167	11	13	3	1	3
1319	475	29	31	3	5	2
1320	1464	9	10	1	3	2
1321	487	13	15	3	1	3
1322	160	43	44	2	1	2
1323	1542	34	36	3	1	2
1324	906	36	37	3	3	1
1325	934	59	60	1	2	1
1326	527	47	50	3	5	1
1327	1	27	29	2	3	2
1328	272	26	29	3	5	1
1329	846	16	19	3	3	2
1330	52	53	55	3	3	1
1331	1265	15	16	3	4	2
1332	1491	19	22	1	2	1
1333	292	30	32	3	1	3
1334	682	48	51	1	1	1
1335	450	58	59	2	3	3
1336	1225	11	12	3	3	1
1337	150	36	38	1	4	2
1338	106	8	9	1	5	1
1339	21	24	27	3	5	3
1340	80	9	10	1	3	3
1341	646	24	27	2	1	2
1342	14	4	5	2	4	1
1343	1677	52	55	3	5	3
1344	1098	24	27	3	2	3
1345	1487	49	52	3	3	2
1346	2	39	42	2	1	1
1347	1064	10	13	2	1	1
1348	1040	34	36	1	1	1
1349	1264	28	30	2	5	2
1350	1281	34	35	2	3	1
1351	1402	40	42	3	4	2
1352	1054	29	32	3	3	3
1353	431	5	6	2	2	2
1354	855	38	41	2	1	1
1355	578	46	49	3	5	3
1356	1199	38	40	3	5	1
1357	275	1	4	2	4	1
1358	652	36	37	3	5	1
1359	117	20	23	3	2	2
1360	1480	60	61	2	4	2
1361	986	56	57	3	4	2
1362	1400	11	14	3	3	2
1363	372	31	33	1	5	1
1364	1421	58	61	3	5	3
1365	374	9	11	2	3	3
1366	1298	61	63	1	2	1
1367	244	39	42	3	1	2
1368	1737	21	22	2	2	3
1369	1056	8	9	3	3	2
1370	980	26	29	3	1	1
1371	208	59	60	1	1	3
1372	1045	32	34	1	2	2
1373	1772	32	33	1	2	3
1374	1514	3	5	3	3	3
1375	1534	46	48	2	4	2
1376	626	46	49	3	4	2
1377	1398	36	38	2	2	1
1378	1048	3	6	1	1	3
1379	156	38	41	3	4	2
1380	1536	23	25	3	3	2
1381	126	18	20	3	3	1
1382	1758	45	47	1	3	3
1383	709	2	4	2	1	1
1384	1647	35	37	2	4	1
1385	1574	23	26	2	5	1
1386	739	42	45	1	1	2
1387	1352	8	10	1	1	2
1388	1420	14	17	1	5	1
1389	319	17	20	1	2	1
1390	650	7	9	2	3	1
1391	1707	52	54	3	4	1
1392	853	32	35	3	4	2
1393	1071	38	41	3	3	3
1394	6	4	5	3	3	1
1395	991	41	42	1	4	2
1396	597	38	41	2	5	1
1397	1236	40	42	1	2	3
1398	496	47	49	3	4	1
1399	309	27	30	2	1	1
1400	1043	9	11	3	1	2
1401	1346	1	2	2	2	3
1402	192	47	48	3	5	1
1403	827	58	60	1	4	2
1404	689	29	30	2	3	2
1405	1195	12	15	3	5	3
1406	1415	13	15	2	5	1
1407	1167	46	49	3	5	1
1408	678	34	36	3	5	3
1409	349	3	4	1	3	3
1410	98	46	49	3	5	2
1411	735	30	31	1	4	2
1412	16	47	50	1	4	1
1413	1728	15	17	1	5	2
1414	632	49	51	2	1	1
1415	1739	61	62	1	1	3
1416	1076	34	37	2	3	1
1417	1517	12	14	2	3	1
1418	525	38	39	3	2	2
1419	48	15	16	1	2	3
1420	815	20	22	3	5	2
1421	1572	35	38	1	2	2
1422	1367	57	58	2	2	1
1423	968	27	29	1	2	1
1424	1250	9	11	1	5	2
1425	381	19	22	2	4	2
1426	1703	27	28	2	2	3
1427	331	55	56	1	4	2
1428	787	43	46	1	1	1
1429	125	5	6	1	2	3
1430	529	60	62	2	5	3
1431	616	4	7	3	2	2
1432	1325	29	31	3	1	1
1433	1539	15	18	1	5	3
1434	1437	21	23	2	2	1
1435	1658	39	42	2	5	3
1436	1767	60	62	3	2	3
1437	229	37	40	3	5	3
1438	948	38	41	3	4	2
1439	817	31	34	3	4	1
1440	1762	20	22	3	3	2
1441	295	44	47	2	1	2
1442	1006	37	40	3	4	1
1443	1037	20	22	3	5	1
1444	1038	43	44	2	5	2
1445	301	28	29	1	3	1
1446	307	49	50	2	2	2
1447	1149	13	16	1	4	1
1448	333	55	58	3	1	1
1449	745	24	26	2	5	2
1450	15	60	63	1	2	3
1451	1096	57	59	1	5	3
1452	254	2	3	2	2	3
1453	1066	26	27	1	1	3
1454	1700	11	12	1	4	2
1455	482	31	32	3	5	2
1456	380	17	18	3	5	2
1457	636	38	39	2	5	2
1458	1659	17	19	1	5	1
1459	823	26	29	3	5	1
1460	1546	17	19	1	2	2
1461	1682	27	28	3	5	3
1462	1062	16	17	2	3	1
1463	1547	13	16	1	4	1
1464	162	56	58	1	2	1
1465	1526	26	27	1	3	3
1466	348	7	9	1	3	1
1467	1218	21	22	1	2	1
1468	1665	11	12	1	2	1
1469	972	3	4	2	5	2
1470	713	29	30	1	2	1
1471	1495	19	22	1	2	1
1472	1203	32	33	1	2	3
1473	869	43	46	2	1	1
1474	683	2	4	3	3	1
1475	1779	20	21	3	3	3
1476	1486	10	11	3	4	1
1477	837	25	28	1	2	1
1478	779	1	4	3	1	1
1479	1582	55	57	2	1	1
1480	1141	49	50	1	4	2
1481	1710	41	42	3	3	1
1482	1176	20	23	1	4	1
1483	681	60	61	1	3	3
1484	1085	55	57	1	2	3
1485	491	24	27	3	1	2
1486	1390	13	16	1	3	1
1487	961	7	9	2	1	2
1488	1572	54	55	1	3	2
1489	1553	16	17	3	5	1
1490	1661	2	5	3	2	2
1491	806	55	58	3	1	1
1492	1466	26	28	3	4	1
1493	522	28	30	2	2	3
1494	1504	12	15	1	2	1
1495	782	25	27	3	1	2
1496	1025	8	9	3	3	2
1497	1704	7	8	2	5	3
1498	667	40	43	1	2	2
1499	172	34	35	1	2	3
1500	186	9	10	3	4	2
1501	1256	50	53	2	5	3
1502	1613	24	26	2	5	2
1503	805	11	14	3	3	3
1504	1766	59	60	2	2	2
1505	696	35	37	3	5	3
1506	27	51	54	3	1	2
1507	358	10	12	1	2	2
1508	877	39	41	2	2	3
1509	170	37	39	2	4	1
1510	794	47	49	2	4	1
1511	1183	57	59	2	5	1
1512	524	53	56	2	1	3
1513	1551	49	51	1	3	2
1514	148	9	12	1	2	3
1515	1531	21	23	3	3	2
1516	53	35	38	1	2	2
1517	1744	31	33	3	2	2
1518	1127	40	41	2	3	2
1519	18	7	10	1	1	3
1520	983	57	59	1	4	2
1521	149	16	19	2	1	3
1522	196	45	47	2	2	2
1523	206	18	21	3	5	2
1524	925	38	39	1	1	3
1525	1653	31	33	1	3	3
1526	1198	26	29	2	5	3
1527	609	30	32	3	2	2
1528	325	48	51	2	3	1
1529	133	53	55	3	4	2
1530	1057	43	44	3	2	3
1531	586	51	53	3	1	1
1532	710	12	14	3	1	2
1533	1187	25	28	1	4	1
1534	471	27	30	1	5	3
1535	569	28	30	1	2	3
1536	764	41	43	3	4	1
1537	793	22	23	1	1	3
1538	1090	25	28	3	4	1
1539	1019	26	28	2	3	3
1540	810	41	44	3	5	3
1541	1411	31	32	3	1	3
1542	141	2	4	3	1	2
1543	1171	34	37	2	5	3
1544	1186	17	20	3	1	1
1545	1523	57	59	3	2	2
1546	721	27	30	1	1	1
1547	201	18	20	3	3	3
1548	230	44	45	3	4	1
1549	1036	38	39	1	5	1
1550	549	28	31	3	5	3
1551	909	11	13	1	2	1
1552	1213	20	21	1	5	3
1553	1636	32	33	3	2	1
1554	256	26	29	3	1	3
1555	1340	53	56	1	4	2
1556	213	38	40	3	4	2
1557	391	15	16	3	1	2
1558	938	32	35	2	1	1
1559	1722	4	7	1	5	1
1560	956	14	16	1	3	1
1561	1106	22	23	1	5	3
1562	743	54	57	3	1	3
1563	1343	40	41	2	3	2
1564	1201	57	58	3	3	2
1565	944	17	20	3	2	3
1566	73	33	35	2	1	1
1567	1652	44	47	2	2	3
1568	176	46	49	2	4	1
1569	1600	6	9	3	5	2
1570	46	11	14	1	3	1
1571	568	24	25	3	1	1
1572	888	6	7	2	2	3
1573	1120	51	53	1	1	2
1574	1678	47	50	1	3	1
1575	1148	30	31	2	3	3
1576	546	31	32	3	1	3
1577	459	15	17	3	2	3
1578	1319	12	14	3	5	3
1579	1686	7	9	3	5	3
1580	41	40	41	3	4	2
1581	974	59	62	1	1	3
1582	1723	13	15	1	1	3
1583	1319	51	54	1	3	1
1584	1669	20	23	1	5	3
1585	1458	46	49	3	4	1
1586	1425	57	60	3	3	3
1587	1759	40	41	3	5	3
1588	1598	50	51	2	2	3
1589	811	38	41	1	2	3
1590	1550	28	29	3	3	3
1591	715	53	56	2	5	2
1592	1209	25	28	2	5	3
1593	1356	6	7	2	2	3
1594	1266	6	9	1	5	3
1595	977	4	6	2	5	2
1596	1016	19	21	1	3	1
1597	1022	37	40	2	5	2
1598	289	52	54	2	3	3
1599	1735	40	41	3	2	1
1600	315	43	44	1	1	2
1601	363	20	21	1	4	1
1602	1332	56	57	2	3	3
1603	1687	58	61	3	4	2
1604	927	47	49	3	1	1
1605	1413	33	35	2	2	1
1606	674	1	3	2	3	1
1607	278	35	36	3	5	2
1608	377	35	37	1	2	3
1609	1668	4	5	2	5	3
1610	430	42	44	1	5	2
1611	841	1	2	3	1	2
1612	1431	59	61	3	1	1
1613	766	18	19	2	3	2
1614	367	61	63	1	5	2
1615	818	12	15	1	4	2
1616	935	47	48	3	3	2
1617	1255	51	52	2	3	2
1618	992	32	35	2	1	2
1619	681	41	44	3	2	1
1620	447	28	29	3	2	2
1621	1512	23	25	1	4	1
1622	551	50	51	2	2	3
1623	1177	32	33	3	3	1
1624	910	42	43	2	3	2
1625	506	34	37	1	4	1
1626	1412	10	11	3	5	2
1627	560	23	24	2	1	1
1628	1097	56	58	1	4	1
1629	426	31	33	3	1	2
1630	708	58	60	3	2	3
1631	179	54	55	1	3	3
1632	1118	10	11	3	3	2
1633	695	8	11	1	2	2
1634	1777	12	14	1	3	2
1635	570	20	23	1	4	2
1636	350	10	13	3	5	3
1637	1307	18	21	2	2	1
1638	721	39	41	3	2	3
1639	1378	20	23	3	4	1
1640	212	30	33	3	3	1
1641	965	8	10	1	2	1
1642	1234	53	55	2	2	2
1643	1745	5	7	1	4	1
1644	119	31	32	1	4	1
1645	536	5	7	3	3	3
1646	553	57	60	1	2	2
1647	1646	39	42	1	4	2
1648	1051	28	31	2	2	1
1649	618	45	47	1	5	1
1650	924	54	57	3	1	2
1651	1336	39	42	1	3	3
1652	531	2	5	1	5	3
1653	144	24	27	1	5	1
1654	741	51	53	2	1	1
1655	1140	5	6	2	3	3
1656	1292	25	27	1	5	1
1657	738	23	25	1	2	2
1658	1226	23	25	2	2	1
1659	60	18	20	1	3	2
1660	1463	22	23	3	5	3
1661	574	32	34	2	3	3
1662	37	53	55	3	2	3
1663	701	41	43	2	5	2
1664	1416	24	26	1	1	1
1665	194	17	20	3	1	1
1666	445	22	25	3	3	2
1667	1543	42	43	3	1	2
1668	1251	40	43	2	3	3
1669	942	29	30	2	2	2
1670	621	41	42	1	1	1
1671	337	40	41	2	5	1
1672	91	48	49	1	5	1
1673	803	7	10	2	2	2
1674	1109	52	53	3	2	2
1675	248	4	7	2	3	1
1676	478	29	32	3	4	2
1677	1674	5	8	2	4	1
1678	750	38	40	2	4	1
1679	203	20	21	3	1	2
1680	1423	14	17	3	4	2
1681	484	46	49	1	2	2
1682	720	7	9	3	5	3
1683	4	30	33	3	5	1
1684	1469	9	11	2	1	2
1685	459	2	3	3	4	1
1686	716	12	13	3	3	1
1687	344	19	21	1	3	1
1688	1571	21	23	2	5	2
1689	312	6	8	1	5	2
1690	368	27	30	2	3	1
1691	762	25	27	3	3	2
1692	342	27	28	2	5	1
1693	1089	21	24	1	4	1
1694	86	42	45	3	2	3
1695	1099	20	22	2	3	2
1696	1502	50	53	1	5	1
1697	1306	47	48	1	4	2
1698	1467	5	7	1	5	3
1699	1046	1	3	1	4	1
1700	268	53	56	1	1	3
1701	773	59	61	3	2	1
1702	26	14	16	1	4	2
1703	1683	12	13	2	5	2
1704	209	11	14	2	3	2
1705	1082	17	20	3	4	2
1706	1579	46	47	3	5	2
1707	251	48	50	3	4	2
1708	1351	15	17	2	2	3
1709	814	49	52	1	1	2
1710	1262	46	49	3	3	1
1711	1496	57	58	1	5	1
1712	601	12	13	2	4	2
1713	45	41	42	3	2	2
1714	1554	14	16	2	5	2
1715	1053	60	61	2	3	2
1716	280	24	26	3	2	2
1717	1470	52	55	2	2	3
1718	413	4	7	2	2	3
1719	1685	41	44	3	3	2
1720	1063	43	46	2	5	1
1721	1774	41	43	3	1	2
1722	489	53	55	3	3	2
1723	685	61	62	2	1	3
1724	933	39	42	2	5	1
1725	452	29	32	1	4	1
1726	801	54	57	3	1	1
1727	1680	55	56	3	4	2
1728	449	20	22	3	3	3
1729	1521	60	62	3	1	3
1730	664	47	50	2	5	1
1731	577	3	5	1	1	2
1732	57	21	24	2	2	1
1733	518	48	49	2	1	3
1734	1635	22	23	1	2	3
1735	88	14	15	1	3	1
1736	1300	30	31	2	5	3
1737	313	28	29	1	4	1
1738	7	32	33	1	1	1
1739	753	4	6	3	3	2
1740	670	45	48	3	4	1
1741	1624	3	4	3	3	3
1742	303	5	6	1	4	1
1743	401	38	39	2	2	2
1744	599	23	25	3	4	2
1745	754	48	50	2	1	3
1746	569	39	42	1	2	2
1747	373	45	47	1	5	2
1748	1101	51	53	2	3	2
1749	1568	13	14	1	1	1
1750	1011	32	34	2	4	2
1751	1780	27	28	3	4	1
1752	558	59	62	2	3	3
1753	988	23	26	2	2	3
1754	617	56	57	3	4	2
1755	1034	31	32	2	5	2
1756	832	38	41	1	5	2
1757	130	20	21	3	1	3
1758	985	61	64	1	1	1
1759	1460	43	46	3	2	3
1760	707	30	32	1	1	1
1761	1561	5	8	1	2	3
1762	660	60	62	1	1	3
1763	742	2	4	3	2	1
1764	152	50	53	3	3	3
1765	347	24	27	1	4	2
1766	733	45	47	3	5	1
1767	1202	57	58	2	2	2
1768	897	28	29	2	5	1
1769	1165	23	26	1	3	1
1770	1755	20	22	2	2	1
1771	1202	50	52	3	1	3
1772	455	36	37	3	5	2
1773	940	19	20	2	3	1
1774	1401	48	50	1	2	1
1775	1294	27	29	1	3	2
1776	608	31	33	3	2	1
1777	802	2	5	1	5	2
1778	317	1	2	2	5	3
1779	1592	60	61	1	2	1
1780	1621	47	49	1	1	1
1781	677	11	12	2	1	2
1782	1230	47	49	2	5	1
1783	13	1	4	3	5	1
1784	326	53	56	1	3	3
1785	511	17	20	2	1	3
1786	1688	60	61	1	3	1
1787	1395	12	14	2	5	3
1788	397	3	4	1	1	1
1789	880	20	22	1	5	3
1790	890	28	30	2	2	2
1791	51	22	23	1	1	1
1792	178	6	8	1	2	2
1793	1739	55	56	2	3	3
1794	1756	27	28	1	5	2
1795	1627	25	28	2	1	2
1796	406	20	22	2	3	2
1797	1060	58	61	3	4	1
1798	181	12	15	1	2	1
1799	490	38	39	1	2	3
1800	976	9	11	1	2	3
1801	978	7	9	3	3	1
1802	1601	24	26	1	3	3
1803	1529	15	17	3	3	1
1804	392	11	13	3	3	3
1805	687	42	44	2	2	2
1806	283	47	48	3	1	3
1807	460	22	24	3	1	3
1808	1002	17	19	2	5	2
1809	1614	51	52	1	4	2
1810	322	4	6	1	4	2
1811	1701	50	51	1	5	3
1812	131	25	27	1	2	2
1813	274	39	40	1	1	3
1814	1091	30	31	2	5	3
1815	274	9	11	1	4	2
1816	203	31	33	1	2	3
1817	205	37	40	2	2	2
1818	1297	28	31	3	5	3
1819	1397	45	47	3	4	1
1820	1409	62	64	1	5	2
1821	922	13	16	2	4	1
1822	873	60	61	2	1	1
1823	1126	28	30	2	3	3
1824	905	33	34	1	3	2
1825	535	4	6	3	5	1
1826	1321	55	56	2	4	2
1827	305	30	32	1	1	3
1828	1730	32	35	3	2	3
1829	394	12	14	1	5	3
1830	1084	21	22	3	2	1
1831	322	35	37	3	1	3
1832	259	60	63	2	5	2
1833	121	24	25	1	3	2
1834	1335	8	11	1	3	3
1835	386	32	35	3	2	3
1836	343	21	23	2	1	2
1837	1702	43	45	2	4	2
1838	984	48	51	3	4	1
1839	1456	24	27	1	2	1
1840	277	19	22	3	3	3
1841	1457	1	2	2	3	2
1842	833	35	38	1	2	2
1843	1015	34	35	2	2	1
1844	195	4	7	3	2	3
1845	493	38	39	1	5	2
1846	1727	58	60	2	4	2
1847	544	17	20	2	2	2
1848	112	2	4	1	1	2
1849	71	23	25	3	5	2
1850	1645	22	25	2	2	2
1851	1667	48	49	2	5	2
1852	262	8	10	3	3	1
1853	1240	58	61	1	3	1
1854	638	2	4	2	5	3
1855	62	63	64	1	5	3
1856	328	56	59	3	1	1
1857	294	13	14	3	4	2
1858	533	40	41	3	4	1
1859	1749	2	3	3	3	1
1860	1720	35	38	3	5	3
1861	1003	10	13	3	4	2
1862	35	56	58	1	5	1
1863	1603	37	39	3	1	3
1864	202	30	31	1	1	3
1865	1633	23	25	3	2	1
1866	108	25	26	2	5	2
1867	661	1	4	3	3	3
1868	996	18	21	3	3	1
1869	1200	48	51	2	5	3
1870	1446	33	36	3	2	3
1871	1118	1	3	3	2	2
1872	1454	25	26	3	2	2
1873	281	58	61	2	1	2
1874	1148	8	11	2	5	3
1875	808	63	64	1	3	2
1876	1268	14	16	2	5	2
1877	1342	15	18	1	1	1
1878	857	10	13	2	1	3
1879	1119	15	18	3	2	3
1880	1158	5	8	1	4	1
1881	255	53	56	1	5	1
1882	1174	32	33	3	3	2
1883	200	11	14	2	5	2
1884	640	43	44	1	4	2
1885	802	49	51	3	5	2
1886	1724	20	22	1	4	2
1887	477	20	21	3	3	3
1888	44	14	16	3	1	1
1889	204	22	23	1	2	3
1890	1770	31	34	3	3	2
1891	17	48	51	2	1	3
1892	1389	36	39	3	1	2
1893	897	60	62	2	3	3
1894	396	11	13	1	2	1
1895	1113	32	33	1	5	2
1896	305	30	31	1	4	1
1897	526	3	5	1	1	1
1898	1630	50	52	1	3	2
1899	1232	10	12	2	5	1
1900	189	21	22	3	5	3
1901	1024	40	41	2	4	2
1902	865	48	50	1	3	1
1903	830	25	28	1	3	2
1904	168	47	49	3	2	3
1905	771	52	54	2	5	2
1906	1125	28	31	2	1	1
1907	593	11	12	3	3	1
1908	441	10	13	2	4	2
1909	1079	9	12	1	3	2
1910	1528	46	49	1	4	1
1911	33	33	34	2	4	1
1912	1258	30	32	2	5	1
1913	1191	39	42	3	3	2
1914	1576	50	52	1	4	1
1915	334	28	31	1	3	1
1916	1695	63	64	1	5	3
1917	1768	57	59	2	1	3
1918	306	15	16	3	3	2
1919	3	44	45	3	1	1
1920	155	20	21	2	3	3
1921	778	42	45	3	2	3
1922	886	42	44	3	4	1
1923	420	47	49	2	4	1
1924	294	10	12	3	2	3
1925	469	8	9	2	4	2
1926	1130	49	51	2	2	3
1927	418	44	45	2	5	1
1928	1317	38	39	3	3	2
1929	1204	22	25	1	5	1
1930	666	23	25	2	5	3
1931	1617	18	20	1	1	3
1932	83	35	37	1	5	1
1933	286	19	21	2	4	2
1934	1535	6	9	3	1	2
1935	574	12	14	1	4	1
1936	210	39	40	1	5	1
1937	82	11	14	1	2	3
1938	1434	38	41	3	4	2
1939	448	47	50	2	3	3
1940	193	61	64	1	2	3
1941	219	25	27	2	1	3
1942	1762	54	57	3	5	2
1943	68	6	7	2	4	1
1944	1069	42	43	1	2	1
1945	1271	8	11	1	3	3
1946	59	34	37	3	5	2
1947	1599	49	52	1	4	1
1948	870	13	15	2	5	3
1949	1590	21	24	2	2	2
1950	177	29	30	1	4	1
1951	385	52	55	1	5	2
1952	898	43	44	1	5	1
1953	1772	7	10	3	5	3
1954	831	51	54	1	4	2
1955	1726	56	59	2	1	2
1956	1170	4	7	1	4	2
1957	915	25	28	3	3	3
1958	1562	41	42	2	2	3
1959	1314	29	31	3	4	2
1960	1114	7	9	2	5	1
1961	862	17	20	1	5	2
1962	1638	2	5	2	1	3
1963	830	19	20	3	2	1
1964	1602	21	24	2	1	2
1965	90	26	27	3	3	2
1966	1183	49	50	1	2	1
1967	958	12	13	1	5	2
1968	1357	28	29	3	5	3
1969	138	43	45	3	4	1
1970	1697	55	57	2	5	2
1971	434	12	14	2	4	2
1972	1433	21	23	1	2	2
1973	446	42	43	1	4	1
1974	1752	49	50	1	1	2
1975	1119	53	54	2	2	1
1976	345	9	12	1	4	1
1977	1447	25	28	2	1	1
1978	734	54	55	1	5	1
1979	359	11	14	3	4	2
1980	945	43	46	2	5	1
1981	379	58	60	1	1	3
1982	276	49	52	2	5	1
1983	329	42	44	3	1	1
1984	297	52	54	1	3	3
1985	1438	13	15	1	2	3
1986	1280	8	10	3	5	2
1987	755	36	39	3	4	2
1988	439	34	37	3	4	2
1989	454	37	39	2	4	2
1990	590	46	49	1	5	3
1991	1293	18	20	3	5	2
1992	1338	16	19	3	3	1
1993	473	58	61	2	3	3
1994	101	16	19	2	2	1
1995	70	49	51	2	1	3
1996	1524	17	19	3	3	2
1997	946	7	8	2	4	1
1998	901	12	13	2	3	1
1999	1269	6	8	2	1	1
2000	642	9	11	2	5	1

