DATASET = ORTEC-hidden instance set VeRoLog competition
NAME = vehicle days over tools over vehicles over distance with 2500 requests over 75 days

DAYS = 75
CAPACITY = 45
MAX_TRIP_DISTANCE = 17000
DEPOT_COORDINATE = 0

VEHICLE_COST = 5000
VEHICLE_DAY_COST = 50000000
DISTANCE_COST = 1

TOOLS = 3
1	12	84	500000
2	9	78	300000
3	3	86	500000

COORDINATES = 2186
0	7410	5448
1	8284	6131
2	7450	6132
3	8728	6138
4	6617	7532
5	5701	6147
6	9397	6149
7	4347	6152
8	8808	6153
9	8409	6157
10	8275	6163
11	7660	6167
12	7802	6168
13	9134	6173
14	3666	6175
15	8677	8142
16	9144	6183
17	4263	6192
18	5472	6193
19	7086	6195
20	8565	6203
21	6168	8008
22	7528	6208
23	8482	6217
24	7597	6221
25	8119	6222
26	8339	6227
27	8007	6236
28	8805	6237
29	3943	4146
30	7624	6241
31	4192	6249
32	7527	6249
33	8731	6251
34	7231	6257
35	8582	6262
36	7894	6264
37	6006	6270
38	4320	6284
39	4030	6288
40	7700	6290
41	7895	6301
42	6046	6301
43	3881	4157
44	8183	6309
45	8247	6309
46	3916	6312
47	7462	6312
48	7511	6317
49	6685	7938
50	5985	6320
51	7465	6331
52	4058	6337
53	8445	6343
54	8385	6345
55	8496	6350
56	8235	6363
57	7275	6363
58	6212	6371
59	6309	2164
60	4434	4169
61	7491	6386
62	3823	6398
63	6698	6406
64	3572	6410
65	5912	6413
66	8441	6415
67	3943	6418
68	3848	6424
69	6909	6430
70	1452	2175
71	6895	6454
72	7469	6455
73	4437	6459
74	7635	6467
75	7538	6188
76	8236	6478
77	3459	6483
78	4351	6492
79	3366	6496
80	3614	6498
81	8080	6500
82	7089	6193
83	8683	6504
84	8050	6505
85	6791	6506
86	9497	6011
87	7567	6516
88	3351	6528
89	8385	6532
90	8160	6550
91	4263	4198
92	3681	6554
93	4435	4200
94	6960	6588
95	8197	6594
96	8721	6595
97	5939	8213
98	8080	6605
99	7373	6605
100	7349	6609
101	8268	6629
102	8872	6631
103	6978	6633
104	3556	6217
105	7590	6648
106	7030	6653
107	3650	6656
108	8056	6657
109	7403	6659
110	6872	7950
111	7414	6666
112	7685	6673
113	8803	6673
114	7282	6675
115	3869	4218
116	7817	6678
117	8062	6679
118	4236	6223
119	4008	4220
120	3725	6686
121	7863	6686
122	8862	6224
123	8004	6696
124	4161	6702
125	8771	6702
126	4235	4223
127	4002	6707
128	7961	6710
129	4129	6713
130	8388	6713
131	8605	6228
132	7907	6721
133	4534	4226
134	7978	6724
135	8504	6736
136	7763	6738
137	6488	6744
138	8604	6749
139	3692	6750
140	6771	6758
141	6534	6760
142	8625	6763
143	4180	6765
144	4199	6766
145	4214	6767
146	7688	6780
147	3702	6786
148	3645	6792
149	8303	6792
150	8747	6798
151	7689	6803
152	3639	6805
153	8598	6808
154	3755	6814
155	7125	6814
156	3363	6820
157	3718	6821
158	6875	6823
159	8320	6828
160	4245	6835
161	8581	6835
162	8661	6836
163	7129	6837
164	8737	6842
165	8479	6842
166	9081	8356
167	8062	6851
168	7775	6856
169	8084	6859
170	6885	6862
171	4281	4251
172	8726	6874
173	8758	6876
174	6932	6883
175	8681	6885
176	8480	6887
177	8117	6888
178	4033	6892
179	4198	6903
180	9547	6913
181	8492	4258
182	8681	6921
183	8451	6924
184	4572	6932
185	8750	6934
186	7447	6938
187	7439	6939
188	7452	6940
189	4007	6944
190	3471	6949
191	8720	6954
192	8041	6960
193	7794	6961
194	4289	6963
195	3649	4267
196	7881	6965
197	6777	6969
198	7767	6970
199	9110	6976
200	8598	6976
201	8412	6979
202	8214	6987
203	6359	4272
204	7185	7000
205	8741	7001
206	8440	7003
207	6831	7004
208	4240	7014
209	7314	7017
210	7844	7020
211	7855	7021
212	4107	7023
213	4277	7026
214	7729	7027
215	8780	7027
216	8678	7028
217	7370	7029
218	6395	4278
219	6925	7034
220	8134	7035
221	7672	7035
222	7839	7037
223	5928	7041
224	8743	7048
225	9362	7055
226	8157	7058
227	6871	7060
228	4114	7061
229	8759	7067
230	8801	7069
231	4319	4284
232	4012	7073
233	3466	7079
234	8052	6289
235	6757	8293
236	8857	7087
237	8492	7090
238	7533	7091
239	8742	7094
240	4020	7095
241	3899	7097
242	8766	7097
243	7747	7100
244	7642	7100
245	7533	8296
246	5886	7106
247	3923	7110
248	4528	2361
249	7738	7111
250	4419	7115
251	7153	7116
252	7699	7120
253	8138	7124
254	7184	7129
255	8491	7135
256	6744	7140
257	8491	7142
258	4382	7144
259	7680	7146
260	8140	7148
261	6693	6301
262	3518	7158
263	8916	7159
264	8771	7164
265	7379	7170
266	4779	3964
267	6782	7177
268	7324	7180
269	8774	4302
270	3511	7189
271	7493	7196
272	9083	7196
273	6813	7209
274	4416	7223
275	3902	7225
276	3368	7227
277	8197	6313
278	7757	7228
279	3437	7236
280	8794	7235
281	7766	7241
282	4219	7248
283	8764	7251
284	7349	7258
285	8076	7262
286	4918	7264
287	4951	7265
288	7980	4316
289	4140	7267
290	8513	7277
291	6795	7280
292	3762	7285
293	5851	7285
294	8002	7288
295	4411	7289
296	8268	7290
297	8112	7312
298	6693	7312
299	6909	7317
300	7793	7324
301	3746	7327
302	7400	7331
303	9629	7341
304	3367	7344
305	8216	7347
306	8048	7348
307	7174	7362
308	7829	7363
309	3892	7365
310	3779	7367
311	7654	7367
312	6301	7373
313	7256	7390
314	8960	7392
315	7643	7400
316	7245	7402
317	6549	2338
318	6971	7422
319	7767	7426
320	5979	7440
321	3841	7443
322	8342	6350
323	3547	7448
324	7309	7458
325	8328	7461
326	7635	7466
327	8652	7474
328	8543	4351
329	8096	7476
330	7765	7483
331	3871	7487
332	6362	4354
333	9024	7494
334	9628	7502
335	7344	7506
336	8259	7513
337	6486	7515
338	3832	7518
339	7781	7518
340	4165	4360
341	8119	7528
342	3807	7532
343	6794	7537
344	3680	7538
345	6439	7538
346	6530	7539
347	7732	7540
348	6994	7542
349	6918	7542
350	6448	7544
351	7043	7544
352	6088	7556
353	6766	7557
354	8612	7567
355	6484	7569
356	8247	7576
357	6815	2367
358	4386	7590
359	4310	4372
360	7680	7599
361	4388	4373
362	7296	7609
363	6389	7609
364	7734	7611
365	8349	7616
366	7920	7617
367	7608	7620
368	6553	7623
369	4336	6380
370	7112	7627
371	8490	7629
372	9386	7636
373	2908	2779
374	6850	7641
375	7974	7642
376	8762	7645
377	10000	8386
378	8519	7654
379	6346	7655
380	6417	7583
381	5729	7678
382	7570	7679
383	8917	7680
384	5611	7683
385	5733	7684
386	6530	7689
387	6430	7690
388	6729	7690
389	9296	7694
390	6740	7696
391	7525	7701
392	7075	7702
393	7080	7704
394	8544	7705
395	7322	7707
396	6622	7714
397	5980	7715
398	7841	7716
399	5583	7717
400	7228	7717
401	7043	4392
402	5816	7731
403	5340	7733
404	8559	7736
405	5806	7737
406	8076	7740
407	8410	7741
408	6659	7747
409	8008	7747
410	5820	7749
411	5856	7751
412	5950	7754
413	6699	7756
414	4084	7758
415	5832	7759
416	6682	8406
417	7282	7760
418	8888	7768
419	3538	4401
420	5458	7772
421	5429	7774
422	6158	8408
423	6652	6406
424	7986	7784
425	4496	2401
426	5625	7795
427	8968	7799
428	8433	7810
429	5674	7813
430	6963	7815
431	6782	7819
432	4142	7822
433	7408	7823
434	6877	7862
435	5248	7826
436	4048	7829
437	5545	7829
438	8825	7834
439	5569	7835
440	8994	7839
441	6079	7846
442	3648	4414
443	5274	7852
444	6715	7852
445	6213	7853
446	8405	7856
447	5380	7857
448	4274	7862
449	6025	7865
450	4142	7867
451	8706	7868
452	3700	2414
453	8795	8424
454	9143	7872
455	5813	7873
456	6036	7875
457	9645	7886
458	9670	8427
459	5359	7895
460	5979	7897
461	7359	8429
462	3674	7911
463	7083	7920
464	6800	7923
465	6012	7928
466	6212	7930
467	8872	7950
468	6362	7953
469	7142	7958
470	4357	4433
471	7477	7966
472	6236	7967
473	6695	7969
474	7372	7970
475	5856	4434
476	6271	7981
477	6716	7987
478	7949	7995
479	8823	4260
480	5920	8003
481	9419	8007
482	6172	8008
483	8219	8022
484	6338	8024
485	7437	8025
486	7261	8027
487	7114	8029
488	6948	8048
489	5642	8055
490	7349	8055
491	3539	8057
492	7161	8069
493	7634	8077
494	7480	6455
495	8029	7997
496	6237	8087
497	3704	5196
498	7114	8098
499	6895	8099
500	8143	8099
501	9628	8103
502	7549	8106
503	7999	8108
504	7289	8113
505	6064	8121
506	7077	8124
507	8416	8128
508	7790	8133
509	6093	8138
510	3619	4463
511	5850	8149
512	6943	8149
513	6023	3996
514	8949	8151
515	7639	8156
516	6126	8158
517	6300	8159
518	7688	8161
519	5920	3197
520	8645	8166
521	8492	8184
522	5908	8186
523	7054	8193
524	6109	8197
525	6690	8200
526	6777	8205
527	7370	8205
528	6406	8207
529	9249	8209
530	6847	8210
531	8825	5199
532	3855	4475
533	5985	8215
534	8442	4475
535	6915	8225
536	7482	8226
537	6748	8227
538	8979	8228
539	9379	6000
540	4170	4479
541	6842	8246
542	6326	8250
543	7715	8261
544	6896	8263
545	6135	8270
546	8045	8283
547	7576	8293
548	7327	8294
549	7514	8295
550	6853	8295
551	6962	8296
552	6742	8297
553	7501	8298
554	5902	8302
555	5361	8302
556	9977	8302
557	7793	8306
558	8743	8497
559	5371	8319
560	7513	8323
561	5788	8324
562	9555	8326
563	5471	8331
564	5565	8335
565	7791	8346
566	7414	8347
567	7752	8348
568	9335	8353
569	8073	6503
570	5467	8372
571	8529	4501
572	7616	8378
573	8782	8379
574	8724	8380
575	5487	8510
576	3673	8387
577	8186	8390
578	9773	8392
579	5861	8397
580	6310	8397
581	8118	4505
582	5341	4406
583	8841	8408
584	6630	8410
585	9363	8411
586	7459	8412
587	6555	8414
588	3877	8418
589	7715	6512
590	8200	8422
591	6381	8424
592	9119	7608
593	3616	8441
594	9658	8451
595	6089	8455
596	8423	8459
597	5964	8460
598	6504	8464
599	6672	8469
600	5884	8471
601	7010	8479
602	3868	8482
603	6483	8484
604	6018	8485
605	8238	4664
606	6814	8487
607	3651	8492
608	6696	8494
609	7296	8495
610	6465	8498
611	7581	8498
612	2645	2519
613	6886	8503
614	8271	8512
615	3684	8516
616	6865	8516
617	7834	8517
618	7603	8517
619	4356	4332
620	9533	8520
621	7092	8522
622	4681	2523
623	6953	8525
624	5361	8528
625	7913	8531
626	6217	8533
627	9691	8533
628	8440	7612
629	5865	8538
630	6223	8542
631	6679	8539
632	8829	4533
633	7485	8570
634	9755	8571
635	7376	8577
636	8044	8580
637	7722	8583
638	3519	6541
639	6296	8596
640	5870	8598
641	6593	8600
642	5891	8603
643	9131	6013
644	5527	8548
645	8153	8616
646	7679	8619
647	6109	8620
648	3388	6546
649	6166	8621
650	8656	8624
651	7506	8625
652	5464	8626
653	5651	8631
654	7446	8632
655	8655	8639
656	8266	8643
657	9647	8644
658	9270	8647
659	6305	8656
660	5903	8661
661	3887	2546
662	5605	8666
663	6278	8670
664	5862	8558
665	7737	4551
666	8382	8674
667	6109	8681
668	8277	8691
669	7625	8693
670	5727	8697
671	5802	8708
672	5961	8710
673	7496	8720
674	3910	8726
675	8984	8738
676	6897	8739
677	5612	8743
678	5404	8752
679	5509	8757
680	5876	8760
681	6624	8764
682	7480	8774
683	5625	8789
684	6824	8794
685	5697	8795
686	6014	8800
687	6098	8803
688	7305	6577
689	8566	8814
690	5702	8816
691	8642	4576
692	5915	8831
693	5815	8835
694	5589	8842
695	7106	8854
696	7564	8855
697	6446	8859
698	5486	8866
699	5921	8867
700	6918	8874
701	6194	8592
702	7080	8889
703	9388	8892
704	7080	8895
705	5928	8899
706	7394	8902
707	4584	4022
708	7206	8917
709	3874	2588
710	5847	8924
711	4199	4593
712	3764	6597
713	6979	6597
714	6720	8932
715	5714	8936
716	6765	8939
717	7814	8948
718	5829	8949
719	8630	8956
720	5571	8957
721	8017	8960
722	7308	8962
723	7627	4599
724	7628	8963
725	7065	8965
726	5973	8965
727	7711	8969
728	8801	8973
729	3162	2599
730	7706	8609
731	9179	8986
732	3750	8611
733	7240	8993
734	6871	9000
735	7751	9013
736	7955	9014
737	7994	9034
738	6666	9042
739	6973	5308
740	6442	9053
741	7884	4616
742	7713	9066
743	6668	9072
744	5949	9081
745	7360	9085
746	7746	9085
747	4521	4028
748	6703	9090
749	6458	9092
750	2658	4622
751	7471	8628
752	8548	9096
753	7816	5629
754	6136	9113
755	6860	9116
756	6705	9117
757	6890	9127
758	7414	9133
759	9700	9138
760	9010	9141
761	5966	9163
762	7291	9166
763	8168	9174
764	5856	9182
765	6815	9186
766	6398	9190
767	6635	9195
768	9315	9198
769	7455	9202
770	9466	9205
771	8098	9207
772	7928	9209
773	8555	9221
774	8633	9223
775	8625	9230
776	7601	9232
777	7875	9239
778	8918	9240
779	7326	9246
780	6827	8654
781	9298	5234
782	8364	9260
783	7966	9261
784	6487	7471
785	8611	9272
786	6206	2649
787	8551	9287
788	6167	9289
789	8732	9290
790	6436	9291
791	7382	9291
792	9161	9292
793	8313	9297
794	7767	9300
795	7685	9305
796	6510	9329
797	6725	9329
798	6373	9330
799	7051	9331
800	8183	9331
801	6389	9338
802	8790	6665
803	8838	9345
804	6921	9347
805	8541	9347
806	6574	9351
807	8115	9362
808	9347	9362
809	8403	9374
810	6478	9378
811	9081	9378
812	6630	9379
813	8972	9381
814	6420	9382
815	7991	6673
816	6597	9383
817	7120	9383
818	8326	9384
819	8285	8677
820	6725	9389
821	8000	9394
822	4579	2668
823	8075	9395
824	3681	6676
825	8226	9403
826	8165	9419
827	6521	9429
828	8797	9433
829	6636	9434
830	8705	9441
831	7217	9446
832	8995	9471
833	8391	9478
834	6935	9479
835	6914	9480
836	6718	9487
837	8410	9495
838	6904	9498
839	7784	9501
840	9170	9505
841	8350	6693
842	8302	9512
843	8219	9514
844	6778	9519
845	6809	9521
846	8945	9521
847	6674	9524
848	8602	9527
849	7665	9535
850	7040	9539
851	8061	9549
852	8229	9556
853	6520	9558
854	7772	9559
855	8383	9563
856	7817	9573
857	8444	9601
858	3842	2705
859	7282	9626
860	8276	9629
861	6844	9643
862	8520	9654
863	8167	9657
864	7222	8723
865	8459	9673
866	8656	9739
867	694	2732
868	6089	9815
869	3748	4745
870	7597	4753
871	3704	6761
872	6196	8764
873	4876	2757
874	4894	4762
875	9481	8059
876	7542	4769
877	5667	4776
878	5486	4780
879	5664	4783
880	6160	2782
881	6882	6792
882	7429	4790
883	7419	2787
884	7395	8678
885	3878	4808
886	7939	6818
887	5668	4817
888	6507	8831
889	4016	3269
890	7658	8073
891	3463	6843
892	4730	2844
893	8654	4847
894	2871	4850
895	8714	4852
896	4707	4475
897	8388	7276
898	3820	8478
899	8392	4875
900	6936	8870
901	2466	2862
902	6913	8480
903	6552	8875
904	5678	4886
905	7885	6084
906	2023	2893
907	4173	6900
908	4182	2894
909	7767	9287
910	3939	2900
911	5153	5285
912	2788	4905
913	4646	4085
914	6952	6913
915	3076	5287
916	5585	7873
917	8064	4916
918	6620	8490
919	8791	6681
920	7774	6094
921	8490	6947
922	4065	4945
923	6455	2092
924	8370	4947
925	7862	8956
926	3926	6955
927	7246	4951
928	5910	2950
929	6405	6961
930	7076	2956
931	8784	4961
932	4320	6966
933	6675	8971
934	8624	4965
935	3828	4976
936	7932	4980
937	7025	4981
938	8455	6102
939	7313	2903
940	9142	7004
941	3849	5010
942	3848	5020
943	7903	6109
944	4196	7026
945	8929	6109
946	3845	5024
947	5929	9032
948	6314	3024
949	5636	3031
950	8102	9316
951	8404	5046
952	8042	9056
953	1209	3052
954	3885	4115
955	4181	7060
956	5536	5064
957	7119	5967
958	9044	5067
959	5457	8521
960	6688	3066
961	3231	5078
962	7066	3319
963	8321	9323
964	3538	5088
965	2848	3091
966	4687	7101
967	8719	5099
968	3011	3096
969	8375	5101
970	5176	4128
971	5897	3112
972	6876	54
973	7711	5120
974	6233	70
975	6331	74
976	6536	79
977	4476	7126
978	5431	5123
979	6356	3120
980	6259	101
981	6506	112
982	6282	113
983	6405	119
984	6398	134
985	6681	140
986	6297	141
987	6417	142
988	8049	9142
989	8893	9144
990	6470	167
991	8043	5142
992	6530	203
993	6341	207
994	6502	226
995	6850	241
996	4279	3150
997	6881	316
998	6451	319
999	6443	319
1000	8582	5165
1001	6710	348
1002	6886	9093
1003	8700	5176
1004	7048	9184
1005	6878	7742
1006	6474	421
1007	3606	7183
1008	6208	447
1009	4509	3186
1010	7731	9198
1011	6417	498
1012	7601	9346
1013	7515	7199
1014	4712	3193
1015	8379	5196
1016	6488	538
1017	7657	6145
1018	6930	3196
1019	5264	5362
1020	6165	555
1021	4154	7206
1022	7910	5202
1023	8064	5203
1024	4199	5205
1025	6154	8548
1026	6337	603
1027	7649	6147
1028	6286	633
1029	6322	633
1030	8765	5220
1031	8271	6151
1032	9052	7245
1033	7098	7247
1034	4791	3240
1035	4571	4153
1036	7731	5248
1037	4108	3245
1038	7353	7259
1039	5592	3253
1040	6416	890
1041	9576	9265
1042	8652	5272
1043	8268	5273
1044	8542	7276
1045	8782	5274
1046	6526	991
1047	5356	3272
1048	6443	9283
1049	7347	9287
1050	4286	6161
1051	6956	7284
1052	6507	9292
1053	4682	3360
1054	8009	5287
1055	3374	4162
1056	8042	5291
1057	8120	9298
1058	6476	1102
1059	5618	3292
1060	6626	1125
1061	8764	6164
1062	6380	1148
1063	7551	8967
1064	6602	1166
1065	6517	2164
1066	7567	7311
1067	8654	9315
1068	3574	3305
1069	8933	5308
1070	6421	1215
1071	6605	9320
1072	7399	9323
1073	5430	3317
1074	6461	6170
1075	6903	1317
1076	6846	3496
1077	6428	1337
1078	4225	5332
1079	6991	1359
1080	8141	5344
1081	7065	5347
1082	4011	3344
1083	7877	4574
1084	2993	4976
1085	3984	3357
1086	5603	3361
1087	7088	5372
1088	6203	1627
1089	6335	1636
1090	6399	1647
1091	6208	1653
1092	6947	1662
1093	6747	1678
1094	4247	5390
1095	5796	3386
1096	5138	4182
1097	7614	5392
1098	6418	1717
1099	7094	1733
1100	6461	1741
1101	6939	1741
1102	4679	2983
1103	5661	3402
1104	6559	1778
1105	6423	1789
1106	6550	9414
1107	7068	1797
1108	3993	3409
1109	4233	5414
1110	6947	3386
1111	296	1834
1112	6392	1844
1113	7105	1845
1114	1077	1868
1115	4053	7427
1116	5847	1908
1117	5299	2188
1118	1796	2589
1119	8535	5429
1120	78	1955
1121	5463	1959
1122	3634	4243
1123	5166	1982
1124	3035	2991
1125	5492	1989
1126	1855	1992
1127	7018	7445
1128	6752	9450
1129	5036	2008
1130	6738	2010
1131	6340	2024
1132	7247	2026
1133	8196	8624
1134	7410	5448
1135	6237	2063
1136	5913	2068
1137	5693	2073
1138	4703	2075
1139	6213	2088
1140	7170	2093
1141	5325	2094
1142	6097	2095
1143	6077	2101
1144	6200	2108
1145	6099	2108
1146	5737	2116
1147	6510	2118
1148	26	2121
1149	8935	7467
1150	5489	2130
1151	5758	2132
1152	1872	2133
1153	5400	2137
1154	6896	2137
1155	6095	2140
1156	9451	5466
1157	5691	2146
1158	6318	2152
1159	6059	2157
1160	6175	2158
1161	756	2163
1162	1548	2169
1163	4733	2174
1164	4618	2175
1165	6086	2179
1166	5017	2185
1167	3303	3471
1168	4835	2190
1169	6085	2191
1170	6339	2191
1171	320	2201
1172	6518	2201
1173	6755	2231
1174	6089	2231
1175	5724	2251
1176	5015	2277
1177	5731	2280
1178	4842	2284
1179	4809	2300
1180	5035	2301
1181	6751	2309
1182	4611	2324
1183	9061	9503
1184	2296	2328
1185	6418	2339
1186	5125	2357
1187	4678	2366
1188	7723	5504
1189	6094	2372
1190	4812	2394
1191	6314	2394
1192	4775	2401
1193	3713	2406
1194	4642	2410
1195	3723	7515
1196	7542	5511
1197	3686	2414
1198	4737	2416
1199	7012	2437
1200	3682	2442
1201	9396	5516
1202	6878	2448
1203	6239	2459
1204	7621	5520
1205	3200	2471
1206	6888	7525
1207	4092	3519
1208	4127	2483
1209	2645	2485
1210	4988	2491
1211	3267	2497
1212	3963	2499
1213	6072	3523
1214	6142	2507
1215	6837	2511
1216	6208	2519
1217	5081	2533
1218	5950	2538
1219	5161	2539
1220	611	2542
1221	3932	2542
1222	6487	2544
1223	3037	2551
1224	3845	2554
1225	4968	2559
1226	5973	2565
1227	3253	2566
1228	6591	2566
1229	6523	9415
1230	6934	7542
1231	3385	2580
1232	6856	5539
1233	6492	2587
1234	6939	2603
1235	6641	2604
1236	3893	2623
1237	2839	2624
1238	5846	2625
1239	4592	2632
1240	6291	2645
1241	4158	2649
1242	2812	2650
1243	6658	2654
1244	4975	2655
1245	4470	2660
1246	7271	2668
1247	6942	2673
1248	3938	2678
1249	5047	2681
1250	8436	5556
1251	6219	2688
1252	3404	2689
1253	4832	3555
1254	4893	2694
1255	6208	2695
1256	4201	2698
1257	531	2705
1258	5671	2709
1259	2801	2710
1260	3166	2719
1261	4763	2719
1262	5623	2725
1263	8700	5565
1264	3706	2740
1265	6974	7569
1266	7417	7569
1267	6510	2745
1268	3539	2746
1269	3415	2753
1270	2780	2755
1271	5156	2757
1272	5484	3567
1273	393	2783
1274	3822	2792
1275	4802	2792
1276	685	2795
1277	3165	2796
1278	632	2799
1279	5235	2803
1280	4216	2807
1281	2581	2809
1282	3543	2812
1283	4920	2812
1284	4899	2816
1285	6002	2823
1286	7645	7583
1287	4278	2826
1288	4073	2832
1289	4912	2836
1290	516	2850
1291	4655	2852
1292	3324	4164
1293	622	2861
1294	4000	2869
1295	5008	2870
1296	5044	2871
1297	4201	2872
1298	744	2875
1299	3084	2878
1300	674	2888
1301	6781	2887
1302	4829	2888
1303	633	2890
1304	4156	2894
1305	3402	2897
1306	5975	2906
1307	669	2908
1308	4832	2910
1309	3895	2915
1310	8318	5596
1311	251	2924
1312	6388	2930
1313	6162	2933
1314	6010	2939
1315	3562	2940
1316	6225	2945
1317	6495	7604
1318	6417	2953
1319	6273	2956
1320	5958	2959
1321	5325	2964
1322	1194	2969
1323	5149	2971
1324	2976	2971
1325	4080	3601
1326	1948	2976
1327	6679	2981
1328	6630	2984
1329	6421	2990
1330	5140	2996
1331	1705	2999
1332	3004	2999
1333	6637	3007
1334	8507	5611
1335	2210	3015
1336	4685	3019
1337	6759	9619
1338	5647	3023
1339	5355	3025
1340	2761	3028
1341	6917	3028
1342	5475	3031
1343	6327	3031
1344	5560	3033
1345	5598	3034
1346	6474	3035
1347	5322	3039
1348	1198	3044
1349	4125	3045
1350	6802	3048
1351	3106	3053
1352	6611	3055
1353	2286	3057
1354	3409	3058
1355	6455	3060
1356	4939	3063
1357	4990	3065
1358	4133	3076
1359	5940	3079
1360	2200	3082
1361	5978	3083
1362	4150	3086
1363	5932	3086
1364	6341	6230
1365	6333	3088
1366	5493	3090
1367	6547	3090
1368	5011	3097
1369	4686	3104
1370	4674	3108
1371	7106	3109
1372	6498	3111
1373	6793	3116
1374	5823	3118
1375	5891	3118
1376	5752	3119
1377	6829	3120
1378	4851	3122
1379	6878	3123
1380	3440	3126
1381	5527	3127
1382	7837	5631
1383	3747	3133
1384	6255	3135
1385	4194	3137
1386	5312	3159
1387	4289	3161
1388	4781	3163
1389	6649	3178
1390	6766	3185
1391	5861	3186
1392	5762	3191
1393	1696	3193
1394	6110	3196
1395	4527	3199
1396	2753	3204
1397	6381	3206
1398	6083	3209
1399	5584	3210
1400	6592	3219
1401	7137	3221
1402	4029	3226
1403	3925	3227
1404	5074	3236
1405	6609	3237
1406	6330	3240
1407	1530	3242
1408	4067	3242
1409	6071	3646
1410	6560	3246
1411	6031	3249
1412	3482	3252
1413	3976	3256
1414	4025	3256
1415	5626	3258
1416	6080	3261
1417	5626	3264
1418	5268	3277
1419	6522	3280
1420	6000	3282
1421	6285	3286
1422	5697	3295
1423	4432	3304
1424	4762	3305
1425	2797	3316
1426	5176	3319
1427	6821	3326
1428	5449	3328
1429	1587	3345
1430	1605	3347
1431	5430	3355
1432	4655	3359
1433	4738	3362
1434	4068	3364
1435	3964	3366
1436	4246	3367
1437	4811	3375
1438	4882	3376
1439	4030	3380
1440	5647	3388
1441	5869	3390
1442	6571	3401
1443	3971	3403
1444	5230	3408
1445	6418	3420
1446	3972	3429
1447	5594	3429
1448	6631	3437
1449	4051	3443
1450	5518	3444
1451	6323	3447
1452	3793	3448
1453	5269	3448
1454	6856	3454
1455	6509	3459
1456	6165	3466
1457	6444	3467
1458	6355	3469
1459	8527	5687
1460	9564	5688
1461	5564	3477
1462	5481	3481
1463	5580	3484
1464	4208	3490
1465	6002	3491
1466	9028	5691
1467	5259	3689
1468	5964	3516
1469	6338	3524
1470	4674	3528
1471	4834	3531
1472	9158	5043
1473	4351	3532
1474	6067	3534
1475	6187	3538
1476	4211	3552
1477	4235	3568
1478	4196	3702
1479	3196	3575
1480	4170	3581
1481	6316	3703
1482	4754	3589
1483	4267	3596
1484	5395	3598
1485	4225	3706
1486	5833	3617
1487	5584	4246
1488	6061	3629
1489	6385	3652
1490	6544	3654
1491	6696	3657
1492	4320	3666
1493	4954	3671
1494	5113	3680
1495	4662	3689
1496	6822	3689
1497	7328	5726
1498	4245	3710
1499	4007	5730
1500	2363	3735
1501	5857	3729
1502	5520	3746
1503	4706	3747
1504	6768	3747
1505	6021	3762
1506	5500	7741
1507	5803	3734
1508	4971	3775
1509	5194	3780
1510	4802	3781
1511	6120	3781
1512	2974	3783
1513	1739	3785
1514	4794	3795
1515	2458	3796
1516	5365	3815
1517	6436	3815
1518	5808	3826
1519	5382	3828
1520	4997	3839
1521	4530	3848
1522	5617	3850
1523	6377	1746
1524	5103	3865
1525	4069	3867
1526	4434	3873
1527	1312	3885
1528	3150	3894
1529	5589	3898
1530	6037	7763
1531	2948	3902
1532	3761	3936
1533	4370	3946
1534	6097	3948
1535	4454	3953
1536	5474	3955
1537	4912	3957
1538	6681	3976
1539	6169	3977
1540	6734	3979
1541	4676	3982
1542	3774	3985
1543	6241	3990
1544	5485	3991
1545	3976	3992
1546	6938	3995
1547	6722	3997
1548	6793	3997
1549	4994	3999
1550	2381	4001
1551	2232	4006
1552	5257	4007
1553	4425	4023
1554	4312	4024
1555	7732	4028
1556	4779	4032
1557	7870	4038
1558	3448	4039
1559	3512	4041
1560	4234	6662
1561	3728	4045
1562	3532	4047
1563	5162	4050
1564	5485	4052
1565	5193	4061
1566	5727	4070
1567	5770	4080
1568	3701	4084
1569	1929	4085
1570	3951	4085
1571	4767	4089
1572	1879	4096
1573	2142	4100
1574	3679	4106
1575	5441	4107
1576	5232	4111
1577	9482	5863
1578	3982	4114
1579	3871	4115
1580	8196	4116
1581	8044	4118
1582	5903	4127
1583	7026	6665
1584	7692	4137
1585	3515	4138
1586	4052	4138
1587	4139	4141
1588	4076	4147
1589	9112	5800
1590	4170	4151
1591	6828	4154
1592	6853	4160
1593	5781	4164
1594	7549	8337
1595	3690	4168
1596	3799	4169
1597	4125	4172
1598	6738	4174
1599	4402	4176
1600	3474	4177
1601	3633	4180
1602	8312	4181
1603	8240	4265
1604	8927	7809
1605	4031	4186
1606	7912	4186
1607	4474	4197
1608	4996	4198
1609	6808	4200
1610	5504	4201
1611	3997	4208
1612	6055	8669
1613	4794	4217
1614	5168	4227
1615	3426	4229
1616	8112	4237
1617	8106	4239
1618	3481	4242
1619	5561	4244
1620	4899	4246
1621	8180	4251
1622	4274	4260
1623	8821	4266
1624	3984	4269
1625	5089	4269
1626	4985	4271
1627	8842	4271
1628	6227	4273
1629	3380	4282
1630	6091	4286
1631	8050	4289
1632	5189	4295
1633	5916	7829
1634	8164	4302
1635	3827	4304
1636	7325	7830
1637	4444	4308
1638	5190	4312
1639	3868	4315
1640	8299	4319
1641	7603	5870
1642	8775	4323
1643	6166	4327
1644	3626	4329
1645	6198	4331
1646	4687	4337
1647	4765	4338
1648	5009	4339
1649	3957	4345
1650	4491	4349
1651	8261	4354
1652	5384	4357
1653	6076	4358
1654	3757	4360
1655	4421	4369
1656	8362	4369
1657	2493	4371
1658	8759	4372
1659	4072	4384
1660	9151	5839
1661	3338	4387
1662	6089	4391
1663	6351	4391
1664	4642	4393
1665	7132	4394
1666	4723	4397
1667	7079	4398
1668	7102	4404
1669	3431	4405
1670	2402	4407
1671	2480	4409
1672	8519	4411
1673	2409	4415
1674	7011	4418
1675	5215	4420
1676	4918	4430
1677	2414	4432
1678	3590	4433
1679	7735	4435
1680	3453	4436
1681	7888	4437
1682	7242	4438
1683	9054	4440
1684	6969	4444
1685	7129	4451
1686	8023	4459
1687	8296	4462
1688	4254	4465
1689	2656	4475
1690	5208	4478
1691	3527	4490
1692	7200	4491
1693	4221	4497
1694	3760	4499
1695	6904	4501
1696	8209	4502
1697	7063	4504
1698	4294	4510
1699	8030	4510
1700	2459	4520
1701	5793	4520
1702	3735	4522
1703	8692	4523
1704	8718	5863
1705	2396	4529
1706	6114	7867
1707	7510	4536
1708	8844	4539
1709	4855	4545
1710	6839	4551
1711	5021	4552
1712	7928	4553
1713	4882	4556
1714	3336	4557
1715	8214	4557
1716	5311	4565
1717	6530	7873
1718	8324	4566
1719	2761	4570
1720	4114	4572
1721	4381	4572
1722	8124	4578
1723	4145	4579
1724	7554	4588
1725	3698	4590
1726	4251	4597
1727	5295	4597
1728	7972	4601
1729	8714	4602
1730	7703	4604
1731	4313	4612
1732	7344	4615
1733	3717	4620
1734	3842	4621
1735	5246	4621
1736	5045	4622
1737	3872	4629
1738	8882	5881
1739	8854	5881
1740	5202	4638
1741	5740	6682
1742	7646	4642
1743	8295	4645
1744	8795	4647
1745	8769	4649
1746	8637	4657
1747	8180	4658
1748	8561	4658
1749	5571	4668
1750	3846	4679
1751	8042	4679
1752	8589	4682
1753	8419	4683
1754	4947	4685
1755	7411	4685
1756	4309	4691
1757	3947	4691
1758	7606	4695
1759	8686	5891
1760	8399	4697
1761	7987	4698
1762	4235	4701
1763	8628	4705
1764	3871	4709
1765	7493	4710
1766	6262	8001
1767	8630	4717
1768	8356	4729
1769	8460	4730
1770	8571	4731
1771	8672	4732
1772	8598	4733
1773	5462	4734
1774	8085	4739
1775	3752	4746
1776	8348	4748
1777	4121	4750
1778	3849	4752
1779	3997	4754
1780	8038	4758
1781	4242	4764
1782	8687	4770
1783	8152	4773
1784	3972	4775
1785	8444	4779
1786	8586	4779
1787	8572	4781
1788	5508	4783
1789	8372	4788
1790	7172	4789
1791	8351	4790
1792	8458	4790
1793	7196	4796
1794	4309	4799
1795	3761	4805
1796	4000	4807
1797	5452	4809
1798	4709	4809
1799	8062	4809
1800	8189	4815
1801	8589	4817
1802	8049	4818
1803	5390	4830
1804	5333	4836
1805	5306	4836
1806	2759	4839
1807	5414	4840
1808	8478	4844
1809	8493	4847
1810	7486	4849
1811	3752	4850
1812	8200	4856
1813	7897	4856
1814	5443	4856
1815	3762	4858
1816	3624	4858
1817	4733	4860
1818	3733	4861
1819	7539	4870
1820	2930	4876
1821	3833	4880
1822	7924	4879
1823	4245	4889
1824	3864	4890
1825	5563	4892
1826	2891	4892
1827	8474	4893
1828	8308	4894
1829	8288	4899
1830	8807	4909
1831	8326	4910
1832	3106	4913
1833	3137	4918
1834	7981	4920
1835	8467	4921
1836	9143	5929
1837	7139	4925
1838	4191	4927
1839	7562	4927
1840	2951	4928
1841	8778	4931
1842	7525	4933
1843	8406	4938
1844	8324	4942
1845	6987	4944
1846	3400	4945
1847	8663	4949
1848	8762	4951
1849	4264	4953
1850	3606	4959
1851	8173	4962
1852	7689	5937
1853	2600	4973
1854	8091	4979
1855	3175	4981
1856	8758	4985
1857	4123	4988
1858	3225	4991
1859	8347	4992
1860	3726	4994
1861	3764	4995
1862	3036	4999
1863	7015	5942
1864	8418	5007
1865	8645	5017
1866	7921	5027
1867	7143	5033
1868	5472	5035
1869	5575	5035
1870	4024	5038
1871	8806	5043
1872	7203	5044
1873	8149	5047
1874	7545	5060
1875	3826	5073
1876	3303	5077
1877	8748	5077
1878	8236	5079
1879	7817	5083
1880	5503	5084
1881	9026	5087
1882	8107	5088
1883	8750	5093
1884	2834	4696
1885	4114	5099
1886	7105	5101
1887	8896	5101
1888	8245	5111
1889	4643	5115
1890	7011	5117
1891	8741	5117
1892	5610	5963
1893	4050	5126
1894	8303	5127
1895	5077	5497
1896	4555	5128
1897	4553	5130
1898	3411	5130
1899	3480	5131
1900	3580	5134
1901	7158	5143
1902	3213	5144
1903	3304	5148
1904	8953	5202
1905	4294	5149
1906	3309	5153
1907	3125	5154
1908	8759	5153
1909	8246	5154
1910	7418	7900
1911	4033	5165
1912	8178	5164
1913	3208	5165
1914	8402	5168
1915	7552	5170
1916	9157	5173
1917	2758	5175
1918	8623	5183
1919	7750	5186
1920	7433	5189
1921	7321	5190
1922	4919	5193
1923	8654	5194
1924	7542	5196
1925	7930	5200
1926	7922	5203
1927	5231	5205
1928	3184	5216
1929	4264	5218
1930	5167	5222
1931	3750	5223
1932	8193	5229
1933	4171	5231
1934	5087	5232
1935	4273	5235
1936	7767	5239
1937	7094	5241
1938	6992	5247
1939	8480	5249
1940	8183	5249
1941	4294	5250
1942	7626	5252
1943	8622	5252
1944	8894	5253
1945	8835	5256
1946	5199	5263
1947	8361	5264
1948	7762	5274
1949	7764	5281
1950	9070	5285
1951	3768	5288
1952	3730	5292
1953	7007	5293
1954	8968	5297
1955	8076	5300
1956	5211	5307
1957	8103	5308
1958	7287	5315
1959	3801	3992
1960	1918	3992
1961	5273	5326
1962	3004	5328
1963	2969	5330
1964	6967	5332
1965	7039	5333
1966	3092	5335
1967	7805	5336
1968	8246	5340
1969	6989	5341
1970	4298	5343
1971	8217	5348
1972	6979	5348
1973	3786	5351
1974	3151	5352
1975	4024	5353
1976	5158	5354
1977	5268	5356
1978	7735	6004
1979	3457	5364
1980	4278	5366
1981	8036	5366
1982	6094	1997
1983	8035	5371
1984	8491	5372
1985	7688	5379
1986	8319	5381
1987	3975	5386
1988	3806	5387
1989	4335	5391
1990	8011	5394
1991	5040	5404
1992	2619	3906
1993	7863	5409
1994	7582	5410
1995	3964	5420
1996	7044	5420
1997	2934	5425
1998	8735	5424
1999	7274	5427
2000	5177	5431
2001	7819	5436
2002	3742	5438
2003	7942	5440
2004	6929	5441
2005	8314	5446
2006	8040	5452
2007	8348	5452
2008	4589	5466
2009	4550	5468
2010	8590	5471
2011	8583	5472
2012	4950	5476
2013	7557	5479
2014	4270	5484
2015	7994	5491
2016	7091	5492
2017	4198	5497
2018	2175	4022
2019	7039	5499
2020	3905	5503
2021	7108	5509
2022	8374	5513
2023	9257	5519
2024	7700	5522
2025	7074	5538
2026	8436	5539
2027	8506	5540
2028	7799	5542
2029	8044	5553
2030	5359	7913
2031	3058	5570
2032	9053	6037
2033	8710	5575
2034	7398	5577
2035	4247	5578
2036	4104	5581
2037	7673	5590
2038	8492	5596
2039	4041	5598
2040	8092	5604
2041	6940	5605
2042	8096	5615
2043	8789	5621
2044	7611	5623
2045	6941	5631
2046	8185	5643
2047	7649	5645
2048	7466	5646
2049	7582	5648
2050	8711	5649
2051	8557	5653
2052	7422	4314
2053	9055	5667
2054	8525	5670
2055	8469	5673
2056	9146	5677
2057	9593	5679
2058	9095	5681
2059	6790	5689
2060	4598	5690
2061	8467	5690
2062	8438	5691
2063	8110	5695
2064	8624	5697
2065	9142	5699
2066	8825	5704
2067	9324	8063
2068	4004	5711
2069	7693	5714
2070	9025	5725
2071	7118	5730
2072	9142	5731
2073	4424	5732
2074	8435	5732
2075	7178	5736
2076	9046	5737
2077	7707	5739
2078	8105	5742
2079	8765	5745
2080	3447	4064
2081	7116	5748
2082	7542	5757
2083	6930	5759
2084	7761	5759
2085	9000	5762
2086	7704	5769
2087	8265	5772
2088	8226	5772
2089	8208	5784
2090	9343	5784
2091	6830	5785
2092	6788	5787
2093	7601	5790
2094	8155	5790
2095	7504	5791
2096	7501	5798
2097	7126	5799
2098	7637	5803
2099	6759	5803
2100	7002	5805
2101	9267	5807
2102	9321	5810
2103	3290	5818
2104	9438	5827
2105	8724	5832
2106	7039	5836
2107	7828	5837
2108	5441	3519
2109	8906	5840
2110	7820	5849
2111	7116	5849
2112	7423	5852
2113	8674	5858
2114	9370	5858
2115	9274	5859
2116	9456	5866
2117	7297	5872
2118	3720	4085
2119	3436	5880
2120	9132	5880
2121	9663	5881
2122	3440	5883
2123	8804	5885
2124	6950	5888
2125	8970	5890
2126	9151	5896
2127	9529	5904
2128	8316	5910
2129	8953	5915
2130	9227	5923
2131	9048	5926
2132	4181	4094
2133	8413	5930
2134	8899	5933
2135	6957	5524
2136	8955	5956
2137	7517	4967
2138	7738	5958
2139	8130	5981
2140	8965	6106
2141	7848	5988
2142	8714	5990
2143	8944	5991
2144	9393	5992
2145	9530	5993
2146	8796	5996
2147	9216	5998
2148	9110	5998
2149	9326	6109
2150	8619	6015
2151	7443	6019
2152	9402	6023
2153	7654	6035
2154	3424	6249
2155	8314	6037
2156	8395	6038
2157	9150	6115
2158	8649	6045
2159	8694	6053
2160	9375	6057
2161	9516	6058
2162	9012	6059
2163	8350	6063
2164	7098	6069
2165	8804	6071
2166	9178	6073
2167	4276	6082
2168	8626	6082
2169	8164	6084
2170	8426	6087
2171	8920	6090
2172	8630	6094
2173	8579	6094
2174	9252	6095
2175	9527	6099
2176	4382	6105
2177	8936	6110
2178	8533	6115
2179	9075	6116
2180	8869	6121
2181	9122	6122
2182	9203	6126
2183	8073	6130
2184	8900	6130
2185	4085	6131

REQUESTS = 2500
1	666	59	62	3	2	2
2	1204	31	33	3	2	1
3	2087	35	37	3	3	2
4	704	49	51	3	1	3
5	904	10	13	3	3	1
6	1685	44	46	2	3	2
7	600	26	27	3	1	2
8	188	23	24	2	1	1
9	1808	59	62	1	2	1
10	776	6	9	2	2	3
11	101	9	11	3	2	3
12	969	31	34	1	2	1
13	1956	49	50	3	1	3
14	420	62	63	1	2	1
15	2101	37	40	2	3	3
16	1585	68	70	1	1	2
17	2093	14	15	3	2	3
18	108	18	19	2	3	2
19	571	18	19	1	3	2
20	532	44	47	2	3	2
21	1803	3	4	2	2	2
22	2063	34	37	3	3	3
23	1122	71	72	1	1	2
24	1305	7	8	3	1	2
25	860	50	52	2	3	3
26	2182	43	45	3	3	1
27	346	40	41	3	1	1
28	152	45	47	1	1	2
29	518	61	64	1	3	1
30	1300	21	24	2	2	2
31	1625	25	26	2	1	2
32	990	46	49	1	3	3
33	1017	32	34	2	3	2
34	135	19	21	3	2	2
35	280	68	70	1	3	3
36	1782	48	51	2	2	1
37	498	56	59	3	2	2
38	873	57	58	3	3	1
39	1696	23	24	2	3	2
40	438	26	29	1	2	3
41	2002	51	52	1	2	1
42	262	27	30	2	2	2
43	1246	72	74	1	2	2
44	303	40	42	2	3	2
45	2010	69	71	1	1	1
46	77	38	40	1	1	1
47	197	10	12	3	3	2
48	1306	55	57	3	3	1
49	115	41	43	1	3	1
50	1098	52	55	2	3	3
51	51	52	53	2	3	2
52	1470	70	72	1	1	3
53	219	33	36	2	1	2
54	2020	8	11	1	2	1
55	2043	21	24	2	2	3
56	806	63	66	3	2	3
57	1619	24	25	3	3	2
58	1627	21	22	2	1	2
59	1060	63	64	1	2	1
60	550	5	8	1	2	3
61	381	45	47	3	3	1
62	1838	33	35	1	2	1
63	923	72	73	2	2	1
64	1440	26	29	3	1	3
65	32	17	18	3	1	1
66	2055	69	72	2	1	3
67	1045	24	26	1	3	1
68	1507	46	47	2	1	1
69	1367	65	66	3	1	1
70	874	70	72	1	1	3
71	1534	25	27	3	3	1
72	1706	72	73	2	2	2
73	93	68	70	3	1	3
74	1249	32	33	3	2	3
75	1371	14	16	1	2	2
76	1993	59	62	2	2	2
77	23	32	33	3	2	1
78	1264	5	6	2	3	2
79	1699	23	25	1	1	2
80	1880	30	32	3	2	1
81	801	39	42	2	3	3
82	769	32	35	2	2	1
83	1491	19	21	2	3	2
84	1672	38	40	3	1	1
85	1203	38	41	3	3	2
86	416	54	55	2	3	2
87	928	67	70	1	3	3
88	48	24	27	1	3	2
89	77	54	56	3	2	2
90	966	44	45	2	2	1
91	325	41	44	1	2	1
92	1172	51	53	1	2	1
93	1105	61	63	2	1	1
94	28	8	9	2	3	3
95	1409	40	41	3	1	3
96	1157	46	47	1	3	2
97	42	24	26	2	1	3
98	694	38	41	3	3	2
99	824	54	57	3	2	1
100	1710	11	14	3	3	2
101	239	43	45	2	1	1
102	1240	23	24	3	2	2
103	1384	53	55	1	3	2
104	1159	25	28	1	3	3
105	1412	54	55	1	2	2
106	1312	60	61	3	1	1
107	848	35	36	2	1	1
108	246	41	44	3	1	3
109	356	61	63	1	2	1
110	451	2	3	2	2	3
111	2165	1	3	1	2	3
112	715	57	58	2	3	2
113	1868	23	25	1	3	2
114	910	2	5	2	1	3
115	1223	21	24	3	2	1
116	565	47	50	1	3	2
117	238	59	60	2	2	1
118	1542	70	72	2	3	2
119	1792	45	47	3	1	2
120	177	17	18	1	1	2
121	1114	11	13	2	2	2
122	412	58	59	3	3	2
123	1678	17	20	1	1	1
124	1654	19	20	2	1	1
125	705	55	56	3	1	1
126	1064	32	35	1	3	3
127	355	34	37	2	2	2
128	234	32	34	3	1	1
129	511	42	43	1	3	2
130	1833	37	39	2	2	2
131	2184	67	70	1	2	3
132	1233	69	71	2	3	1
133	1867	47	49	3	2	2
134	1811	38	40	3	3	2
135	2171	69	71	2	1	2
136	2092	29	31	1	1	1
137	1784	61	63	1	1	3
138	1502	71	72	3	2	1
139	1812	61	62	1	3	2
140	1277	23	25	2	3	2
141	1643	40	42	3	2	2
142	1233	65	68	3	2	1
143	1075	72	74	1	2	1
144	1688	48	51	1	1	3
145	582	7	9	2	1	2
146	493	63	65	1	3	2
147	5	63	65	2	1	1
148	1791	69	70	2	1	1
149	968	65	67	2	2	1
150	1852	51	53	1	1	3
151	827	15	17	1	3	1
152	720	5	7	2	3	3
153	753	56	57	1	2	3
154	160	50	53	3	2	2
155	1736	47	48	1	1	3
156	1044	65	68	2	1	2
157	255	55	56	3	1	2
158	760	43	45	2	2	1
159	1797	34	37	3	3	2
160	1103	8	10	2	1	2
161	1579	54	56	2	2	3
162	431	31	33	2	1	1
163	581	41	42	2	3	2
164	911	39	41	1	1	1
165	1826	44	45	3	2	3
166	1487	17	20	3	2	1
167	576	36	37	1	1	1
168	126	4	5	2	2	3
169	1892	56	57	2	3	3
170	708	41	42	2	3	3
171	1243	26	27	2	3	1
172	874	63	64	1	3	1
173	1895	69	72	2	2	2
174	912	31	34	1	1	2
175	591	58	61	1	3	1
176	937	63	64	2	2	3
177	970	62	64	2	2	2
178	2082	45	46	3	2	3
179	678	48	50	2	1	1
180	748	54	55	3	1	1
181	321	26	28	2	1	1
182	1975	54	55	1	2	1
183	445	26	29	2	1	1
184	1316	46	47	2	3	2
185	619	60	63	1	1	2
186	1871	42	43	2	3	3
187	553	51	54	2	1	2
188	326	1	2	2	1	3
189	319	32	33	1	1	2
190	344	59	60	1	1	1
191	1741	11	12	2	1	2
192	682	18	20	2	3	3
193	1939	20	21	2	2	2
194	644	5	6	3	1	1
195	771	28	31	2	2	3
196	1279	56	58	1	1	3
197	1092	70	71	1	2	2
198	1880	65	66	1	3	1
199	613	33	36	3	3	3
200	893	44	46	3	2	1
201	1883	64	67	1	3	1
202	730	20	23	2	1	2
203	877	10	11	2	2	2
204	1832	17	20	1	2	3
205	522	37	40	1	3	3
206	2158	56	57	1	3	1
207	448	65	66	1	1	3
208	453	58	59	3	1	3
209	199	57	58	2	1	1
210	224	31	34	3	2	1
211	1763	22	24	3	2	3
212	757	68	70	3	1	2
213	637	62	63	2	2	1
214	1337	67	68	2	2	3
215	1322	11	13	2	1	1
216	2085	20	23	2	3	1
217	1359	40	41	2	1	3
218	107	21	23	3	2	1
219	1670	63	65	1	2	2
220	1522	57	60	1	3	3
221	562	56	57	3	1	2
222	305	53	56	2	3	1
223	1458	56	57	2	1	1
224	2068	62	65	1	1	3
225	805	36	39	2	3	1
226	380	63	64	2	2	2
227	61	64	66	1	1	3
228	1374	24	26	2	2	2
229	1376	40	42	3	3	2
230	261	70	71	3	2	1
231	1036	22	25	3	3	1
232	1922	34	35	3	3	3
233	1378	70	73	2	1	1
234	597	64	67	3	1	1
235	616	7	9	3	3	1
236	130	32	33	1	2	2
237	196	2	5	1	2	2
238	2155	34	35	1	3	2
239	677	56	57	1	3	3
240	392	13	14	1	3	1
241	1199	3	6	3	1	2
242	1310	9	11	1	1	2
243	1758	67	70	3	1	1
244	531	47	48	1	1	3
245	47	48	51	3	3	2
246	1908	64	66	1	3	1
247	956	62	63	1	2	1
248	507	44	47	3	1	2
249	74	50	51	3	3	1
250	201	8	10	3	1	2
251	1388	20	21	2	2	1
252	475	11	14	3	3	1
253	1747	46	47	3	1	2
254	1010	29	32	3	2	1
255	2022	70	71	2	3	3
256	992	3	5	2	3	3
257	55	12	13	1	1	1
258	1119	28	30	2	2	2
259	1919	54	55	3	3	1
260	1890	62	64	3	1	3
261	2168	34	36	1	2	3
262	968	3	6	1	3	3
263	1574	55	56	1	3	2
264	1882	1	2	1	3	3
265	1148	24	26	3	3	1
266	342	11	13	3	1	2
267	159	34	35	2	3	2
268	1690	45	48	3	1	3
269	1800	52	55	1	3	2
270	1697	9	12	1	3	2
271	1845	2	3	1	1	3
272	1515	17	18	2	3	1
273	981	60	61	3	1	1
274	407	38	41	1	2	2
275	1929	35	38	3	3	1
276	216	47	48	1	1	3
277	2145	2	4	1	1	2
278	1735	50	51	2	2	2
279	2178	6	8	2	1	2
280	1009	58	61	2	1	3
281	1854	26	28	1	2	2
282	2053	6	7	3	3	3
283	1976	21	24	1	3	3
284	1001	4	6	1	1	3
285	1539	56	58	1	2	2
286	181	67	68	3	2	2
287	1761	42	44	3	3	1
288	1210	69	72	3	2	3
289	454	3	6	3	3	2
290	711	43	44	3	3	1
291	1831	29	30	3	3	1
292	465	33	36	3	3	3
293	792	53	55	3	3	2
294	401	34	37	1	3	2
295	585	53	56	2	3	1
296	1935	3	5	2	3	2
297	1776	18	21	3	1	1
298	541	47	48	3	3	3
299	1839	1	3	1	3	3
300	1531	34	37	2	2	1
301	2142	10	11	2	3	3
302	1214	2	5	1	1	1
303	803	23	26	1	2	1
304	1984	26	28	3	1	1
305	1024	69	72	3	2	2
306	209	2	4	1	3	3
307	227	19	20	1	1	1
308	149	27	30	3	1	3
309	125	3	4	2	2	2
310	1608	35	37	3	2	1
311	687	16	17	2	3	2
312	941	24	25	2	2	1
313	55	36	39	3	3	2
314	1933	35	37	2	1	3
315	1375	47	48	2	2	1
316	1618	2	4	2	3	3
317	1351	60	62	2	3	1
318	1092	19	21	3	1	2
319	1506	59	60	2	2	2
320	970	56	57	1	3	1
321	1360	13	16	1	3	1
322	772	24	27	3	3	1
323	1839	58	61	1	3	3
324	1132	44	46	1	1	2
325	1167	68	70	3	1	2
326	2081	5	8	2	3	3
327	837	17	18	2	3	2
328	1385	42	43	1	3	3
329	1470	59	62	2	2	1
330	1788	14	16	1	2	3
331	1623	8	9	1	1	3
332	2072	27	29	3	2	1
333	2101	55	58	2	2	2
334	1144	2	3	3	1	3
335	1182	65	67	2	1	3
336	1695	50	52	2	1	3
337	1033	56	57	2	3	3
338	1640	22	25	2	3	3
339	1633	30	32	2	3	1
340	1030	52	55	1	3	3
341	544	4	7	3	1	1
342	394	9	10	2	1	1
343	109	70	73	2	1	1
344	10	7	9	3	2	3
345	1332	46	47	2	2	2
346	2110	14	15	3	3	3
347	1560	20	21	2	2	1
348	1690	33	34	3	3	1
349	1019	63	64	1	1	3
350	1065	37	38	2	2	2
351	1514	34	37	1	1	3
352	668	34	36	1	3	3
353	709	4	7	1	3	1
354	1006	20	22	2	3	3
355	2171	66	69	2	2	1
356	732	7	10	3	1	1
357	1946	47	49	2	3	2
358	229	5	7	2	2	2
359	30	71	72	3	2	1
360	934	57	60	2	3	2
361	1802	29	31	3	3	3
362	1183	47	48	3	1	1
363	1263	21	23	2	3	2
364	1914	15	17	3	1	1
365	1770	16	17	1	1	2
366	1708	39	41	2	3	3
367	323	12	14	1	3	1
368	1885	66	69	2	3	2
369	563	52	55	3	3	3
370	1948	7	9	2	2	1
371	1433	10	13	1	3	2
372	1937	46	48	2	1	3
373	1040	17	18	1	1	1
374	2097	60	62	2	3	1
375	496	64	65	2	3	3
376	58	2	5	1	2	1
377	1698	38	41	1	2	2
378	799	6	9	2	3	1
379	1738	65	66	2	3	2
380	1895	4	7	3	2	1
381	1080	66	67	3	2	1
382	718	2	4	1	1	1
383	1224	21	23	3	3	3
384	1074	4	5	1	1	3
385	1110	61	63	2	1	3
386	1568	23	26	1	3	3
387	190	36	38	2	3	1
388	1662	24	25	1	2	1
389	1177	5	7	1	3	2
390	451	50	53	1	1	3
391	388	71	73	2	3	3
392	1309	29	31	3	1	2
393	2073	31	34	3	3	3
394	1840	62	65	2	2	2
395	1852	29	31	2	2	2
396	539	16	19	1	2	2
397	1910	27	29	2	3	1
398	697	31	34	1	1	3
399	176	3	6	1	3	2
400	946	43	44	3	3	3
401	20	25	27	3	2	1
402	1902	16	17	3	2	2
403	1917	27	30	1	3	1
404	802	73	74	1	1	3
405	919	27	28	3	2	3
406	1435	17	18	2	1	3
407	995	38	41	2	3	2
408	909	60	61	2	2	1
409	1899	32	33	2	2	3
410	2153	62	65	3	1	1
411	1810	51	53	1	3	3
412	2050	26	27	1	2	3
413	332	45	48	3	1	2
414	96	50	51	2	3	1
415	2034	63	66	3	1	3
416	1218	3	4	2	1	3
417	1915	44	46	1	1	2
418	167	21	23	3	2	1
419	514	51	53	3	2	3
420	2056	40	42	3	1	3
421	1880	59	60	1	2	2
422	1962	52	53	2	2	2
423	1226	50	53	1	3	3
424	1311	36	37	1	3	2
425	148	61	62	3	2	2
426	118	3	4	2	1	2
427	1508	39	42	3	2	1
428	506	26	28	3	1	2
429	105	18	20	3	1	1
430	2014	67	70	3	3	1
431	477	30	31	2	3	3
432	1920	12	13	1	2	2
433	1133	28	29	2	1	3
434	781	38	40	1	1	1
435	516	7	10	1	1	1
436	1921	69	71	3	1	1
437	1456	51	53	2	2	1
438	341	47	49	3	3	2
439	1996	23	24	1	1	1
440	7	5	6	2	2	3
441	976	44	46	2	3	2
442	124	40	43	2	3	3
443	2058	44	47	1	3	3
444	2181	63	66	1	1	2
445	1235	49	51	2	3	1
446	1780	13	16	1	1	2
447	1281	43	44	2	2	2
448	1021	30	32	3	1	3
449	944	48	51	3	1	3
450	1795	12	14	3	1	2
451	59	42	43	2	3	2
452	1526	28	30	3	1	2
453	1829	54	55	2	1	2
454	1085	71	72	3	2	2
455	1534	70	71	2	3	3
456	1497	56	58	1	2	2
457	887	13	16	3	1	1
458	1232	6	9	1	1	1
459	433	62	65	2	2	3
460	1602	5	8	3	3	1
461	741	52	54	3	3	1
462	1361	64	67	3	2	2
463	1530	57	59	1	1	3
464	1354	5	7	1	3	1
465	92	62	63	3	3	1
466	716	39	40	2	2	2
467	759	46	47	3	2	1
468	316	47	48	1	2	3
469	1728	14	17	2	1	1
470	1834	46	48	2	2	1
471	1932	54	57	2	1	3
472	1683	10	12	2	2	3
473	1806	65	68	2	2	3
474	1350	24	25	1	1	1
475	2008	48	50	3	2	2
476	534	47	50	1	3	2
477	1217	10	12	3	1	3
478	1368	24	27	1	2	2
479	879	31	34	1	3	2
480	1286	15	17	3	1	3
481	766	19	21	1	2	3
482	1105	7	10	3	1	3
483	1844	6	9	1	3	1
484	441	5	6	1	3	1
485	1137	46	49	3	1	2
486	631	21	23	2	1	3
487	1715	18	20	3	1	1
488	1242	32	33	3	2	3
489	2152	64	67	2	2	3
490	1272	27	29	3	2	1
491	202	51	52	3	1	1
492	663	64	66	2	3	1
493	1617	39	41	3	3	1
494	1127	37	39	2	2	1
495	1851	56	59	1	1	2
496	303	68	70	2	3	1
497	1822	46	48	3	3	2
498	1185	50	53	1	1	2
499	1346	44	46	1	1	3
500	869	56	58	1	2	2
501	1967	19	22	1	2	3
502	1793	18	21	2	2	3
503	1769	12	14	3	1	3
504	643	45	46	3	3	2
505	999	37	39	2	3	2
506	1875	21	24	1	3	2
507	2167	20	23	3	3	1
508	841	22	25	3	3	2
509	460	56	57	2	1	1
510	1432	21	23	2	2	2
511	1682	55	56	2	1	1
512	1783	13	14	2	2	3
513	1254	62	63	2	1	1
514	259	2	3	1	2	3
515	69	57	60	1	2	1
516	1202	1	2	1	3	2
517	1664	64	65	2	2	1
518	309	59	61	3	3	3
519	1873	59	60	2	1	2
520	1099	44	45	2	2	1
521	1140	29	31	3	2	3
522	1308	13	16	3	1	2
523	1512	38	40	2	2	3
524	1638	25	28	1	2	3
525	141	44	47	3	2	1
526	1212	42	44	1	1	2
527	1911	65	66	1	3	2
528	723	38	41	3	3	3
529	1720	14	15	2	1	1
530	1580	42	43	3	2	3
531	823	51	54	2	1	2
532	557	20	23	3	2	1
533	2079	67	69	2	2	3
534	1355	37	39	2	3	1
535	840	2	4	2	2	3
536	437	59	60	2	3	1
537	235	51	52	1	1	3
538	2027	70	72	1	2	1
539	752	57	59	3	3	2
540	444	70	72	1	1	1
541	2018	22	25	3	1	3
542	243	69	70	1	1	1
543	1370	14	17	3	2	1
544	1349	61	62	3	1	3
545	1373	51	54	1	1	2
546	186	6	8	1	1	1
547	947	2	4	3	2	3
548	62	27	29	2	3	1
549	952	21	24	1	2	2
550	1965	27	30	3	2	2
551	870	57	58	1	3	2
552	19	51	53	1	3	2
553	867	70	72	3	2	2
554	607	45	46	3	3	2
555	358	69	71	2	2	1
556	1087	44	45	1	3	2
557	2080	73	74	1	3	3
558	1266	34	36	1	2	1
559	1123	39	41	3	3	2
560	445	40	42	2	3	2
561	795	22	25	2	2	2
562	1386	47	48	1	1	2
563	1417	32	35	2	3	2
564	519	55	58	3	2	3
565	698	71	72	3	1	2
566	930	7	9	3	2	1
567	1605	5	6	3	3	1
568	958	32	35	3	2	3
569	806	38	39	3	3	1
570	665	62	64	2	2	3
571	1884	29	32	2	1	2
572	2129	61	62	2	3	1
573	464	9	10	3	1	2
574	1217	67	70	1	3	2
575	1779	20	23	3	2	3
576	145	22	25	1	3	1
577	1469	62	64	2	3	2
578	391	39	40	3	2	2
579	1220	44	45	2	1	1
580	1325	11	12	1	2	2
581	2091	47	49	1	1	3
582	758	53	56	2	3	2
583	917	40	42	2	1	3
584	1978	58	61	2	1	2
585	437	46	47	3	2	1
586	1467	65	67	3	3	3
587	370	15	18	1	3	1
588	536	50	52	1	1	2
589	1519	12	15	1	2	2
590	1598	16	19	3	3	3
591	327	54	56	2	2	1
592	1299	36	37	1	3	1
593	526	11	12	2	3	2
594	2142	52	53	1	2	3
595	11	20	22	2	2	2
596	2030	40	43	2	2	2
597	1600	46	49	1	3	3
598	1809	45	48	1	2	1
599	1028	43	45	3	2	1
600	524	14	17	1	1	2
601	1901	13	16	2	3	1
602	669	22	24	2	1	3
603	1415	58	60	3	1	3
604	1834	61	63	3	1	3
605	1863	35	38	1	2	2
606	2032	63	66	2	1	1
607	1905	35	37	1	3	2
608	1403	57	58	3	3	1
609	110	35	36	3	2	3
610	1241	11	13	3	3	1
611	982	1	4	1	1	2
612	223	46	47	1	1	2
613	1925	18	19	2	3	1
614	2102	23	26	3	1	2
615	128	67	70	1	2	1
616	274	21	22	3	2	1
617	1523	39	42	3	1	3
618	397	27	30	2	2	3
619	1068	10	13	2	2	2
620	1501	33	34	2	3	2
621	222	58	59	1	1	3
622	1447	64	65	2	1	2
623	728	45	48	3	2	3
624	1557	41	42	3	3	2
625	241	5	8	1	2	3
626	2138	17	19	2	2	2
627	1861	36	38	2	1	1
628	419	71	72	3	3	3
629	2162	58	60	3	3	1
630	855	37	39	3	3	3
631	277	20	23	2	2	2
632	1430	24	27	1	1	1
633	1802	34	35	2	2	3
634	2076	17	18	2	2	1
635	220	27	28	2	2	2
636	468	45	47	1	1	3
637	1999	7	9	3	3	1
638	1192	29	32	2	2	2
639	1363	23	25	3	1	3
640	330	40	43	2	1	2
641	879	54	56	1	1	1
642	1701	1	4	2	3	3
643	1858	52	55	2	2	3
644	350	56	59	3	1	3
645	45	36	37	3	3	3
646	1716	61	63	1	1	2
647	863	30	33	3	3	2
648	1511	45	48	2	1	3
649	815	40	41	2	1	3
650	1518	28	31	1	1	1
651	1541	44	45	1	1	3
652	1841	71	73	1	1	3
653	248	70	72	1	1	1
654	1482	64	65	3	2	2
655	323	45	47	2	2	2
656	478	58	61	1	3	2
657	2131	4	6	1	2	3
658	1143	22	25	2	3	1
659	228	47	50	3	3	2
660	1422	29	31	2	2	1
661	1663	22	25	3	2	1
662	178	26	28	1	2	2
663	1188	45	47	2	1	2
664	940	21	24	1	1	1
665	1521	51	53	2	1	1
666	1923	55	56	1	1	3
667	871	27	30	3	1	2
668	414	4	5	3	1	3
669	1513	21	23	3	2	2
670	1817	60	63	2	3	3
671	1248	59	60	2	1	3
672	181	28	31	3	1	3
673	854	8	11	3	1	3
674	1507	48	49	2	2	1
675	1563	17	19	1	2	3
676	608	11	14	3	3	3
677	1011	46	48	3	2	1
678	1041	70	72	2	3	3
679	43	33	36	1	1	3
680	2108	20	21	1	3	2
681	1244	65	67	3	3	2
682	1194	12	14	3	2	3
683	1992	16	18	3	2	1
684	688	23	24	1	2	1
685	1073	66	68	2	2	2
686	1069	5	8	1	3	1
687	2137	66	67	3	3	2
688	977	8	9	2	2	3
689	1218	44	46	2	1	3
690	51	5	7	3	1	2
691	586	72	73	2	3	1
692	1629	54	56	3	3	3
693	1713	53	54	3	1	3
694	1546	7	10	2	3	2
695	1525	36	39	3	1	1
696	2092	36	39	1	2	1
697	483	48	50	2	3	3
698	2036	33	36	2	3	2
699	1510	44	47	2	3	1
700	1655	38	40	1	1	1
701	217	62	64	3	3	2
702	1460	25	28	2	3	3
703	1126	35	36	3	3	3
704	1116	64	66	1	2	3
705	561	54	55	3	2	3
706	1258	62	64	2	3	2
707	2000	49	50	3	2	2
708	368	12	13	3	2	1
709	162	43	46	1	2	2
710	669	27	28	2	3	3
711	1947	65	66	1	3	3
712	1547	58	61	3	1	2
713	2148	52	53	2	3	3
714	1757	7	8	1	2	3
715	762	37	39	3	1	1
716	1	43	44	2	3	2
717	2185	45	48	1	1	1
718	1443	31	34	3	3	1
719	104	57	58	1	1	3
720	1962	60	62	1	1	3
721	229	20	22	3	1	1
722	1047	6	9	1	3	2
723	232	21	22	1	2	1
724	2064	70	72	2	1	1
725	724	63	65	2	2	3
726	554	48	51	1	3	2
727	1594	15	18	3	3	1
728	1661	6	9	1	2	1
729	1380	55	56	1	1	1
730	84	35	38	2	1	2
731	861	59	61	2	1	2
732	1269	13	16	3	3	1
733	769	68	69	3	3	3
734	797	46	48	3	3	1
735	294	55	57	3	3	3
736	850	31	32	3	3	2
737	450	50	53	3	1	1
738	2125	70	72	1	2	2
739	1982	23	26	3	2	3
740	502	10	11	1	3	1
741	1509	73	74	1	3	2
742	1303	22	25	2	2	1
743	718	55	56	1	2	2
744	598	1	2	3	1	3
745	979	48	49	1	2	2
746	571	25	26	3	1	3
747	2181	6	9	1	3	3
748	1278	22	24	3	3	1
749	1293	28	29	2	1	3
750	1046	26	27	3	2	3
751	1590	22	24	2	3	2
752	1801	45	48	2	3	1
753	1725	48	49	1	2	3
754	1503	45	46	3	2	3
755	602	59	61	1	1	1
756	1707	32	33	2	1	1
757	821	9	12	3	1	1
758	657	7	8	1	2	3
759	660	62	63	3	2	3
760	1163	11	13	1	2	2
761	835	50	51	3	2	1
762	61	50	52	2	1	2
763	1173	71	73	1	3	1
764	1896	52	55	3	3	1
765	1907	63	64	2	3	2
766	200	41	43	2	2	2
767	312	58	59	1	3	3
768	1703	21	23	1	1	1
769	1554	59	61	3	1	2
770	486	4	6	3	2	3
771	575	2	5	3	3	2
772	1528	9	10	1	1	3
773	237	26	27	1	2	2
774	1268	49	52	1	2	3
775	345	19	21	1	3	1
776	44	53	54	1	2	3
777	991	29	30	3	2	3
778	2122	26	27	2	1	2
779	1420	3	4	1	1	2
780	693	39	42	1	1	3
781	1051	25	27	1	1	3
782	1778	35	36	3	2	1
783	1649	38	41	2	1	1
784	1034	34	35	3	2	3
785	583	22	24	1	1	1
786	1410	14	16	2	3	3
787	1479	19	20	2	1	2
788	1912	2	4	3	1	3
789	143	49	52	2	1	1
790	2101	2	4	1	1	2
791	2062	68	69	2	3	3
792	515	14	17	2	2	3
793	324	28	29	1	3	3
794	338	47	48	1	3	1
795	2127	29	32	3	2	1
796	402	54	56	3	1	2
797	906	24	27	3	1	1
798	1208	21	22	2	1	2
799	53	7	9	2	1	1
800	1807	10	12	2	1	1
801	466	53	55	3	1	1
802	1400	48	51	2	2	1
803	1292	10	12	2	2	3
804	702	42	44	1	2	3
805	1628	33	34	1	3	3
806	161	48	50	3	1	1
807	2026	12	15	2	1	2
808	1490	32	33	2	3	3
809	207	52	53	2	3	3
810	725	18	21	3	2	3
811	230	65	67	3	1	3
812	137	39	41	2	3	1
813	1270	70	71	2	1	2
814	138	44	46	2	2	1
815	572	63	66	1	3	3
816	1455	22	23	2	2	1
817	1434	9	11	1	3	2
818	999	28	31	3	3	3
819	747	15	16	3	1	3
820	939	68	69	3	3	1
821	1145	29	32	1	3	1
822	165	44	47	1	2	1
823	1436	18	21	1	3	2
824	2012	60	62	3	1	3
825	1573	5	6	3	3	1
826	52	51	54	2	1	3
827	633	47	50	3	1	1
828	1978	53	55	1	2	3
829	660	53	56	3	1	2
830	1879	13	15	2	1	2
831	1129	22	24	3	2	1
832	377	58	61	2	3	3
833	1342	17	20	3	1	1
834	886	10	12	1	3	2
835	139	73	74	1	2	2
836	1111	23	26	2	1	1
837	2045	63	66	1	2	2
838	1989	42	44	1	1	3
839	530	21	24	1	3	3
840	1958	41	44	2	1	2
841	1125	42	45	1	2	2
842	1313	23	24	1	1	1
843	866	55	56	3	2	1
844	1595	68	71	1	3	3
845	1	11	13	1	1	3
846	460	62	64	2	2	2
847	585	51	53	1	1	3
848	618	36	38	3	3	1
849	1489	62	65	2	2	1
850	1476	70	73	2	2	2
851	273	8	11	1	3	2
852	2170	22	25	2	3	3
853	1995	42	45	3	1	1
854	1743	31	32	3	3	3
855	481	32	34	2	1	1
856	1860	33	35	3	3	3
857	501	52	53	3	3	1
858	1399	20	22	3	1	2
859	459	17	20	2	1	1
860	1275	28	30	1	1	3
861	4	53	55	2	2	1
862	14	21	23	3	1	1
863	362	72	74	1	1	1
864	1454	5	7	2	3	1
865	375	8	11	1	2	2
866	1997	66	67	1	1	1
867	133	61	62	1	1	3
868	935	33	36	3	2	3
869	1223	20	21	3	3	2
870	436	59	60	3	3	3
871	1113	55	58	2	1	1
872	2107	61	63	2	2	1
873	1000	18	19	2	2	1
874	1796	24	26	2	1	1
875	117	31	33	2	2	2
876	1719	53	56	3	3	2
877	349	4	5	2	2	3
878	1874	70	72	3	3	3
879	1666	70	71	1	3	2
880	1033	40	43	2	3	2
881	1200	33	35	2	1	2
882	1745	48	51	3	3	1
883	1431	15	16	3	2	2
884	184	16	17	3	2	3
885	121	49	51	3	3	3
886	786	50	53	2	2	1
887	1940	46	48	2	3	2
888	1499	6	8	3	1	2
889	1437	32	34	1	1	1
890	839	42	44	2	1	1
891	514	48	51	1	1	3
892	1995	59	61	2	1	2
893	488	28	30	2	3	1
894	844	49	52	2	2	2
895	1702	18	21	2	1	3
896	1876	30	31	2	1	3
897	1141	67	68	2	2	1
898	2109	2	3	3	3	3
899	1425	55	56	2	3	2
900	2136	4	5	2	3	2
901	1748	52	54	3	2	1
902	1131	62	65	1	3	2
903	2069	57	60	2	1	3
904	440	56	57	3	2	1
905	1612	38	41	1	3	3
906	1170	30	32	3	2	2
907	352	10	11	1	3	1
908	1166	69	70	1	1	2
909	1714	41	42	1	3	1
910	2097	31	34	2	3	3
911	151	26	28	1	1	2
912	2116	54	56	3	1	2
913	2060	31	34	2	1	2
914	287	28	31	1	2	1
915	22	40	42	1	1	1
916	811	11	13	3	2	2
917	1035	54	55	3	1	2
918	1261	38	39	1	2	3
919	680	32	33	3	1	1
920	1833	11	12	3	1	2
921	1589	11	13	3	2	1
922	656	56	58	1	1	2
923	8	48	51	1	1	1
924	327	23	25	1	1	2
925	673	19	21	3	3	2
926	1646	36	39	2	1	2
927	838	12	14	1	1	2
928	1565	45	48	3	1	1
929	1407	29	32	3	2	3
930	1550	1	4	3	1	2
931	2025	6	9	2	3	1
932	1944	50	51	2	3	3
933	2086	72	73	1	2	1
934	379	37	38	2	2	3
935	422	50	53	1	3	2
936	732	9	12	3	3	2
937	1717	1	2	3	3	2
938	865	64	67	3	2	3
939	978	11	12	1	2	3
940	37	59	60	2	1	3
941	836	38	41	3	1	2
942	1369	68	69	2	1	1
943	420	41	42	3	3	3
944	2173	41	43	3	2	2
945	2049	63	64	1	2	1
946	1339	60	62	2	1	3
947	1155	44	46	2	2	1
948	2099	39	42	3	1	3
949	1238	50	52	2	3	3
950	873	66	67	1	1	3
951	937	65	67	2	1	2
952	306	15	18	2	3	3
953	1416	65	66	3	1	1
954	1827	40	41	1	1	2
955	372	51	53	3	2	1
956	2089	55	57	2	1	1
957	1228	61	63	1	2	2
958	1055	11	14	1	1	1
959	1576	19	21	3	2	3
960	1994	61	64	1	2	3
961	819	67	68	2	3	3
962	1392	31	33	1	1	1
963	784	50	51	3	1	3
964	1473	19	20	1	2	3
965	1525	55	58	3	3	2
966	925	40	42	1	3	3
967	1505	3	6	3	1	2
968	655	37	38	3	3	3
969	622	5	7	3	1	2
970	424	29	31	1	3	1
971	1665	9	10	2	1	1
972	1295	60	61	3	1	2
973	1314	26	28	2	2	3
974	2059	14	16	2	2	3
975	676	44	45	3	3	1
976	1859	1	4	1	3	3
977	1977	63	65	3	1	1
978	34	66	69	1	1	1
979	1603	11	12	1	2	1
980	1411	64	66	3	3	2
981	1709	1	2	3	3	2
982	1174	68	69	2	2	2
983	892	35	37	1	1	3
984	1485	21	22	1	2	2
985	1100	21	23	1	2	3
986	785	17	18	1	2	1
987	1184	53	55	1	2	1
988	580	61	64	2	1	3
989	827	57	59	3	3	3
990	1724	67	69	2	1	2
991	1641	64	65	3	2	2
992	1760	11	14	1	3	2
993	905	44	47	1	2	1
994	29	51	54	2	2	3
995	790	68	69	2	1	1
996	593	53	55	1	2	1
997	1405	58	59	2	2	1
998	1798	16	19	3	2	2
999	2040	71	74	1	2	1
1000	737	56	57	1	2	1
1001	428	50	53	1	2	2
1002	2066	54	57	3	1	2
1003	791	38	40	3	2	3
1004	735	44	47	2	3	3
1005	547	67	69	1	2	2
1006	1732	51	54	3	2	2
1007	1489	45	48	1	3	2
1008	1174	28	30	3	3	3
1009	359	25	26	1	3	1
1010	552	51	53	3	3	2
1011	2112	56	58	3	3	1
1012	2033	2	5	2	3	3
1013	100	3	4	3	1	3
1014	610	45	48	1	2	3
1015	1692	30	33	1	2	3
1016	1366	7	8	3	1	2
1017	2015	6	9	3	3	3
1018	617	12	13	3	3	1
1019	2046	19	21	3	3	2
1020	72	13	15	3	3	2
1021	2084	18	20	1	3	2
1022	567	16	17	1	1	2
1023	1089	28	31	1	2	2
1024	400	35	38	2	3	2
1025	179	3	6	1	3	1
1026	427	33	34	3	3	1
1027	604	13	14	2	3	3
1028	1495	49	51	1	3	2
1029	2114	49	50	1	2	3
1030	621	42	45	1	3	2
1031	997	56	59	2	2	2
1032	491	40	41	2	1	3
1033	1349	32	33	2	2	3
1034	1521	11	14	1	3	1
1035	949	21	23	2	2	3
1036	2051	34	35	1	3	3
1037	1898	9	12	2	3	1
1038	302	15	18	3	2	3
1039	291	26	27	1	3	2
1040	134	31	33	3	1	2
1041	614	3	6	3	1	3
1042	724	46	47	3	2	2
1043	454	39	41	3	2	2
1044	492	69	71	2	1	3
1045	1328	18	21	3	2	2
1046	70	46	48	1	2	2
1047	1740	10	13	3	2	3
1048	1737	34	35	2	2	2
1049	2095	26	29	2	3	1
1050	1078	46	48	1	2	2
1051	1358	15	18	1	3	2
1052	1749	11	12	2	1	3
1053	35	53	54	1	3	3
1054	1830	18	19	1	3	1
1055	1079	42	43	1	1	2
1056	240	15	17	1	2	1
1057	943	22	25	1	3	3
1058	1891	32	33	3	2	1
1059	1062	12	13	2	2	1
1060	1020	27	28	2	2	1
1061	921	11	12	1	2	1
1062	1022	42	45	1	2	1
1063	1464	57	58	3	1	1
1064	317	53	54	3	3	3
1065	320	32	33	2	1	1
1066	1906	6	7	1	3	2
1067	1082	47	49	3	1	3
1068	102	13	16	3	1	1
1069	373	12	15	3	1	1
1070	1588	34	35	1	3	2
1071	1860	18	21	1	3	3
1072	1872	70	72	2	3	1
1073	253	54	56	2	3	1
1074	1586	4	7	1	1	1
1075	1287	45	48	3	3	3
1076	868	31	32	3	3	1
1077	691	69	72	2	1	2
1078	1514	23	25	2	3	2
1079	555	48	49	2	2	2
1080	1951	10	13	2	2	3
1081	1339	34	37	2	3	3
1082	1828	61	64	1	1	3
1083	62	8	11	3	1	3
1084	895	34	36	2	1	1
1085	710	31	34	1	2	3
1086	116	49	52	2	2	1
1087	2019	63	65	2	2	3
1088	1450	45	47	2	1	2
1089	144	2	5	3	3	1
1090	1076	56	59	1	2	1
1091	2078	17	19	2	1	1
1092	918	42	45	1	1	3
1093	528	43	45	2	2	3
1094	106	32	33	3	1	3
1095	1660	29	30	3	1	2
1096	1168	35	37	2	1	1
1097	424	44	47	1	2	2
1098	611	7	8	2	2	1
1099	603	62	63	1	1	3
1100	965	12	14	3	1	3
1101	1145	71	72	1	1	2
1102	639	37	38	2	3	1
1103	692	32	33	1	3	3
1104	662	15	16	3	2	3
1105	603	38	41	3	2	3
1106	1848	15	18	2	2	1
1107	1849	62	65	1	1	3
1108	1209	38	39	2	1	3
1109	126	23	25	3	1	1
1110	1438	40	41	1	3	2
1111	965	50	53	2	3	2
1112	1201	14	15	3	1	2
1113	1571	37	40	2	3	3
1114	615	34	37	2	3	2
1115	962	43	45	1	3	2
1116	700	2	3	2	3	3
1117	899	59	60	2	2	1
1118	363	46	48	2	1	1
1119	1675	23	24	3	2	3
1120	1169	46	47	3	3	3
1121	2079	61	62	1	2	2
1122	64	22	24	2	3	2
1123	732	60	63	1	3	2
1124	1340	7	10	1	3	2
1125	1391	27	28	1	3	1
1126	1039	62	65	1	1	2
1127	551	42	45	3	3	1
1128	901	27	28	1	1	2
1129	810	10	12	3	3	1
1130	133	49	52	2	1	2
1131	2007	22	25	3	3	2
1132	49	11	14	2	2	3
1133	1578	68	69	3	1	3
1134	1059	8	10	1	3	1
1135	1027	4	6	1	2	2
1136	590	36	38	1	3	1
1137	1134	42	43	2	2	1
1138	951	26	27	3	3	3
1139	129	53	55	2	2	2
1140	1477	34	37	2	3	3
1141	399	65	68	1	1	2
1142	1255	1	2	3	3	2
1143	717	15	17	1	2	2
1144	793	6	7	3	2	1
1145	1952	64	65	1	3	2
1146	243	14	17	1	2	2
1147	89	67	68	1	2	3
1148	1734	33	36	3	2	3
1149	1088	10	13	3	3	3
1150	559	5	6	3	3	1
1151	166	51	54	2	1	1
1152	432	37	38	3	1	2
1153	1389	52	54	2	1	3
1154	1527	69	71	3	3	3
1155	1878	26	29	1	3	3
1156	348	10	13	1	3	3
1157	361	34	36	3	3	1
1158	794	71	73	1	3	2
1159	1768	29	31	1	3	3
1160	1945	24	26	2	1	3
1161	1931	11	13	3	2	2
1162	1556	33	34	3	1	1
1163	81	8	11	3	1	3
1164	2048	4	5	3	3	3
1165	675	28	30	2	1	2
1166	2035	70	72	1	3	2
1167	1756	21	22	2	1	1
1168	140	23	25	1	2	2
1169	1987	48	51	3	2	1
1170	990	1	4	1	3	1
1171	174	70	71	2	3	2
1172	462	54	57	3	1	1
1173	1754	35	37	1	2	3
1174	2076	29	31	2	3	1
1175	1067	17	20	1	3	2
1176	1195	60	61	2	1	2
1177	864	58	59	3	3	3
1178	884	51	53	2	2	3
1179	1026	45	48	1	1	2
1180	1955	6	8	1	2	1
1181	185	1	3	1	2	3
1182	1411	36	39	3	2	3
1183	1549	42	45	2	2	3
1184	467	9	10	3	2	2
1185	258	18	20	2	3	1
1186	726	6	8	1	2	2
1187	209	35	36	1	1	3
1188	961	48	50	3	2	2
1189	960	27	29	1	1	1
1190	673	2	3	1	2	2
1191	564	58	59	1	3	3
1192	1221	43	44	1	1	2
1193	203	67	69	1	1	1
1194	1600	59	61	3	3	2
1195	904	56	59	1	2	2
1196	1637	34	35	3	2	3
1197	1533	66	69	3	3	2
1198	365	44	46	3	3	2
1199	113	18	21	3	1	3
1200	2047	65	66	1	1	1
1201	1492	8	9	2	1	3
1202	589	25	26	1	1	3
1203	1881	14	15	1	3	2
1204	510	58	59	1	3	3
1205	249	62	63	3	1	2
1206	911	26	27	2	1	1
1207	1149	45	48	1	1	2
1208	1247	32	35	1	1	3
1209	1825	1	2	2	1	2
1210	1130	64	65	2	3	2
1211	967	26	27	3	3	3
1212	951	64	67	1	3	2
1213	774	21	23	1	3	1
1214	210	4	7	2	2	2
1215	1382	62	63	2	2	1
1216	287	69	72	2	3	1
1217	646	1	3	2	3	2
1218	1423	20	22	2	3	1
1219	1142	9	10	1	2	2
1220	1973	43	45	2	1	1
1221	26	62	63	3	2	3
1222	669	21	24	2	2	2
1223	798	39	42	1	3	2
1224	716	28	29	1	1	3
1225	1445	33	35	1	3	2
1226	1357	15	17	1	2	2
1227	123	42	45	1	2	1
1228	148	51	53	3	3	2
1229	1577	6	9	2	3	2
1230	880	59	62	3	1	2
1231	272	25	27	3	1	1
1232	688	64	67	3	1	2
1233	955	11	13	2	3	2
1234	374	22	23	2	2	1
1235	1112	9	12	1	3	3
1236	153	42	43	1	2	2
1237	158	2	3	3	1	2
1238	2071	24	26	3	2	3
1239	1117	51	53	2	3	2
1240	2075	51	53	3	1	2
1241	2141	47	48	1	3	2
1242	2006	23	25	2	1	2
1243	513	28	31	1	2	1
1244	2177	66	69	1	2	3
1245	487	15	17	2	3	1
1246	1180	1	4	2	3	1
1247	642	22	24	2	1	2
1248	745	5	8	3	3	2
1249	667	38	39	2	1	2
1250	85	32	33	1	1	2
1251	1744	56	58	3	3	1
1252	733	53	55	1	3	1
1253	1090	4	7	3	3	2
1254	1505	40	42	2	3	2
1255	595	55	58	1	2	2
1256	2115	24	27	3	1	3
1257	286	34	35	1	3	2
1258	2	59	62	3	2	3
1259	1118	42	43	3	3	3
1260	112	57	58	1	3	1
1261	1402	48	51	2	2	3
1262	226	34	37	1	2	2
1263	893	27	30	2	1	2
1264	1688	69	71	1	2	3
1265	1705	39	40	1	3	2
1266	1673	36	39	3	1	1
1267	778	15	18	1	3	2
1268	1419	29	30	1	2	1
1269	789	40	42	1	2	3
1270	417	24	26	1	2	3
1271	536	29	32	1	1	1
1272	568	47	50	2	3	2
1273	56	61	63	1	1	3
1274	632	41	42	3	1	3
1275	1428	35	38	1	1	1
1276	652	33	35	3	1	3
1277	403	14	15	1	3	3
1278	362	45	48	2	1	1
1279	242	29	31	1	1	3
1280	1031	56	58	1	1	2
1281	1107	31	34	3	3	2
1282	1331	33	34	1	2	3
1283	1611	64	65	3	3	2
1284	1023	58	61	3	3	3
1285	1073	40	42	1	2	1
1286	1979	15	16	1	3	1
1287	1152	45	47	3	3	3
1288	1291	7	8	2	2	3
1289	1471	4	7	3	1	3
1290	226	71	72	2	2	3
1291	568	4	7	2	2	3
1292	1821	66	69	2	3	2
1293	457	56	57	2	3	2
1294	1524	51	53	3	1	2
1295	1704	28	30	2	2	3
1296	1150	21	24	2	3	1
1297	175	62	63	2	1	2
1298	269	20	23	2	3	2
1299	382	34	36	2	1	2
1300	1427	43	44	2	3	3
1301	589	44	45	2	3	1
1302	699	47	49	3	3	3
1303	83	40	41	2	2	1
1304	579	25	28	3	3	3
1305	1124	68	71	2	2	2
1306	476	31	32	3	3	1
1307	2016	41	42	3	1	3
1308	799	12	14	3	1	1
1309	1671	20	23	2	2	1
1310	1471	28	29	3	2	2
1311	2160	56	57	1	3	3
1312	1276	48	50	1	1	2
1313	1855	10	13	1	3	2
1314	570	22	25	1	2	1
1315	779	21	24	1	2	1
1316	605	46	47	2	3	3
1317	2031	19	21	2	1	3
1318	2120	67	70	2	1	1
1319	1785	16	19	3	1	1
1320	386	73	74	1	2	2
1321	1272	42	45	1	1	2
1322	588	48	51	2	3	2
1323	1552	42	43	2	1	3
1324	1593	37	38	2	3	3
1325	94	20	23	1	1	1
1326	529	21	22	2	1	1
1327	383	4	6	1	2	2
1328	1727	60	61	3	1	3
1329	1327	37	40	3	3	3
1330	1924	63	66	2	3	2
1331	1364	43	46	3	2	3
1332	1615	59	60	1	3	2
1333	587	21	22	2	1	2
1334	1815	39	42	3	1	3
1335	1777	70	71	2	3	2
1336	54	3	4	1	2	1
1337	2046	27	29	2	1	3
1338	1219	50	53	3	1	3
1339	1332	38	41	3	1	1
1340	252	35	36	1	2	1
1341	1302	50	52	1	1	3
1342	832	57	59	3	3	1
1343	1072	28	30	3	3	1
1344	872	52	55	3	3	3
1345	1500	54	55	2	2	3
1346	1711	70	72	3	3	1
1347	396	5	6	1	2	3
1348	1083	69	70	3	2	1
1349	998	3	5	3	3	2
1350	808	6	7	1	2	2
1351	1558	40	41	3	1	2
1352	882	49	51	1	3	2
1353	1902	40	42	1	3	3
1354	549	12	15	3	2	2
1355	1668	24	25	3	3	2
1356	606	37	40	1	2	1
1357	1621	46	47	3	2	1
1358	2161	59	60	2	1	1
1359	66	57	60	3	1	3
1360	796	57	59	3	3	1
1361	65	13	14	3	3	3
1362	505	68	70	2	3	3
1363	1406	51	54	1	2	2
1364	1146	53	55	3	2	2
1365	278	69	71	3	2	3
1366	578	13	15	3	3	2
1367	1869	63	64	1	3	2
1368	497	42	45	3	2	2
1369	354	54	57	1	3	1
1370	236	38	39	3	3	2
1371	1631	65	67	3	1	3
1372	729	54	57	3	3	3
1373	152	70	73	1	1	2
1374	1517	61	62	1	1	1
1375	761	24	25	3	2	3
1376	542	52	53	1	3	3
1377	1886	62	63	3	2	1
1378	1963	55	57	1	1	1
1379	1866	6	9	3	2	3
1380	1974	65	68	2	2	3
1381	1096	24	26	1	2	3
1382	1561	22	23	2	3	2
1383	88	39	42	1	1	1
1384	1245	23	26	1	2	3
1385	558	46	47	2	2	2
1386	173	46	49	1	3	3
1387	371	8	10	2	3	2
1388	1421	9	11	3	2	3
1389	535	58	60	3	1	1
1390	1662	12	14	2	3	1
1391	1597	3	5	1	3	2
1392	1345	42	44	3	3	3
1393	271	38	39	1	3	1
1394	933	48	51	3	3	3
1395	1487	32	35	3	1	2
1396	1721	11	14	2	2	1
1397	1177	8	10	2	1	1
1398	364	43	46	3	2	3
1399	1681	68	70	1	3	3
1400	780	2	4	3	2	1
1401	279	18	19	2	2	2
1402	1147	54	57	3	3	3
1403	1752	11	14	2	1	1
1404	1395	12	14	3	1	2
1405	366	51	52	2	3	2
1406	2105	65	68	2	2	1
1407	1205	41	44	3	3	1
1408	1282	2	3	1	2	3
1409	825	48	50	1	3	2
1410	1167	62	63	3	1	2
1411	288	43	45	1	1	1
1412	989	55	57	2	1	1
1413	490	23	24	1	3	2
1414	1181	53	56	3	1	3
1415	1106	58	61	2	3	1
1416	1231	6	8	1	3	3
1417	1520	18	19	1	1	1
1418	298	31	34	1	2	3
1419	1642	22	25	2	1	2
1420	907	54	57	2	2	2
1421	1344	22	24	1	2	2
1422	685	11	14	1	2	1
1423	1755	9	11	3	3	1
1424	1559	47	50	3	2	2
1425	40	30	33	1	3	2
1426	1853	44	45	1	2	2
1427	630	35	38	3	3	1
1428	33	5	7	3	2	3
1429	1626	29	32	1	2	3
1430	523	3	6	2	1	1
1431	1472	46	49	2	3	3
1432	945	27	29	3	1	3
1433	817	6	9	3	1	3
1434	1467	73	74	1	3	3
1435	1903	32	33	3	1	2
1436	2179	54	55	3	1	2
1437	87	70	71	3	2	2
1438	295	19	21	2	2	1
1439	833	24	26	1	1	2
1440	932	70	71	3	1	1
1441	2139	63	65	3	3	1
1442	1693	38	40	2	3	2
1443	1152	11	14	2	3	1
1444	820	33	36	3	2	1
1445	1160	54	56	2	3	3
1446	2054	36	38	3	1	1
1447	1537	1	2	3	2	1
1448	292	69	72	2	3	3
1449	1581	37	38	2	3	2
1450	1689	40	43	2	1	3
1451	343	12	13	3	3	3
1452	706	62	63	3	3	2
1453	1408	39	42	3	2	1
1454	247	2	5	3	1	3
1455	1988	60	63	2	2	2
1456	1786	46	47	2	1	1
1457	1888	32	35	3	2	2
1458	1071	62	63	3	1	3
1459	954	26	27	1	1	1
1460	170	19	21	1	3	1
1461	486	3	4	3	1	1
1462	2172	31	34	2	3	1
1463	412	19	20	1	1	1
1464	950	13	15	2	2	3
1465	1190	34	35	3	2	3
1466	573	44	47	1	1	1
1467	142	12	14	3	3	3
1468	956	69	70	2	1	2
1469	1008	64	65	3	2	3
1470	891	53	55	1	1	2
1471	648	54	57	1	3	2
1472	300	57	60	2	2	2
1473	938	38	41	3	1	1
1474	1334	18	20	1	2	1
1475	114	36	37	3	2	1
1476	1014	43	46	1	2	2
1477	846	45	46	3	2	3
1478	1239	54	55	2	3	3
1479	787	50	53	3	1	2
1480	2178	65	68	3	2	2
1481	2103	60	62	2	2	1
1482	1916	30	32	1	3	2
1483	1273	46	48	3	2	2
1484	2017	29	30	3	1	1
1485	1180	10	11	3	1	3
1486	1706	58	61	2	1	3
1487	2023	48	51	1	1	3
1488	1930	59	61	3	1	3
1489	1288	60	62	3	1	3
1490	1353	14	17	2	3	2
1491	420	2	4	1	3	2
1492	245	32	35	3	2	2
1493	662	62	63	2	3	2
1494	2104	4	7	1	3	1
1495	565	14	17	1	3	3
1496	1025	33	35	1	3	2
1497	489	62	64	2	3	1
1498	1383	48	49	2	3	2
1499	641	38	39	2	3	2
1500	608	63	66	3	2	2
1501	265	30	33	1	2	1
1502	1943	65	66	2	2	3
1503	254	10	13	3	3	3
1504	974	27	28	3	1	3
1505	791	36	39	1	1	1
1506	1474	64	66	3	2	3
1507	1736	3	4	1	3	2
1508	329	2	3	2	2	3
1509	964	36	37	3	1	1
1510	1272	36	39	2	2	3
1511	1864	33	35	1	3	3
1512	175	58	60	1	2	3
1513	78	14	17	1	1	2
1514	750	65	68	1	3	3
1515	1301	54	55	3	2	2
1516	98	34	35	2	3	3
1517	566	39	40	1	2	3
1518	1647	67	70	2	3	1
1519	1418	2	5	1	1	3
1520	1816	17	19	1	3	2
1521	503	45	46	1	2	3
1522	470	47	49	3	1	1
1523	520	59	61	1	3	1
1524	2157	52	54	2	3	3
1525	2073	16	19	3	2	3
1526	2073	40	42	2	2	1
1527	1567	67	70	2	2	1
1528	1918	65	67	3	3	3
1529	10	25	26	3	1	3
1530	489	70	71	1	3	1
1531	2005	57	59	2	2	1
1532	1620	25	26	1	1	2
1533	512	9	11	2	2	3
1534	942	26	27	2	2	2
1535	1809	24	26	1	2	1
1536	1065	71	73	1	3	2
1537	674	6	9	3	3	2
1538	1712	25	27	2	1	3
1539	2180	32	34	2	2	3
1540	2029	59	61	3	3	3
1541	922	42	44	3	3	3
1542	751	68	71	1	3	3
1543	2057	34	35	1	1	2
1544	1961	58	61	1	2	3
1545	1319	46	49	3	2	2
1546	335	42	43	3	1	3
1547	405	37	39	3	2	2
1548	343	63	65	1	3	3
1549	387	41	42	2	2	2
1550	1159	57	60	2	3	1
1551	1104	61	62	2	2	1
1552	1484	18	21	1	1	3
1553	73	42	43	3	2	1
1554	1387	19	20	3	3	3
1555	1566	54	55	1	2	1
1556	139	29	30	3	2	3
1557	456	9	11	1	2	1
1558	308	4	7	2	3	3
1559	786	16	17	1	3	1
1560	1535	11	14	3	2	3
1561	804	63	64	2	2	3
1562	1056	64	65	1	1	3
1563	783	56	59	3	2	3
1564	775	52	55	3	3	3
1565	1583	10	12	3	3	1
1566	127	63	65	2	2	3
1567	1985	34	35	2	1	3
1568	2130	41	43	2	3	1
1569	1333	38	41	2	2	1
1570	1262	55	58	1	3	2
1571	985	45	48	2	2	2
1572	1136	43	46	2	1	3
1573	1516	30	32	1	3	1
1574	894	62	64	3	2	3
1575	809	27	29	3	1	3
1576	679	8	10	3	2	2
1577	612	29	31	1	3	1
1578	1630	61	62	2	1	3
1579	756	25	27	2	1	1
1580	997	9	11	1	3	1
1581	1196	72	74	1	3	2
1582	331	62	63	3	1	2
1583	1321	7	8	3	1	2
1584	1824	25	27	2	2	3
1585	285	42	43	3	3	3
1586	712	57	58	2	1	1
1587	1766	11	14	3	1	3
1588	1222	4	6	2	1	3
1589	1058	32	35	3	2	3
1590	1667	43	45	3	3	3
1591	2026	27	30	2	3	2
1592	1657	3	6	1	1	2
1593	931	55	58	2	2	2
1594	256	73	74	1	1	3
1595	914	63	66	2	3	1
1596	2083	63	65	1	1	3
1597	1994	55	56	1	2	1
1598	91	3	5	1	3	2
1599	1658	62	63	1	1	2
1600	599	52	55	3	2	3
1601	749	68	69	3	2	2
1602	847	54	56	3	1	2
1603	1538	51	53	3	2	2
1604	772	48	50	1	1	1
1605	1971	52	55	3	1	2
1606	1989	24	26	3	2	1
1607	315	45	48	1	2	3
1608	808	47	49	2	3	2
1609	1391	42	44	3	1	3
1610	430	54	57	3	1	2
1611	18	3	6	2	3	3
1612	1582	22	23	3	3	2
1613	1569	59	60	2	1	2
1614	1002	32	35	2	2	1
1615	535	27	30	1	1	3
1616	651	22	24	2	3	2
1617	2184	18	19	2	3	2
1618	1419	10	13	2	1	2
1619	1803	55	56	3	3	3
1620	709	65	67	1	3	3
1621	939	40	42	3	2	2
1622	6	38	39	3	1	1
1623	2044	14	15	3	1	1
1624	27	55	56	3	3	3
1625	1204	6	9	3	1	1
1626	1241	50	53	2	2	3
1627	972	63	64	3	1	2
1628	2037	53	56	2	3	3
1629	79	18	19	2	2	2
1630	1385	66	69	2	3	1
1631	8	3	5	2	1	2
1632	831	57	60	3	1	3
1633	556	52	55	1	2	1
1634	1440	8	9	2	1	2
1635	299	67	70	1	1	3
1636	1488	43	45	2	3	2
1637	1326	2	4	1	2	3
1638	2151	64	65	3	1	1
1639	211	50	52	2	3	3
1640	1270	33	35	3	3	2
1641	7	38	41	2	3	3
1642	1108	41	42	3	2	1
1643	1799	7	10	2	2	1
1644	1390	27	30	1	1	3
1645	983	42	43	3	2	2
1646	658	46	48	2	1	3
1647	251	24	27	3	1	1
1648	1865	72	73	2	2	1
1649	1396	60	63	1	3	3
1650	301	3	6	1	2	2
1651	1733	48	51	1	3	2
1652	2028	58	60	2	2	3
1653	2182	44	47	3	1	2
1654	1606	62	63	1	3	1
1655	1183	63	66	3	2	1
1656	965	72	73	1	2	1
1657	1268	14	15	3	2	3
1658	205	55	58	2	3	2
1659	429	40	42	3	1	3
1660	2169	31	33	1	3	3
1661	1706	13	14	3	1	1
1662	577	38	39	1	3	1
1663	482	49	52	2	1	1
1664	435	50	52	2	3	3
1665	1935	68	69	1	1	1
1666	1616	66	67	2	3	3
1667	814	51	53	2	3	3
1668	63	2	5	1	2	3
1669	430	56	58	3	3	3
1670	1977	11	14	3	2	2
1671	1140	22	23	2	3	3
1672	1781	71	72	1	3	1
1673	1676	41	44	1	1	3
1674	984	53	54	2	2	1
1675	1847	10	13	3	2	1
1676	208	47	50	1	3	3
1677	1165	25	27	1	2	2
1678	169	29	32	1	3	2
1679	736	39	41	2	1	2
1680	1252	2	5	3	2	2
1681	90	70	73	2	1	1
1682	304	1	3	3	3	3
1683	413	19	22	1	3	1
1684	843	20	22	3	2	3
1685	13	59	60	2	3	1
1686	690	21	23	3	3	3
1687	2052	37	40	3	2	2
1688	317	27	30	3	1	1
1689	647	40	42	3	1	1
1690	1093	34	35	2	3	2
1691	1823	2	3	1	3	2
1692	1888	18	20	1	1	1
1693	1786	10	12	2	1	3
1694	695	22	25	1	1	2
1695	68	60	61	2	3	3
1696	763	68	70	1	3	2
1697	2134	3	6	1	1	3
1698	993	6	9	2	1	3
1699	194	18	21	3	3	3
1700	17	5	7	3	1	2
1701	2067	73	74	1	3	1
1702	584	3	5	1	3	1
1703	333	5	6	2	1	2
1704	521	34	37	2	3	2
1705	1320	2	4	2	3	1
1706	446	14	16	1	2	2
1707	1259	26	27	2	3	3
1708	12	23	25	1	3	2
1709	908	32	33	3	1	1
1710	1941	52	54	1	3	1
1711	816	42	43	3	1	2
1712	1053	51	52	1	3	3
1713	189	37	38	3	1	2
1714	1636	29	31	3	3	1
1715	160	70	71	2	1	1
1716	1622	9	10	2	2	3
1717	2106	9	12	3	2	2
1718	1625	70	73	2	3	1
1719	624	24	26	2	1	3
1720	1700	38	41	1	3	3
1721	1741	66	68	1	2	2
1722	627	57	58	1	3	1
1723	473	32	33	3	3	1
1724	36	33	36	1	3	1
1725	638	61	64	1	3	3
1726	517	33	36	1	3	3
1727	415	20	21	2	1	3
1728	239	55	57	2	3	3
1729	1973	54	56	1	2	2
1730	297	30	33	2	2	1
1731	1264	51	52	1	1	3
1732	314	26	27	2	1	3
1733	1772	17	19	2	3	3
1734	148	42	45	2	2	2
1735	842	51	54	2	3	2
1736	2118	21	22	2	1	1
1737	924	3	5	2	3	2
1738	764	9	11	3	3	1
1739	1404	51	53	2	2	1
1740	1189	42	44	2	2	2
1741	494	14	15	1	3	1
1742	1184	44	46	3	2	1
1743	494	54	55	1	1	3
1744	1820	45	47	2	3	2
1745	767	61	63	3	3	1
1746	1507	38	39	2	3	1
1747	122	32	34	2	1	3
1748	1240	26	27	2	3	3
1749	1650	59	62	1	1	3
1750	187	66	69	2	1	2
1751	75	31	33	1	1	3
1752	1750	71	73	1	3	3
1753	1808	62	65	3	3	2
1754	1950	38	39	1	2	2
1755	936	59	61	2	2	2
1756	2119	48	50	2	1	2
1757	426	43	46	2	2	2
1758	60	56	59	2	3	3
1759	545	45	46	3	2	2
1760	569	10	12	3	2	1
1761	257	19	20	3	2	3
1762	1348	11	13	2	1	1
1763	1037	18	21	1	3	2
1764	99	12	15	3	2	3
1765	1346	40	41	1	3	3
1766	625	4	5	2	2	3
1767	1377	66	67	3	3	3
1768	524	10	11	1	3	1
1769	1298	15	17	1	3	3
1770	474	29	31	1	1	3
1771	603	19	20	2	2	2
1772	1553	54	56	2	2	1
1773	1475	21	23	2	2	1
1774	328	18	21	3	3	1
1775	701	32	35	2	2	2
1776	1659	39	42	3	2	3
1777	1796	34	36	1	1	1
1778	46	62	64	1	2	2
1779	1543	12	13	2	3	3
1780	653	22	23	2	3	1
1781	2094	41	44	1	2	3
1782	393	65	66	1	3	3
1783	1610	20	23	2	3	2
1784	1953	31	32	3	3	3
1785	138	28	29	1	2	3
1786	443	7	10	2	3	3
1787	367	64	65	1	2	1
1788	248	50	52	1	1	1
1789	1225	4	5	3	2	3
1790	369	27	29	1	3	2
1791	1012	14	15	2	1	3
1792	1318	2	3	1	3	3
1793	683	54	55	2	1	2
1794	1452	35	36	2	3	2
1795	434	28	31	3	2	1
1796	1954	19	22	3	1	3
1797	1862	59	61	1	1	1
1798	1656	36	38	3	2	3
1799	132	9	12	2	1	1
1800	264	62	63	2	3	2
1801	1461	71	72	1	2	3
1802	1887	6	9	1	1	2
1803	654	55	57	1	2	3
1804	2070	53	56	1	1	1
1805	1687	7	10	2	3	3
1806	1680	2	4	1	3	2
1807	1399	2	4	1	2	1
1808	1981	64	65	3	1	3
1809	1927	63	64	1	2	1
1810	1372	11	13	2	3	2
1811	742	61	62	3	1	2
1812	1414	11	12	3	1	2
1813	1216	47	50	3	2	2
1814	2038	35	36	1	1	3
1815	2183	6	9	1	3	3
1816	1739	55	58	1	2	2
1817	626	36	38	1	3	2
1818	2039	66	68	2	2	1
1819	645	33	35	2	2	1
1820	1969	51	53	2	2	1
1821	1052	44	45	3	1	2
1822	1853	27	28	3	1	3
1823	670	36	38	3	2	3
1824	1179	47	48	3	2	3
1825	1191	12	15	1	2	1
1826	1215	34	36	1	3	3
1827	1481	53	55	3	1	1
1828	1998	62	64	1	2	3
1829	401	28	31	1	1	1
1830	1729	4	6	3	3	2
1831	1003	13	15	3	3	2
1832	2159	45	47	2	3	2
1833	1612	8	9	3	1	2
1834	1771	68	71	1	1	1
1835	281	44	45	3	1	3
1836	543	7	9	2	2	2
1837	1336	43	44	1	1	1
1838	2109	45	48	1	1	2
1839	797	57	58	2	3	3
1840	1787	1	2	2	1	2
1841	296	66	67	3	1	2
1842	1846	64	66	2	1	2
1843	1986	39	42	2	1	1
1844	620	11	12	1	2	1
1845	1441	10	11	1	2	2
1846	1671	34	35	1	2	1
1847	1894	7	9	2	1	3
1848	735	5	6	2	3	2
1849	1283	5	8	2	3	3
1850	439	30	31	2	3	2
1851	1251	30	33	3	1	2
1852	1669	1	2	1	3	2
1853	1820	23	26	1	3	3
1854	1632	29	31	1	2	2
1855	2042	70	71	1	2	2
1856	1753	19	21	2	2	2
1857	50	57	59	3	2	1
1858	852	16	17	2	1	1
1859	881	43	45	3	1	3
1860	527	35	36	2	3	2
1861	719	11	12	2	3	3
1862	826	19	22	3	3	2
1863	1109	21	23	3	3	1
1864	425	15	18	1	2	3
1865	1540	3	4	3	2	2
1866	1835	37	40	3	2	2
1867	822	7	9	2	1	2
1868	1572	42	44	3	1	2
1869	1347	39	40	3	2	1
1870	859	31	33	3	1	2
1871	1677	29	32	2	2	2
1872	490	42	44	3	3	3
1873	727	24	25	3	2	2
1874	986	28	31	2	3	2
1875	1120	36	38	1	2	1
1876	1591	16	18	3	1	3
1877	1361	12	15	2	1	1
1878	2129	46	48	2	2	1
1879	661	15	18	2	3	1
1880	1836	61	64	3	2	3
1881	1751	22	24	1	2	2
1882	1424	27	29	3	2	3
1883	1674	46	49	3	3	2
1884	2074	68	71	1	3	1
1885	975	60	63	1	2	2
1886	926	14	16	1	2	3
1887	1285	63	64	1	3	2
1888	270	8	9	3	2	2
1889	782	11	12	3	1	3
1890	442	33	34	1	2	1
1891	1938	10	12	3	2	3
1892	1679	26	27	3	3	2
1893	705	67	69	1	1	2
1894	504	62	63	1	3	2
1895	284	13	14	1	3	2
1896	1805	52	53	3	2	2
1897	41	34	36	3	1	1
1898	1381	51	54	3	2	2
1899	421	63	65	1	2	3
1900	221	24	25	1	1	2
1901	540	66	69	3	3	2
1902	214	7	8	2	2	2
1903	322	8	9	1	1	3
1904	150	59	62	1	2	3
1905	1764	19	22	1	1	3
1906	353	60	63	2	2	1
1907	1382	19	22	3	1	1
1908	876	11	12	3	3	1
1909	1267	34	36	1	3	3
1910	885	23	25	3	2	2
1911	163	8	11	1	2	2
1912	1909	11	13	1	2	1
1913	548	55	57	2	3	2
1914	1139	50	53	1	3	1
1915	878	21	24	2	1	2
1916	103	63	65	1	3	3
1917	1493	13	14	2	1	2
1918	721	21	24	1	3	3
1919	136	42	43	3	2	1
1920	508	17	19	1	1	1
1921	1936	43	45	3	3	3
1922	734	3	6	3	1	1
1923	1601	29	30	1	2	3
1924	856	33	34	2	3	1
1925	1211	1	4	1	3	2
1926	1013	69	71	1	3	3
1927	1050	70	71	1	1	3
1928	250	8	11	3	2	2
1929	2050	53	54	1	1	3
1930	289	6	8	3	1	1
1931	1060	36	39	2	2	1
1932	164	3	6	1	2	2
1933	845	32	35	1	3	3
1934	1814	24	26	3	1	3
1935	2024	26	27	2	3	3
1936	1206	3	6	2	2	2
1937	1913	62	65	1	2	1
1938	1742	39	41	3	1	1
1939	833	21	23	2	2	2
1940	1926	14	17	2	2	3
1941	1614	66	68	3	1	2
1942	1480	64	66	3	1	2
1943	1983	45	46	2	3	3
1944	1560	44	47	3	3	3
1945	1893	55	57	2	2	1
1946	311	8	10	3	1	3
1947	1175	42	43	3	1	3
1948	192	38	40	3	3	1
1949	378	1	4	1	1	3
1950	1633	17	20	3	2	3
1951	1653	9	11	3	3	2
1952	959	37	38	3	3	1
1953	1094	47	50	2	2	1
1954	120	9	11	1	2	1
1955	1227	6	8	1	1	3
1956	2096	50	53	2	1	1
1957	409	21	22	3	3	2
1958	1324	18	21	3	1	2
1959	2132	13	14	3	1	1
1960	1092	41	43	2	2	1
1961	957	59	61	1	2	1
1962	1094	25	28	2	2	3
1963	1280	34	36	3	1	3
1964	1154	5	6	2	1	1
1965	25	49	50	1	3	1
1966	1684	1	3	2	3	3
1967	777	11	12	1	3	1
1968	2166	67	70	1	1	3
1969	339	31	32	3	2	1
1970	1203	8	10	3	1	2
1971	1960	62	65	3	1	2
1972	2150	41	43	2	1	3
1973	1991	16	18	3	1	3
1974	1881	63	66	2	2	1
1975	948	16	18	3	1	2
1976	703	60	61	2	1	1
1977	1180	54	57	1	1	1
1978	16	63	65	3	3	2
1979	76	7	8	2	2	3
1980	1762	45	47	1	1	2
1981	1587	13	16	1	1	1
1982	447	45	48	3	3	3
1983	920	58	60	1	2	1
1984	1005	61	63	1	3	1
1985	1330	22	25	3	2	2
1986	1335	32	34	3	3	2
1987	276	21	24	1	1	1
1988	1651	25	26	3	3	3
1989	389	16	19	3	3	2
1990	862	46	49	1	1	3
1991	1234	12	15	1	1	2
1992	111	18	21	3	1	2
1993	851	27	29	2	2	2
1994	2124	49	52	2	3	2
1995	1229	5	6	3	3	3
1996	716	1	2	2	1	1
1997	1379	30	31	3	3	2
1998	1398	59	60	2	2	3
1999	1648	33	36	2	2	2
2000	21	3	6	2	2	3
2001	635	4	7	2	3	3
2002	546	68	69	1	2	1
2003	336	18	20	3	1	3
2004	395	2	3	2	1	3
2005	972	46	49	1	1	2
2006	2041	16	18	3	2	1
2007	1949	35	37	3	2	3
2008	1527	63	66	1	1	1
2009	1731	3	4	3	2	1
2010	913	52	53	1	2	2
2011	1722	15	16	2	1	3
2012	1765	65	66	1	2	3
2013	1451	61	62	2	3	3
2014	1418	42	44	3	1	1
2015	57	65	67	3	1	1
2016	1918	53	56	3	1	3
2017	2090	26	28	1	2	3
2018	2123	25	26	3	3	3
2019	1478	52	53	1	3	1
2020	533	21	24	3	3	1
2021	2144	71	73	1	3	1
2022	1365	7	8	3	3	3
2023	684	9	10	1	1	1
2024	714	14	16	3	1	2
2025	693	3	4	2	1	2
2026	1063	30	32	1	1	2
2027	2088	61	62	1	1	2
2028	971	9	11	1	2	3
2029	1465	69	72	1	2	1
2030	266	5	7	1	1	3
2031	2045	14	15	3	1	1
2032	917	9	10	3	2	3
2033	1928	26	28	1	2	1
2034	1198	9	12	1	3	3
2035	2098	62	64	3	3	1
2036	206	25	27	1	1	2
2037	560	1	3	3	2	3
2038	293	58	60	1	2	2
2039	998	49	50	1	1	2
2040	15	29	32	2	3	1
2041	707	34	37	2	3	1
2042	171	17	18	2	3	1
2043	1645	60	62	2	1	2
2044	1171	17	20	1	2	3
2045	609	52	54	2	3	3
2046	1897	60	61	3	3	3
2047	1819	68	71	2	1	2
2048	828	61	62	3	3	1
2049	2004	57	59	1	1	1
2050	368	17	19	1	3	1
2051	155	62	63	3	2	2
2052	1395	28	31	3	3	1
2053	2143	68	71	2	1	2
2054	953	30	31	2	1	2
2055	1843	38	41	1	3	2
2056	1959	62	64	3	2	1
2057	776	49	50	3	2	2
2058	1652	61	63	3	2	2
2059	1635	54	56	1	1	3
2060	171	62	63	3	1	1
2061	38	38	40	2	3	2
2062	1102	44	47	1	3	3
2063	1856	41	44	3	2	2
2064	1596	58	60	2	1	2
2065	1197	42	45	1	1	2
2066	204	43	46	1	1	1
2067	1730	5	7	1	3	3
2068	20	51	52	2	2	3
2069	740	7	9	2	2	2
2070	1682	28	31	3	3	1
2071	131	50	53	3	1	1
2072	495	28	30	3	1	3
2073	2003	68	69	1	3	2
2074	1767	9	10	1	3	1
2075	1397	47	48	3	1	1
2076	1256	56	59	3	3	2
2077	1726	65	68	3	3	1
2078	1312	69	71	1	2	1
2079	1894	35	38	1	1	3
2080	898	55	57	2	1	3
2081	1494	53	56	2	2	3
2082	1131	38	41	1	1	3
2083	538	72	73	2	2	2
2084	1694	41	42	1	3	3
2085	1837	6	7	2	3	3
2086	754	36	39	3	1	2
2087	2128	11	13	2	1	3
2088	1631	27	28	2	2	1
2089	2064	32	34	2	3	1
2090	1230	5	7	2	3	3
2091	1066	9	11	1	3	2
2092	290	50	53	1	2	3
2093	2065	21	24	2	2	1
2094	746	61	62	1	3	2
2095	1746	29	31	3	1	1
2096	174	16	17	1	2	1
2097	592	28	30	3	2	2
2098	1315	9	12	1	2	2
2099	1634	52	55	3	3	2
2100	1599	11	14	2	3	1
2101	101	16	18	2	1	3
2102	1115	8	9	3	3	3
2103	1957	51	54	1	3	3
2104	104	10	13	1	2	1
2105	1964	51	52	2	2	2
2106	1609	60	63	3	1	1
2107	896	39	42	1	3	3
2108	1339	30	33	3	2	3
2109	634	70	71	3	3	2
2110	732	26	28	1	2	2
2111	671	68	69	2	1	3
2112	659	11	13	1	2	3
2113	1212	65	66	1	3	3
2114	629	38	39	3	3	2
2115	471	14	17	1	3	2
2116	469	23	25	2	3	3
2117	2174	42	45	2	1	2
2118	2100	35	36	2	2	3
2119	800	46	49	3	3	1
2120	1486	55	57	2	2	3
2121	1018	68	70	1	2	1
2122	1187	72	73	2	2	2
2123	189	56	57	1	2	3
2124	890	6	7	3	3	2
2125	1121	44	47	1	2	1
2126	288	2	3	2	1	3
2127	838	36	38	3	1	1
2128	1178	61	63	1	3	1
2129	480	59	61	2	1	2
2130	2149	27	29	2	3	1
2131	1284	17	20	1	3	3
2132	198	28	30	3	1	3
2133	1081	11	14	2	1	2
2134	1394	35	37	3	2	2
2135	1356	53	54	3	1	1
2136	1439	49	50	3	2	1
2137	1204	21	23	1	2	3
2138	849	1	3	2	2	2
2139	537	19	20	3	1	3
2140	830	31	32	2	1	2
2141	347	9	12	2	1	1
2142	2117	3	6	1	1	3
2143	1813	63	66	1	1	3
2144	1453	19	21	3	1	1
2145	1504	68	70	1	2	2
2146	765	60	62	2	2	1
2147	1804	53	56	3	2	3
2148	193	24	25	3	1	1
2149	1775	53	55	1	3	3
2150	686	48	50	2	3	1
2151	1686	66	67	2	3	2
2152	2066	11	14	2	3	3
2153	829	40	43	3	2	3
2154	1161	11	14	2	1	3
2155	623	4	7	1	3	2
2156	649	20	22	2	3	1
2157	1274	6	7	3	2	2
2158	590	67	69	3	1	1
2159	2147	58	60	1	2	1
2160	853	9	11	3	1	3
2161	1466	32	34	2	1	2
2162	449	49	50	3	2	2
2163	696	29	32	3	2	1
2164	485	64	67	1	3	1
2165	596	20	21	3	2	1
2166	1048	63	66	1	1	2
2167	499	27	30	2	2	2
2168	812	30	33	2	2	3
2169	1774	47	50	3	3	1
2170	1162	34	35	1	1	3
2171	996	67	68	3	1	1
2172	1442	6	8	3	2	2
2173	1253	68	70	3	1	3
2174	1352	51	53	3	3	1
2175	357	48	50	2	3	2
2176	1103	22	25	2	3	1
2177	1544	8	10	3	3	1
2178	275	57	60	3	3	1
2179	1980	43	46	1	3	2
2180	1097	54	56	2	1	3
2181	1338	2	4	1	1	2
2182	418	9	11	1	1	2
2183	1236	5	8	2	3	2
2184	738	31	32	2	3	3
2185	2078	56	59	2	3	1
2186	1624	24	25	3	1	1
2187	927	66	68	3	1	2
2188	313	14	17	3	2	1
2189	385	22	24	2	2	2
2190	1265	39	40	2	1	3
2191	406	59	61	2	3	2
2192	1448	60	62	1	3	3
2193	897	55	56	3	2	3
2194	80	70	73	1	1	3
2195	429	18	21	1	2	3
2196	86	53	54	1	2	3
2197	480	31	34	3	3	2
2198	351	28	31	2	2	3
2199	1773	31	32	2	2	2
2200	282	18	20	3	1	1
2201	157	7	8	3	1	2
2202	1487	23	25	3	3	2
2203	1042	35	36	3	1	2
2204	1597	9	11	1	1	3
2205	768	28	31	2	3	3
2206	755	64	66	3	3	3
2207	1413	59	61	3	2	1
2208	1057	25	28	1	1	3
2209	1000	51	53	1	2	1
2210	268	50	52	2	2	3
2211	1317	25	27	2	1	2
2212	1850	60	63	1	3	3
2213	2011	35	36	2	1	1
2214	218	28	29	2	2	1
2215	215	31	33	3	2	3
2216	1362	60	62	3	2	1
2217	365	25	28	1	2	2
2218	916	52	53	1	1	2
2219	1978	23	25	3	1	3
2220	78	66	67	2	2	3
2221	770	26	29	1	2	2
2222	1032	26	29	1	2	3
2223	1153	8	9	3	1	1
2224	1401	61	64	2	1	1
2225	31	40	43	2	2	2
2226	1584	56	58	2	1	1
2227	97	66	68	1	3	3
2228	1644	19	21	1	2	3
2229	994	64	65	3	2	2
2230	71	30	32	3	1	1
2231	263	8	10	3	1	3
2232	1581	8	11	1	3	2
2233	384	58	61	2	2	2
2234	1870	14	15	2	2	1
2235	240	68	69	3	2	2
2236	311	15	17	1	2	2
2237	1004	60	61	3	2	1
2238	1151	57	60	3	2	1
2239	1691	16	17	2	1	1
2240	1794	36	37	1	3	2
2241	1446	3	6	2	3	2
2242	1426	24	26	3	3	1
2243	225	44	46	1	2	3
2244	1244	57	60	1	1	1
2245	307	72	73	2	3	1
2246	709	18	20	1	3	3
2247	944	68	71	3	2	2
2248	1444	53	54	1	2	1
2249	1942	26	28	1	1	2
2250	1639	56	59	2	1	3
2251	739	70	73	1	3	3
2252	463	43	45	1	1	3
2253	1296	67	69	1	2	3
2254	628	47	48	3	3	1
2255	340	71	73	1	1	3
2256	500	36	39	3	2	1
2257	2061	52	54	1	2	3
2258	857	54	57	3	1	3
2259	987	39	42	2	2	1
2260	1548	38	40	2	2	3
2261	1613	66	68	1	1	2
2262	260	27	29	2	1	1
2263	2077	53	55	3	3	3
2264	875	19	20	1	1	2
2265	1091	37	38	2	1	1
2266	472	50	51	2	2	1
2267	191	67	68	1	3	1
2268	1054	52	54	3	2	1
2269	318	67	68	2	3	3
2270	1213	29	32	3	2	3
2271	888	24	27	3	1	1
2272	1016	36	38	2	1	1
2273	310	43	46	3	3	1
2274	689	1	3	2	2	3
2275	722	70	72	2	2	1
2276	1007	48	51	1	3	1
2277	3	41	44	2	1	2
2278	146	67	70	2	3	1
2279	1964	43	44	2	3	2
2280	1990	66	68	3	3	2
2281	995	31	34	1	3	1
2282	743	37	38	2	2	2
2283	731	7	10	3	2	1
2284	681	54	57	2	3	3
2285	1723	25	28	2	2	2
2286	2156	10	12	1	3	3
2287	212	17	19	2	1	2
2288	484	45	47	1	1	1
2289	24	60	61	3	3	1
2290	1070	72	73	1	3	3
2291	458	13	15	3	1	1
2292	1349	15	16	1	2	3
2293	651	43	46	1	2	1
2294	1176	68	69	1	3	1
2295	267	1	4	2	1	1
2296	1529	2	5	2	3	3
2297	2163	53	55	1	1	3
2298	1038	59	60	3	3	3
2299	664	56	59	2	2	1
2300	951	23	26	2	1	1
2301	1680	16	17	2	1	1
2302	231	24	25	2	2	1
2303	404	10	12	2	3	1
2304	1959	72	74	1	2	2
2305	1603	16	17	2	3	1
2306	1169	47	48	1	2	3
2307	1496	38	39	1	3	2
2308	1225	18	19	1	1	3
2309	1186	7	10	1	3	1
2310	1564	32	33	2	1	3
2311	1570	58	61	2	1	1
2312	1101	13	16	1	1	2
2313	773	48	49	3	3	3
2314	154	18	19	1	3	2
2315	1164	24	27	2	2	3
2316	1552	34	37	1	2	3
2317	2146	29	31	3	3	2
2318	883	26	27	2	2	1
2319	1459	2	4	2	3	1
2320	549	55	56	1	3	2
2321	95	24	27	1	1	3
2322	1227	64	67	3	2	2
2323	85	23	26	1	1	1
2324	1071	18	19	1	2	1
2325	1029	28	31	1	2	1
2326	1718	28	31	1	1	2
2327	423	10	13	3	2	1
2328	836	51	54	1	3	3
2329	516	28	29	3	2	2
2330	2175	69	70	2	2	1
2331	1532	70	71	1	2	3
2332	1271	39	42	3	3	3
2333	1987	49	51	3	1	1
2334	1086	28	29	3	3	3
2335	669	35	37	2	1	1
2336	788	5	8	3	3	3
2337	1826	59	61	3	3	1
2338	444	50	53	1	1	3
2339	1498	47	49	2	1	1
2340	1343	8	11	2	1	1
2341	593	7	9	3	1	2
2342	2154	65	67	2	2	1
2343	744	4	7	2	2	1
2344	411	30	32	1	3	1
2345	1294	8	11	1	2	2
2346	1341	71	72	1	2	3
2347	903	43	45	1	2	3
2348	1983	18	21	3	2	3
2349	1607	50	53	1	1	2
2350	916	17	20	2	1	3
2351	915	2	5	2	2	2
2352	947	22	25	3	2	1
2353	1838	34	37	3	1	1
2354	1818	64	67	2	1	3
2355	1947	23	25	3	2	3
2356	1575	14	15	2	1	1
2357	1207	20	22	2	3	3
2358	195	28	29	2	1	3
2359	807	24	27	1	2	1
2360	1546	50	53	1	3	3
2361	2164	4	7	3	3	2
2362	1128	28	29	2	3	2
2363	650	34	35	2	1	1
2364	1970	46	48	3	2	1
2365	1759	40	41	3	1	3
2366	1468	6	8	2	1	1
2367	1551	12	13	1	1	3
2368	1449	58	59	1	3	3
2369	1457	68	69	2	2	2
2370	1158	53	56	2	2	1
2371	1290	58	60	2	3	3
2372	76	42	45	1	3	1
2373	233	15	18	1	2	1
2374	1257	49	52	1	3	1
2375	147	15	17	3	1	3
2376	1359	52	53	1	2	3
2377	390	52	54	2	3	1
2378	2133	71	72	3	3	1
2379	1566	36	38	3	2	1
2380	525	23	25	2	2	1
2381	673	31	32	2	1	1
2382	182	21	24	3	2	2
2383	640	72	73	1	2	1
2384	818	52	55	2	2	2
2385	408	4	5	1	2	2
2386	398	33	34	2	1	3
2387	988	8	11	3	1	3
2388	1790	71	72	3	1	1
2389	325	30	32	1	1	2
2390	156	22	23	2	1	1
2391	1963	4	7	1	2	2
2392	1968	34	35	2	3	1
2393	1135	39	42	3	3	1
2394	2009	29	30	3	3	2
2395	67	12	15	3	2	2
2396	2002	36	38	1	1	1
2397	2013	40	42	1	2	3
2398	1015	25	26	1	2	1
2399	1095	5	7	1	1	2
2400	1889	12	15	2	2	3
2401	2126	50	53	1	1	3
2402	902	72	73	1	2	3
2403	334	26	29	1	3	3
2404	1737	22	24	3	1	2
2405	1323	11	13	2	2	3
2406	82	32	35	3	3	3
2407	1365	16	18	3	1	2
2408	1429	17	19	1	2	2
2409	1857	19	21	2	1	3
2410	1051	56	58	1	2	1
2411	2110	20	23	1	1	1
2412	1592	16	19	2	3	1
2413	1562	35	36	1	2	3
2414	1652	22	23	2	1	1
2415	1307	45	48	3	1	3
2416	815	43	45	3	3	1
2417	283	5	8	2	1	3
2418	376	39	42	3	1	2
2419	2113	18	20	2	1	1
2420	1934	27	28	3	1	2
2421	2001	4	7	1	3	1
2422	2092	33	35	3	3	3
2423	713	47	48	1	3	2
2424	672	43	46	2	2	1
2425	172	40	43	3	3	1
2426	2038	42	43	2	1	3
2427	452	45	46	1	3	2
2428	2121	40	42	1	2	3
2429	1077	49	50	2	3	3
2430	360	39	40	3	3	2
2431	889	56	57	2	2	1
2432	1138	61	63	2	3	2
2433	813	2	3	1	3	3
2434	1289	19	20	1	2	2
2435	973	44	47	1	1	3
2436	1904	16	19	3	1	2
2437	601	35	38	1	2	3
2438	1329	21	23	2	1	2
2439	2021	28	30	1	1	3
2440	963	24	27	1	2	3
2441	509	49	52	2	2	2
2442	2176	26	27	2	2	3
2443	1502	40	43	1	3	1
2444	1156	69	71	1	3	2
2445	594	41	44	2	1	1
2446	455	26	27	1	3	2
2447	1463	47	50	1	1	2
2448	1842	28	29	2	1	1
2449	1297	16	18	2	1	1
2450	119	40	43	2	3	3
2451	461	10	13	1	1	3
2452	1972	53	55	2	3	1
2453	1789	20	22	1	3	2
2454	900	60	62	3	1	2
2455	980	35	36	3	2	2
2456	1462	63	65	1	1	1
2457	1084	51	54	3	2	3
2458	1900	48	49	2	3	3
2459	337	11	13	3	1	3
2460	1545	26	28	3	1	1
2461	1847	9	10	3	1	3
2462	183	35	38	3	1	1
2463	834	31	34	3	1	1
2464	243	43	44	3	1	3
2465	636	43	45	1	2	2
2466	1877	30	31	3	3	1
2467	1555	60	63	3	3	2
2468	2140	15	18	2	3	1
2469	180	14	16	1	3	1
2470	1250	65	67	2	3	3
2471	979	54	57	1	3	3
2472	9	28	29	3	3	1
2473	1193	31	34	2	3	3
2474	1452	50	53	3	1	1
2475	929	56	57	3	1	3
2476	2135	28	30	1	1	2
2477	1260	50	52	3	3	1
2478	1966	57	59	2	1	3
2479	1709	41	44	1	2	3
2480	1043	26	28	1	2	3
2481	1117	16	19	1	3	2
2482	1304	40	43	3	2	2
2483	213	65	67	3	1	3
2484	244	24	27	3	3	2
2485	574	3	4	1	2	1
2486	1393	18	19	2	2	3
2487	1536	28	30	2	1	3
2488	1604	64	65	3	1	3
2489	258	24	27	3	1	1
2490	410	36	39	3	1	3
2491	1153	54	56	1	1	1
2492	39	42	44	2	2	1
2493	858	33	35	3	2	3
2494	1049	20	21	1	2	2
2495	1237	45	48	2	1	3
2496	479	57	60	2	1	1
2497	1061	16	17	2	3	2
2498	2111	30	32	2	3	3
2499	1483	20	23	2	2	3
2500	168	33	35	1	2	3

