DATASET = ORTEC-hidden instance set VeRoLog competition
NAME = tools over vehicle days over vehicles over distance with 1000 requests over 25 days

DAYS = 25
CAPACITY = 40
MAX_TRIP_DISTANCE = 16000
DEPOT_COORDINATE = 0

VEHICLE_COST = 4000
VEHICLE_DAY_COST = 300000
DISTANCE_COST = 1

TOOLS = 4
1	9	86	40000000
2	3	74	30000000
3	9	74	20000000
4	3	90	40000000

COORDINATES = 962
0	3976	3992
1	8647	6144
2	9397	6149
3	9011	6155
4	3505	6165
5	7606	6164
6	7510	6169
7	8975	6171
8	3666	6175
9	4275	6176
10	7828	6186
11	7321	6189
12	9092	6192
13	5472	6193
14	7233	6144
15	7349	6214
16	8982	6227
17	7650	6229
18	6264	6241
19	4187	6277
20	8105	6278
21	6304	6279
22	7323	6284
23	4030	6288
24	6046	6301
25	3475	6309
26	7462	6312
27	7511	6317
28	5985	6320
29	8263	6321
30	7805	6322
31	3410	6163
32	3731	6165
33	4058	6337
34	6788	6348
35	8280	6352
36	8235	6363
37	7275	6363
38	6212	6371
39	4434	4169
40	3548	6393
41	7733	6396
42	7399	6437
43	8310	6446
44	3920	6466
45	3459	6483
46	3366	6496
47	8050	6505
48	5076	4197
49	4220	6559
50	7423	6562
51	6761	6579
52	4127	6603
53	8080	6605
54	8574	6621
55	7804	6627
56	8056	6657
57	6872	7950
58	8669	6661
59	7861	6665
60	7880	6677
61	8680	6680
62	3883	4220
63	3725	6686
64	7022	6693
65	8862	6224
66	8668	6702
67	7890	6705
68	8111	6709
69	7961	6710
70	8605	6228
71	7907	6721
72	4534	4226
73	7989	6725
74	8393	6734
75	7763	6738
76	6488	6744
77	6599	6754
78	6534	6760
79	4214	6767
80	3847	6783
81	3782	6801
82	3639	6805
83	7941	6807
84	4032	6832
85	9081	8356
86	7717	6857
87	8069	6870
88	8243	6874
89	8346	6889
90	3885	6890
91	4226	6906
92	7873	6933
93	7439	6934
94	4676	6935
95	7828	6943
96	7462	6948
97	8763	6955
98	8730	6960
99	9001	6980
100	7724	6983
101	3940	7006
102	4107	7023
103	8780	7027
104	7485	7033
105	8489	7042
106	9362	7055
107	8157	7058
108	8858	7065
109	4319	4284
110	4795	7071
111	3899	7097
112	7747	7100
113	3938	7135
114	4299	7138
115	8491	7142
116	3985	7146
117	4230	7160
118	4007	7168
119	8991	7182
120	5029	3164
121	3511	7189
122	8875	7199
123	7269	7203
124	8985	7209
125	9326	7209
126	9124	7246
127	4918	7264
128	4951	7265
129	8542	7267
130	7385	7270
131	6029	7271
132	4042	7271
133	8813	7274
134	4300	7278
135	5851	7285
136	4411	7289
137	4324	7296
138	8546	4325
139	6998	7323
140	8054	7326
141	8455	7334
142	7826	8336
143	3367	7344
144	8102	7354
145	3967	4333
146	3892	7365
147	3779	7367
148	4056	7371
149	3945	7371
150	6301	7373
151	7102	7391
152	7212	7397
153	7500	8347
154	6952	7451
155	3923	7467
156	7765	7483
157	6588	7487
158	7353	7490
159	6362	4354
160	7148	7505
161	6403	7511
162	9420	7511
163	7710	7532
164	6994	7542
165	6448	7544
166	7043	7544
167	7099	7553
168	6595	7558
169	9299	7563
170	8547	7571
171	7836	8376
172	7680	7599
173	3920	7601
174	7305	7616
175	7529	7621
176	4336	6380
177	7112	7627
178	6507	7633
179	2500	4380
180	7264	7649
181	7525	7654
182	5712	7665
183	8699	7670
184	7864	7676
185	5729	7678
186	8917	7680
187	9475	7692
188	5346	7713
189	8374	7715
190	7841	7716
191	6804	7728
192	7583	7731
193	6659	7747
194	5832	7759
195	8782	7763
196	3530	7785
197	5620	7793
198	7350	7793
199	6963	7815
200	6816	7820
201	6771	7830
202	8825	7834
203	6079	7846
204	5274	7852
205	9154	7858
206	4274	7862
207	6934	7869
208	3700	2414
209	9143	7872
210	6094	7880
211	7453	7888
212	7359	8429
213	7123	7911
214	6800	7923
215	8071	7937
216	8259	7937
217	6362	7953
218	6117	7957
219	7142	7958
220	4328	7959
221	6955	7973
222	9704	7975
223	6716	7987
224	8468	7997
225	7514	8000
226	6624	8005
227	8445	8010
228	7829	8448
229	5372	8027
230	6213	8032
231	3539	8057
232	8634	8062
233	8417	8073
234	7075	8078
235	8029	7997
236	6237	8087
237	5469	8117
238	7487	8149
239	6143	8471
240	6126	8158
241	8645	8166
242	5861	8168
243	8904	8171
244	6109	8197
245	7717	8197
246	6777	8205
247	8442	4475
248	7444	8221
249	6748	8227
250	6472	8233
251	6842	8246
252	6102	8261
253	9248	8267
254	6135	8270
255	9491	8291
256	9600	8294
257	6742	8297
258	7174	8333
259	7694	8344
260	5533	8347
261	7722	8360
262	7505	8376
263	5861	8397
264	6636	8401
265	7756	8405
266	7619	8407
267	8318	8429
268	3837	8432
269	5814	8432
270	3616	8441
271	6672	8469
272	7396	8471
273	7161	8477
274	6465	8498
275	7856	8515
276	7918	8520
277	6834	8524
278	7913	8531
279	9552	8539
280	6679	8539
281	8528	8566
282	6041	8573
283	6697	8605
284	7303	8620
285	3388	6546
286	6166	8621
287	4177	2541
288	8092	4546
289	7753	8668
290	7737	4551
291	6109	8681
292	5802	8708
293	6465	8726
294	3910	8726
295	8119	8735
296	5998	8765
297	7495	8777
298	9491	8786
299	7615	8811
300	8947	6020
301	7525	8833
302	6177	8839
303	7589	8862
304	8383	4585
305	8480	8903
306	8907	8917
307	7814	8948
308	9469	8949
309	7065	8965
310	5973	8965
311	3986	4268
312	7100	9003
313	7795	9012
314	7751	9013
315	6250	8616
316	7744	8619
317	6668	9072
318	7492	9078
319	5949	9081
320	6446	9097
321	8214	9108
322	7739	5229
323	7508	9132
324	6550	9141
325	7751	9147
326	8832	9156
327	7628	9168
328	8125	9168
329	4773	2633
330	6150	9188
331	5988	9191
332	5128	4638
333	6635	9195
334	7823	9206
335	6904	9206
336	7631	9212
337	8229	9213
338	8611	6644
339	8738	9215
340	8625	9230
341	6336	9237
342	6554	9244
343	7966	9261
344	7879	9275
345	7170	9290
346	6436	9291
347	8998	4434
348	8185	9296
349	8272	9304
350	8064	9311
351	7344	9321
352	6510	9329
353	6966	9353
354	9347	9362
355	8403	9374
356	6630	9379
357	6597	9383
358	8000	9394
359	9059	9415
360	8691	9427
361	4059	4678
362	8301	9455
363	6674	9460
364	6681	9464
365	8391	9478
366	9152	9482
367	9114	9490
368	6941	9533
369	7040	9539
370	8383	9563
371	4078	6704
372	6322	8715
373	7910	9633
374	8569	9651
375	4254	4714
376	5105	9672
377	5118	9676
378	5814	8727
379	8948	8728
380	6435	9858
381	6196	8764
382	3502	2757
383	7351	9976
384	7410	9989
385	2192	4058
386	6901	8785
387	6160	2782
388	5211	2784
389	7328	4798
390	5972	8278
391	6363	1663
392	3878	4808
393	8467	6833
394	6936	8870
395	3688	4077
396	3854	4869
397	6948	8681
398	4001	6894
399	8746	4905
400	6503	2902
401	3922	2905
402	7810	8924
403	7304	2919
404	8748	4931
405	5003	2890
406	6179	2937
407	8208	6093
408	7862	8956
409	7483	6955
410	5867	2953
411	5996	2959
412	7385	6971
413	8453	7003
414	7860	5017
415	5610	5022
416	6003	8516
417	9268	6161
418	1209	3052
419	8446	5055
420	5592	3069
421	2717	5083
422	8140	5216
423	7567	4687
424	6648	0
425	7845	7121
426	8616	5120
427	7711	5120
428	6355	73
429	6356	3120
430	4539	3129
431	3454	5169
432	6526	160
433	7327	5139
434	6502	226
435	4279	3150
436	6530	269
437	6809	6537
438	8472	5173
439	6734	432
440	6604	8213
441	6096	468
442	7910	5202
443	3050	5207
444	6526	594
445	6286	633
446	4238	7229
447	8334	7228
448	8470	9232
449	8373	9238
450	6275	872
451	8630	5759
452	8782	5274
453	6519	1009
454	4682	3360
455	3374	4162
456	7021	7298
457	6733	1168
458	6476	1175
459	6435	1187
460	6814	1256
461	6945	1287
462	7844	9337
463	6428	1337
464	7111	5337
465	8697	5342
466	7065	5347
467	7267	5774
468	7161	5350
469	3779	3355
470	8510	9381
471	3509	7380
472	6203	1627
473	6399	1647
474	6721	1657
475	6521	1661
476	3140	4984
477	6550	9414
478	6947	3386
479	7872	6589
480	7127	1854
481	7558	4988
482	6535	1906
483	6550	1915
484	1504	1918
485	0	1922
486	5782	1934
487	5754	1953
488	3634	4243
489	6671	2014
490	8055	5446
491	8443	9455
492	8587	5449
493	5522	2085
494	5719	2086
495	6162	2092
496	6097	2095
497	850	2096
498	6510	2118
499	4852	2136
500	4244	4597
501	6702	2150
502	1548	2169
503	5175	2176
504	6086	2179
505	5017	2185
506	4835	2190
507	4763	2195
508	8181	7480
509	5907	2207
510	7789	5478
511	6209	2218
512	5400	2244
513	6238	2247
514	5724	2251
515	4651	2260
516	4786	2269
517	7296	7005
518	9061	9503
519	5002	2339
520	4678	2366
521	4954	2367
522	6332	2383
523	6314	2394
524	6942	2400
525	6813	5510
526	3713	2406
527	4642	2410
528	3723	7515
529	6445	2420
530	5501	2432
531	6303	2452
532	6888	7525
533	4127	2483
534	4539	2507
535	6837	2511
536	6519	7987
537	6487	2536
538	5019	2546
539	6492	2587
540	4438	3537
541	5810	2620
542	8064	5545
543	916	2637
544	7042	2637
545	3247	2649
546	6764	2653
547	6730	2658
548	6644	2664
549	8671	7558
550	6427	2679
551	8436	5556
552	2598	2701
553	5661	2702
554	6124	2720
555	3826	2732
556	2841	2740
557	3932	2752
558	5156	2757
559	6353	2772
560	4472	2776
561	2955	2789
562	6188	2790
563	2256	2843
564	5599	2844
565	5728	2846
566	6051	7587
567	709	2873
568	2377	2891
569	5453	2896
570	2579	2905
571	5975	2906
572	5856	2911
573	638	2937
574	2990	2953
575	5325	2964
576	2976	2971
577	3157	2977
578	5725	2985
579	6421	2990
580	5589	2993
581	6077	2996
582	5544	2999
583	6637	3007
584	6474	3035
585	5322	3039
586	6838	3042
587	1198	3044
588	6862	3065
589	4133	3076
590	4150	3086
591	6121	3088
592	6584	3125
593	6255	3135
594	4194	3137
595	5385	3138
596	5336	3155
597	5934	3157
598	6058	3168
599	5304	3171
600	4527	3199
601	6381	3206
602	6313	3208
603	4896	3210
604	3736	3213
605	3925	3227
606	6437	3229
607	6618	3234
608	5786	3239
609	6164	3243
610	3043	3251
611	6421	3263
612	2846	3271
613	4037	3276
614	2898	3293
615	5487	5036
616	6183	1653
617	7117	3310
618	4811	3311
619	3540	3315
620	2797	3316
621	4192	3332
622	5971	3335
623	3656	3339
624	3599	3357
625	1397	3361
626	4068	3364
627	3964	3366
628	5429	3370
629	4811	3375
630	5548	3377
631	4030	3380
632	6537	3394
633	5437	3405
634	5230	3408
635	4048	3414
636	5576	3432
637	4581	3456
638	4176	3683
639	6355	3469
640	5644	3475
641	7150	7692
642	5488	3480
643	6050	3491
644	4675	3517
645	5819	4243
646	5938	3536
647	4412	3537
648	4294	3554
649	4670	3569
650	4354	3569
651	4394	3585
652	5481	3587
653	4267	3616
654	4880	3623
655	5942	3630
656	5224	3633
657	6544	3654
658	4697	3696
659	4757	3703
660	6000	7741
661	4971	3775
662	5383	3792
663	4794	3795
664	5365	3815
665	6436	3815
666	4687	3826
667	5545	3851
668	2427	3919
669	6163	3938
670	5185	3940
671	5857	3941
672	6097	3948
673	5562	3959
674	9140	5769
675	6865	3963
676	4737	3983
677	6241	3990
678	5485	3991
679	3709	3991
680	3976	3992
681	6938	3995
682	4994	3999
683	5961	4009
684	4664	4028
685	3512	4041
686	5632	4045
687	5193	4061
688	4116	4080
689	8888	5790
690	1957	4091
691	4048	4094
692	4656	4110
693	2106	4137
694	4052	4138
695	9112	5800
696	8289	4162
697	7150	7807
698	1694	3801
699	3688	4172
700	3463	4174
701	4402	4176
702	3585	4203
703	6055	8669
704	4864	4216
705	8106	4239
706	4046	4244
707	7235	4248
708	4446	4255
709	4935	4257
710	5043	4258
711	3938	4266
712	4666	4272
713	8663	4279
714	5916	7829
715	4216	4301
716	6051	4305
717	7325	7830
718	3868	4315
719	7603	5870
720	6136	4325
721	8572	4329
722	3957	4345
723	6289	4347
724	3663	4348
725	8261	4354
726	4291	4391
727	4642	4393
728	6324	4402
729	5203	4416
730	7048	7849
731	5375	4421
732	7944	4425
733	2394	4429
734	7931	4449
735	2864	4457
736	4030	4463
737	3678	4465
738	4325	4505
739	7191	4514
740	5293	4525
741	2396	4529
742	5387	4532
743	5331	4538
744	7188	4549
745	4882	4556
746	5188	4556
747	7359	4570
748	7125	4580
749	4179	4588
750	5134	4591
751	4269	4602
752	8714	4602
753	4939	4606
754	4891	4619
755	5045	4622
756	4619	4627
757	7957	4632
758	8438	4634
759	7393	4642
760	7987	4646
761	8180	4658
762	7261	4663
763	4116	4666
764	8589	4682
765	4080	4688
766	4578	4695
767	8628	4705
768	7493	4710
769	7409	4714
770	7917	5895
771	7573	4728
772	8672	4732
773	8579	4746
774	7999	4757
775	8122	4764
776	3972	4775
777	5468	4775
778	4826	4779
779	3771	4785
780	7702	4789
781	8351	4790
782	4887	4810
783	8396	4813
784	5469	4819
785	8049	4818
786	8412	4822
787	8120	4823
788	5390	4830
789	8456	4836
790	4226	4848
791	3773	4849
792	7486	4849
793	5443	4856
794	3822	4874
795	2995	4875
796	8769	4875
797	3833	4880
798	3597	4887
799	5563	4892
800	7851	4892
801	8308	4894
802	8807	4909
803	3106	4913
804	7748	4918
805	7349	4921
806	8673	4938
807	3028	4941
808	3547	4942
809	3850	4952
810	7689	5937
811	2600	4973
812	2891	4976
813	7641	4991
814	7788	4994
815	3053	5000
816	3810	5006
817	8418	5007
818	8203	5017
819	4547	5018
820	3737	5025
821	7318	8296
822	5304	5052
823	3303	5077
824	5456	5091
825	7241	5098
826	9100	5109
827	2730	5115
828	5610	5963
829	3882	5125
830	4050	5126
831	4553	5130
832	3525	5130
833	7596	5133
834	8056	5139
835	3213	5144
836	8074	5150
837	3208	5165
838	8156	5172
839	3564	5177
840	8217	5183
841	8552	5185
842	3152	5188
843	9037	5190
844	8523	5195
845	5231	5205
846	4024	5218
847	1838	3978
848	5087	5232
849	8533	5238
850	4289	5253
851	7295	5262
852	4142	5263
853	8564	5268
854	5058	5280
855	1918	3992
856	8605	5330
857	8626	5339
858	4226	5348
859	3902	5104
860	7696	5350
861	3786	5351
862	6094	1997
863	3447	5370
864	8449	5380
865	5547	5391
866	8847	5392
867	8077	5393
868	7229	5399
869	2188	4007
870	7620	5406
871	7609	5409
872	8058	5415
873	8984	6012
874	3964	5420
875	7044	5420
876	5264	4009
877	8126	5421
878	9412	5427
879	7752	5433
880	3742	5438
881	7842	5440
882	8352	5460
883	8070	5462
884	4361	5467
885	8351	5468
886	7557	5479
887	3818	5489
888	4198	5497
889	5194	5503
890	8272	5504
891	3934	5520
892	3817	5544
893	4061	5555
894	5601	4033
895	7588	5569
896	9053	6037
897	5257	5577
898	8057	5589
899	9408	6042
900	8096	5615
901	8616	5633
902	7630	5638
903	8185	5643
904	7582	5648
905	8711	5649
906	8134	5663
907	8469	5673
908	8610	5680
909	8491	5687
910	8825	5704
911	7817	5708
912	4004	5711
913	8396	5712
914	7693	5714
915	8767	5715
916	7600	5729
917	9510	5730
918	9126	6064
919	7898	5740
920	6550	8720
921	7116	5748
922	9466	5751
923	6970	5758
924	7667	5788
925	8791	5821
926	8204	5826
927	9304	6080
928	9686	5920
929	8724	5832
930	7748	5833
931	8906	5840
932	3278	5841
933	9477	5857
934	9370	5858
935	9456	5866
936	8293	5899
937	9158	5910
938	7902	5913
939	7788	5915
940	8902	5946
941	7710	5960
942	9146	5969
943	9196	5980
944	8973	5982
945	9129	5984
946	7896	5988
947	9216	5998
948	7427	5926
949	6814	7928
950	8805	6020
951	7361	6031
952	8907	6056
953	9203	6060
954	9178	6073
955	3532	6083
956	8164	6084
957	8925	6086
958	6002	6094
959	8831	6121
960	8857	6130
961	4148	6129

REQUESTS = 1000
1	877	6	8	3	3	3
2	484	9	11	1	4	2
3	716	10	11	2	1	3
4	574	8	11	3	2	2
5	506	5	6	3	1	2
6	410	7	8	3	4	3
7	585	10	12	1	3	1
8	942	4	6	3	2	3
9	316	18	21	3	2	1
10	725	20	22	1	4	3
11	265	1	4	1	2	3
12	386	4	7	3	4	3
13	305	14	15	3	2	3
14	758	3	5	2	1	3
15	876	3	4	1	3	3
16	582	15	16	1	2	2
17	538	21	22	1	4	1
18	741	4	7	1	2	1
19	781	5	7	2	4	1
20	203	19	21	1	1	2
21	113	8	11	2	4	3
22	121	2	5	2	3	3
23	604	2	4	2	1	2
24	83	21	24	1	1	2
25	241	22	24	1	4	2
26	770	5	7	3	1	2
27	513	11	13	2	2	2
28	497	3	6	1	1	2
29	405	1	2	3	1	1
30	642	17	19	3	1	2
31	575	8	10	3	3	1
32	500	9	11	3	1	1
33	198	2	3	1	3	3
34	562	9	12	3	2	3
35	238	2	5	2	4	3
36	181	7	10	3	2	1
37	106	17	19	1	3	2
38	917	9	11	3	2	2
39	174	10	11	3	3	2
40	427	4	5	1	4	1
41	285	13	16	1	1	3
42	764	19	22	3	1	3
43	739	11	12	3	4	1
44	226	2	4	2	3	2
45	560	4	6	2	4	3
46	669	5	7	2	2	2
47	638	12	14	3	2	2
48	52	9	12	3	4	2
49	954	19	22	3	3	2
50	610	19	22	2	4	3
51	242	16	18	2	4	2
52	800	10	11	3	2	3
53	171	4	6	2	1	2
54	224	2	4	1	1	2
55	843	14	17	3	1	2
56	792	16	17	1	4	3
57	342	8	11	2	4	3
58	650	9	12	3	2	1
59	18	10	11	1	3	1
60	717	13	16	3	4	2
61	555	14	16	1	1	3
62	928	19	22	2	4	3
63	227	14	16	2	1	2
64	141	18	19	1	2	1
65	752	4	7	2	1	3
66	457	8	11	3	3	1
67	104	3	5	3	1	2
68	62	16	18	2	1	3
69	839	3	5	2	4	1
70	230	19	22	1	2	1
71	27	10	12	1	4	3
72	29	5	6	2	1	2
73	244	3	6	2	4	3
74	133	2	3	3	4	2
75	684	6	9	2	1	3
76	25	6	8	2	4	2
77	279	11	14	1	1	1
78	371	3	4	1	4	3
79	495	1	3	2	4	3
80	547	13	14	1	1	1
81	686	13	15	3	1	2
82	365	12	14	2	2	1
83	905	4	6	2	3	3
84	130	16	18	2	2	1
85	760	10	11	3	2	2
86	805	9	11	1	4	1
87	175	12	14	1	4	3
88	485	19	20	2	1	1
89	556	21	22	1	3	1
90	902	19	22	2	1	1
91	655	5	7	1	3	2
92	22	21	24	1	4	1
93	527	1	4	3	1	1
94	674	2	4	1	2	3
95	508	1	4	1	1	3
96	343	20	23	1	2	2
97	678	7	8	3	1	2
98	559	12	13	1	4	1
99	231	19	22	2	3	2
100	254	1	4	3	4	1
101	944	9	12	3	3	1
102	920	11	14	2	4	3
103	509	18	21	2	2	1
104	128	1	2	2	3	3
105	306	19	22	1	3	2
106	471	20	22	2	4	3
107	689	10	12	3	3	2
108	808	9	12	3	1	3
109	424	12	14	3	3	1
110	71	21	22	1	4	1
111	510	6	9	3	1	1
112	536	12	14	3	4	2
113	530	1	2	1	3	1
114	473	9	12	2	4	1
115	264	10	13	2	4	2
116	704	14	16	1	3	1
117	489	6	9	3	1	1
118	352	18	19	3	3	2
119	218	4	6	2	4	3
120	212	14	17	2	1	2
121	946	8	10	3	4	1
122	925	18	21	3	3	2
123	51	5	7	1	2	1
124	166	1	2	2	4	1
125	323	15	18	2	1	3
126	579	10	13	3	3	1
127	864	13	16	2	1	3
128	503	8	11	3	1	1
129	408	2	3	1	2	2
130	50	19	21	2	4	2
131	514	19	21	1	2	2
132	941	20	21	3	3	1
133	302	3	6	1	2	2
134	63	21	24	1	2	1
135	793	13	14	2	2	2
136	733	4	7	3	4	2
137	433	18	21	2	1	1
138	659	4	7	2	4	1
139	740	22	23	1	3	3
140	749	9	11	3	3	2
141	372	12	13	3	2	3
142	434	14	15	3	2	3
143	633	11	14	1	2	1
144	85	19	20	2	2	3
145	180	8	9	2	2	1
146	952	9	10	3	1	2
147	421	7	10	2	1	2
148	45	4	7	3	1	1
149	407	4	6	2	3	2
150	745	21	23	2	4	3
151	395	5	8	2	4	3
152	615	18	21	3	1	1
153	246	12	14	1	4	2
154	450	20	22	3	1	3
155	148	12	14	1	4	3
156	649	13	16	1	4	3
157	483	2	5	1	3	3
158	779	7	10	1	2	2
159	868	19	20	2	1	1
160	682	13	15	2	4	2
161	293	13	16	3	4	3
162	720	2	4	1	3	3
163	626	15	18	1	2	3
164	358	1	3	2	3	2
165	214	6	7	2	3	1
166	362	7	9	3	4	2
167	775	11	12	2	1	2
168	8	1	3	1	2	3
169	571	18	21	2	4	1
170	788	19	21	3	4	2
171	552	4	7	3	4	1
172	185	19	21	2	3	1
173	442	8	10	1	1	1
174	817	18	20	2	4	1
175	201	2	3	3	3	2
176	162	12	14	2	1	2
177	96	7	9	2	2	3
178	906	18	19	3	1	3
179	402	3	5	1	2	1
180	156	7	10	2	3	3
181	99	12	14	1	2	3
182	204	14	17	3	2	2
183	958	11	13	3	3	1
184	818	4	6	2	3	2
185	937	16	18	2	3	1
186	30	16	17	2	2	1
187	28	12	14	3	3	2
188	255	18	19	1	1	1
189	416	2	3	1	2	2
190	5	19	22	2	1	3
191	266	3	5	1	1	2
192	268	16	17	3	1	2
193	373	7	8	1	1	2
194	326	13	16	3	2	2
195	145	4	7	2	1	3
196	759	20	21	2	1	2
197	459	16	17	2	3	1
198	275	17	18	2	1	3
199	512	6	8	2	4	3
200	117	10	13	2	1	3
201	451	21	24	1	1	3
202	535	15	17	3	4	2
203	721	5	8	1	2	3
204	207	3	5	1	1	2
205	891	17	19	3	3	1
206	127	3	5	2	1	1
207	298	7	8	2	1	3
208	943	1	4	2	4	2
209	140	15	17	2	1	1
210	177	21	24	1	2	3
211	617	9	11	3	4	1
212	475	12	14	3	2	3
213	726	10	11	2	3	2
214	17	7	9	3	2	3
215	154	6	7	1	4	1
216	105	2	5	3	3	2
217	710	3	6	1	1	2
218	526	15	16	3	4	1
219	743	1	3	3	2	2
220	200	5	7	3	1	3
221	554	7	9	1	4	2
222	807	13	16	3	4	3
223	463	8	11	1	3	2
224	539	19	22	1	4	2
225	350	16	18	2	4	3
226	593	9	12	2	4	3
227	213	2	4	2	2	3
228	336	9	11	3	3	2
229	959	17	18	1	1	3
230	38	5	8	1	1	2
231	825	5	7	1	4	1
232	173	15	17	2	1	1
233	861	12	13	1	3	2
234	195	21	22	1	3	2
235	313	7	9	1	3	2
236	429	20	21	1	2	1
237	16	4	6	3	4	3
238	923	12	15	1	3	3
239	769	8	10	3	2	1
240	780	14	16	2	2	3
241	541	21	22	2	3	3
242	428	17	19	3	2	2
243	114	13	15	1	4	1
244	228	14	16	3	1	1
245	841	15	17	3	3	1
246	602	14	17	3	2	1
247	243	22	23	2	3	1
248	379	20	21	1	4	3
249	945	6	7	1	4	3
250	806	2	5	2	3	2
251	92	7	10	2	1	3
252	823	1	2	3	1	3
253	631	3	4	2	3	1
254	487	6	9	2	3	2
255	94	12	13	1	1	2
256	640	11	14	1	1	3
257	940	12	15	2	4	2
258	15	13	16	1	4	2
259	282	6	9	1	1	3
260	914	14	15	3	3	3
261	75	13	16	1	4	2
262	696	17	20	2	3	2
263	935	5	7	3	3	3
264	735	5	8	3	3	1
265	860	14	17	2	1	3
266	123	12	15	2	4	3
267	643	7	8	2	3	1
268	418	13	15	1	4	1
269	87	2	4	3	1	1
270	580	11	14	2	3	1
271	694	7	10	1	4	1
272	26	2	3	3	2	3
273	345	17	18	1	2	1
274	441	4	5	1	2	1
275	370	16	17	3	1	3
276	884	11	14	2	4	1
277	813	1	3	3	3	2
278	341	17	18	3	1	2
279	366	3	5	1	1	2
280	692	4	5	2	2	3
281	236	20	23	1	3	2
282	458	15	17	3	2	2
283	61	12	14	1	3	3
284	317	14	16	1	1	2
285	369	8	9	3	2	3
286	810	15	17	2	3	2
287	846	9	12	3	3	3
288	436	7	8	2	2	1
289	549	8	10	2	2	1
290	849	15	18	2	1	3
291	307	18	20	3	4	3
292	521	1	3	1	3	3
293	957	17	19	3	4	2
294	260	7	8	3	1	1
295	924	15	18	1	2	3
296	472	1	3	2	2	2
297	697	6	8	2	3	1
298	115	14	15	2	1	3
299	97	6	9	3	3	1
300	887	7	10	3	1	3
301	688	8	9	3	1	1
302	124	6	8	3	3	1
303	364	16	19	2	1	1
304	874	1	3	2	3	1
305	675	7	10	3	1	3
306	288	14	16	1	2	1
307	281	3	5	3	1	3
308	422	15	18	3	4	1
309	488	8	11	2	3	2
310	713	13	15	1	4	2
311	464	18	19	2	1	3
312	658	3	4	2	2	2
313	670	3	4	2	4	3
314	747	5	6	2	4	3
315	590	16	18	2	3	3
316	160	4	6	3	1	2
317	909	8	10	2	4	3
318	43	4	7	1	2	2
319	308	22	23	1	2	1
320	496	19	22	3	4	3
321	667	8	11	1	1	2
322	147	16	17	1	1	2
323	46	9	10	3	2	1
324	432	1	4	2	4	1
325	635	14	16	2	3	2
326	9	15	16	1	4	3
327	387	7	8	3	2	2
328	178	18	20	2	4	2
329	698	9	11	2	1	3
330	349	12	13	2	1	3
331	632	14	15	2	4	2
332	672	20	23	2	4	3
333	814	15	17	2	3	3
334	890	20	22	2	3	3
335	490	2	4	2	3	1
336	878	10	13	3	2	2
337	56	19	22	2	2	2
338	446	22	23	1	3	3
339	618	2	5	1	3	2
340	64	2	4	3	2	1
341	777	13	14	1	3	3
342	889	8	11	3	3	2
343	222	8	10	3	1	2
344	840	12	14	2	1	1
345	767	16	17	2	3	3
346	950	10	13	2	4	2
347	677	19	21	1	1	3
348	685	10	11	2	4	2
349	79	6	9	2	4	2
350	711	9	11	2	2	1
351	423	10	11	3	2	3
352	690	16	18	3	2	1
353	803	20	22	1	3	3
354	811	14	16	3	2	2
355	47	12	15	2	4	2
356	766	4	5	3	4	1
357	519	13	16	2	4	1
358	666	3	4	2	3	2
359	399	7	10	1	2	3
360	66	15	16	3	4	2
361	163	16	18	3	3	1
362	948	3	4	3	1	2
363	543	14	16	1	3	3
364	348	13	16	1	4	2
365	922	6	9	3	1	1
366	848	9	11	1	3	3
367	795	7	9	2	3	1
368	518	3	6	2	4	2
369	715	10	13	1	3	3
370	724	6	9	2	2	2
371	660	18	19	3	4	2
372	125	21	22	1	2	3
373	267	16	19	1	2	2
374	916	11	14	3	2	3
375	611	17	20	1	3	2
376	425	9	12	2	4	2
377	853	5	7	1	1	2
378	361	15	16	3	4	2
379	789	16	18	2	1	2
380	477	5	6	2	4	2
381	493	20	22	2	3	1
382	340	14	16	1	3	3
383	910	20	23	1	4	1
384	216	16	17	2	1	2
385	158	1	2	1	2	1
386	594	6	9	2	4	2
387	515	22	23	2	3	1
388	730	1	4	3	2	3
389	152	2	3	2	4	1
390	368	20	23	1	1	1
391	738	13	15	3	1	1
392	86	11	13	1	1	3
393	455	15	18	3	4	1
394	126	4	7	2	4	2
395	332	9	11	2	3	3
396	333	12	14	1	3	1
397	180	9	10	2	4	2
398	188	5	8	2	4	3
399	406	10	11	3	4	2
400	65	15	16	2	4	2
401	269	12	14	2	4	1
402	652	16	19	1	4	3
403	636	1	2	3	4	2
404	614	5	6	1	2	1
405	870	5	7	1	3	1
406	651	9	12	1	1	1
407	248	5	8	3	2	3
408	435	13	14	1	3	2
409	634	15	16	2	3	3
410	879	14	17	2	1	1
411	612	8	9	2	4	3
412	363	6	8	3	3	2
413	833	17	18	2	4	2
414	723	14	15	3	3	1
415	188	6	8	1	2	1
416	923	7	10	3	4	2
417	703	17	18	3	1	3
418	76	1	4	2	1	3
419	445	4	6	3	4	2
420	139	4	7	2	1	1
421	744	1	4	1	2	2
422	93	17	19	2	4	2
423	939	20	21	1	1	3
424	300	18	20	3	3	2
425	389	8	9	2	2	1
426	901	15	16	2	3	2
427	110	5	7	1	4	1
428	711	18	19	3	1	2
429	525	19	22	2	4	3
430	292	20	23	2	1	3
431	896	14	15	3	1	3
432	194	14	16	3	4	2
433	311	21	23	1	1	1
434	796	13	16	2	3	2
435	118	9	12	3	2	2
436	753	14	16	3	1	3
437	376	5	6	3	3	1
438	294	6	7	3	1	1
439	955	6	8	1	4	2
440	414	19	21	2	3	1
441	597	16	18	3	3	1
442	393	4	5	2	1	1
443	528	1	4	1	4	1
444	786	7	8	2	4	3
445	601	21	22	2	4	1
446	191	16	18	1	2	1
447	297	16	18	3	4	2
448	420	2	5	3	4	1
449	927	17	19	1	4	3
450	122	4	7	3	4	2
451	7	15	18	2	4	2
452	40	8	10	3	1	2
453	182	13	15	3	4	3
454	391	15	17	2	3	3
455	109	20	23	2	4	2
456	595	20	22	3	4	3
457	829	4	6	1	2	3
458	546	19	20	1	2	1
459	768	4	6	2	3	1
460	12	3	4	3	2	1
461	272	14	16	3	1	2
462	136	14	15	2	2	2
463	217	14	16	1	3	3
464	914	3	4	3	1	2
465	262	8	10	1	3	2
466	647	19	20	1	3	1
467	897	17	20	3	1	2
468	951	16	19	1	1	2
469	304	20	22	3	2	3
470	776	5	8	3	1	1
471	295	19	22	1	3	1
472	129	9	12	1	4	1
473	619	21	23	2	1	2
474	470	18	21	1	4	2
475	845	14	17	2	3	2
476	621	6	9	2	4	3
477	819	16	17	1	4	1
478	700	6	9	2	4	1
479	628	4	6	2	3	1
480	577	20	22	2	3	1
481	257	17	19	3	4	2
482	479	17	18	1	4	3
483	367	13	16	2	3	2
484	926	19	21	1	4	2
485	159	20	21	2	3	3
486	874	19	21	3	2	1
487	144	8	11	2	4	3
488	258	7	8	1	3	3
489	168	10	11	1	3	1
490	6	2	5	3	4	1
491	271	2	4	2	1	2
492	287	22	24	1	2	2
493	895	15	17	1	3	1
494	59	18	20	1	4	2
495	161	8	9	2	4	2
496	276	19	22	3	4	2
497	431	10	13	1	3	2
498	960	1	2	2	3	1
499	234	8	10	2	3	1
500	921	18	19	1	4	2
501	251	15	17	3	4	1
502	157	11	14	2	3	2
503	190	4	7	1	4	1
504	625	15	18	1	4	2
505	53	17	18	1	4	2
506	883	9	10	1	1	1
507	661	18	20	1	2	1
508	300	7	9	3	4	2
509	587	17	20	2	4	2
510	430	14	15	2	1	2
511	875	2	4	1	3	2
512	11	21	22	1	3	2
513	837	20	22	3	3	1
514	623	17	18	2	3	1
515	355	17	20	2	4	3
516	90	8	11	3	4	2
517	183	7	10	2	3	2
518	915	1	4	1	3	3
519	35	9	12	2	4	2
520	396	6	7	1	4	2
521	781	3	6	2	2	1
522	382	5	8	3	1	1
523	82	13	14	2	1	2
524	624	8	9	3	1	3
525	701	9	12	2	1	1
526	74	1	3	3	1	3
527	98	4	7	2	1	3
528	235	18	21	2	2	2
529	842	9	11	1	4	2
530	3	7	8	3	4	2
531	91	6	9	2	1	3
532	791	16	19	1	1	2
533	153	12	14	3	1	2
534	486	4	6	3	4	1
535	232	6	7	1	2	1
536	801	8	9	2	3	1
537	179	5	7	2	2	1
538	865	3	5	3	1	3
539	205	1	4	1	3	2
540	582	4	6	2	4	1
541	501	16	19	1	2	2
542	880	5	7	3	2	1
543	736	9	12	3	4	2
544	540	1	2	2	2	3
545	828	16	18	3	3	2
546	707	1	3	3	4	2
547	170	11	14	1	2	3
548	654	5	6	1	3	1
549	101	18	19	3	1	2
550	143	19	21	1	4	2
551	381	6	7	1	3	3
552	474	12	14	3	1	1
553	557	11	12	1	4	3
554	931	19	21	2	1	2
555	949	16	19	3	4	3
556	112	20	23	2	2	2
557	705	15	18	2	2	1
558	192	16	19	2	3	2
559	514	4	5	1	3	3
560	709	9	12	2	2	3
561	824	1	3	1	3	2
562	817	15	17	3	2	1
563	783	16	17	1	1	2
564	48	22	23	2	1	3
565	898	15	18	3	1	3
566	881	2	3	3	3	2
567	778	6	7	3	3	2
568	469	13	14	3	4	2
569	869	17	18	3	3	3
570	58	8	10	2	3	2
571	448	19	21	3	4	2
572	609	13	16	3	3	2
573	290	7	10	2	1	1
574	564	12	15	1	3	1
575	516	11	12	3	4	3
576	533	5	8	1	3	1
577	120	10	13	3	3	2
578	1	7	9	3	2	3
579	325	15	17	2	2	3
580	31	18	21	1	3	3
581	49	8	11	2	1	2
582	645	7	10	2	3	1
583	537	19	22	3	4	3
584	750	20	23	1	1	1
585	20	14	16	3	3	2
586	77	4	7	2	3	3
587	312	21	24	1	4	2
588	354	10	13	2	4	1
589	388	22	23	1	4	2
590	335	17	20	3	1	3
591	732	11	12	3	3	2
592	221	14	15	2	4	2
593	570	12	13	1	4	3
594	397	4	5	1	3	1
595	568	1	2	3	3	2
596	797	9	11	2	3	2
597	899	8	11	1	4	1
598	146	19	21	3	2	2
599	116	19	20	2	1	1
600	378	18	20	1	3	3
601	252	2	3	1	3	2
602	375	1	2	1	4	2
603	108	19	20	3	2	3
604	482	15	18	3	3	3
605	531	10	11	2	3	1
606	413	10	12	2	3	2
607	215	9	12	3	2	1
608	808	3	6	1	2	1
609	289	2	3	3	4	1
610	961	7	8	2	1	2
611	812	20	22	1	3	3
612	80	19	20	3	1	1
613	41	8	10	2	2	2
614	873	17	20	2	1	3
615	702	19	22	3	1	1
616	644	14	15	3	1	3
617	465	15	16	1	3	2
618	763	4	6	2	3	3
619	187	9	12	2	4	2
620	809	14	15	1	4	3
621	60	10	11	2	2	3
622	872	16	17	1	4	1
623	210	18	21	3	3	3
624	852	15	18	1	4	2
625	551	20	21	1	1	3
626	900	1	3	3	2	2
627	668	3	4	2	3	1
628	569	5	7	1	2	3
629	762	5	7	1	2	2
630	225	19	21	3	2	3
631	766	6	8	2	1	1
632	681	20	23	2	3	2
633	193	4	7	3	4	2
634	131	14	15	3	2	3
635	790	20	23	2	4	3
636	659	5	7	2	2	1
637	449	9	10	1	1	3
638	679	2	5	2	1	1
639	331	11	12	3	1	1
640	318	12	13	1	3	3
641	68	19	21	3	2	1
642	912	16	18	3	3	3
643	353	22	23	1	1	3
644	70	8	9	2	2	1
645	882	6	9	1	3	1
646	863	16	18	2	4	1
647	665	10	11	3	4	2
648	299	3	4	2	4	3
649	938	14	15	3	3	1
650	36	16	18	2	2	2
651	443	13	16	2	2	2
652	785	9	10	1	1	2
653	653	18	19	3	4	3
654	456	2	4	3	3	2
655	523	1	3	2	4	2
656	599	12	13	3	1	3
657	223	16	19	1	3	3
658	164	21	24	1	1	1
659	95	20	21	2	4	3
660	219	12	15	1	3	2
661	892	18	20	2	2	2
662	830	1	2	2	3	1
663	220	17	18	3	1	2
664	437	8	9	3	4	2
665	253	18	20	1	2	1
666	383	18	20	3	1	1
667	107	8	10	3	3	2
668	802	8	11	1	3	2
669	542	12	14	3	3	2
670	719	4	5	1	4	1
671	481	6	7	2	3	2
672	467	12	15	3	3	1
673	918	8	9	3	3	3
674	648	17	18	2	2	2
675	630	22	24	1	2	1
676	23	13	16	2	4	3
677	798	22	23	2	1	2
678	390	8	10	3	3	1
679	722	17	18	3	2	1
680	850	21	22	1	3	2
681	291	17	19	2	3	2
682	804	17	19	1	2	2
683	616	9	11	3	3	1
684	438	21	22	2	2	3
685	13	12	15	3	4	1
686	278	21	22	2	2	3
687	671	5	8	3	4	2
688	403	12	15	1	1	2
689	89	19	20	3	1	1
690	838	2	3	3	3	3
691	315	21	23	1	3	1
692	939	6	8	2	4	3
693	400	2	3	2	4	3
694	447	6	7	3	2	3
695	561	16	19	1	1	3
696	68	19	20	3	3	2
697	356	7	10	2	4	2
698	169	5	6	3	3	2
699	419	5	7	2	1	2
700	88	8	11	2	2	3
701	572	3	4	2	2	1
702	138	15	18	2	3	3
703	534	22	24	1	2	3
704	886	14	15	1	1	3
705	676	16	17	1	1	1
706	773	10	12	2	1	1
707	894	13	15	2	4	1
708	706	12	15	2	2	3
709	34	6	9	2	2	3
710	415	13	14	3	3	3
711	202	18	21	2	2	3
712	103	12	13	2	2	1
713	826	17	18	2	4	2
714	480	15	17	1	4	1
715	589	1	4	3	3	1
716	233	1	3	1	1	3
717	339	17	19	3	3	2
718	712	15	18	3	4	3
719	859	12	14	2	3	1
720	680	3	4	1	2	3
721	820	1	2	1	2	1
722	903	2	5	2	3	2
723	401	6	8	1	2	2
724	774	18	20	2	4	3
725	73	2	3	2	4	3
726	277	13	14	2	3	2
727	10	7	9	2	1	2
728	476	9	10	3	3	3
729	176	23	24	1	1	1
730	664	13	16	2	2	2
731	627	17	18	2	3	3
732	39	2	5	3	3	2
733	794	9	10	3	3	1
734	42	5	8	2	1	1
735	330	11	12	3	1	2
736	622	6	9	3	4	2
737	247	4	7	3	4	3
738	816	2	3	3	4	3
739	737	3	4	3	4	1
740	4	9	11	1	3	3
741	532	20	21	3	2	1
742	558	1	4	2	4	2
743	111	6	7	2	4	1
744	578	12	14	2	1	1
745	953	14	16	2	2	1
746	588	5	6	3	3	2
747	517	21	22	3	3	1
748	303	9	10	2	2	2
749	19	6	9	1	4	1
750	44	12	13	3	1	1
751	273	10	11	3	4	3
752	199	21	24	1	2	3
753	412	17	19	2	1	3
754	913	18	21	1	2	1
755	683	6	9	2	2	3
756	553	9	12	2	2	1
757	270	5	6	2	1	1
758	505	5	7	3	4	1
759	629	17	20	2	2	2
760	196	14	16	3	2	3
761	888	18	19	1	4	3
762	904	13	16	3	4	1
763	565	5	6	2	2	1
764	821	15	16	2	2	1
765	250	4	5	2	1	2
766	468	8	9	1	3	1
767	670	7	8	2	1	1
768	586	19	20	3	1	3
769	32	1	4	3	4	2
770	72	8	11	3	4	2
771	765	19	21	3	1	1
772	165	14	17	3	4	3
773	646	2	3	1	4	1
774	699	15	16	2	1	1
775	929	5	6	2	1	1
776	854	20	23	2	2	1
777	822	4	7	3	4	1
778	637	6	9	3	2	3
779	189	8	11	2	2	2
780	327	22	23	2	1	3
781	377	20	23	2	4	2
782	150	6	7	2	3	3
783	478	3	6	1	2	1
784	319	2	5	1	4	2
785	102	2	3	3	3	1
786	856	4	5	2	2	2
787	511	10	11	1	3	2
788	211	16	18	1	4	2
789	229	1	4	3	3	2
790	606	9	10	1	1	1
791	893	13	15	1	1	1
792	696	7	8	3	1	3
793	237	3	5	3	1	3
794	452	8	9	2	3	3
795	261	20	22	2	1	2
796	757	8	10	3	1	1
797	932	3	6	3	3	3
798	728	2	5	3	1	3
799	663	13	14	2	2	2
800	548	18	19	3	3	1
801	426	7	9	1	1	3
802	958	10	11	1	2	2
803	749	23	24	1	2	1
804	911	7	8	2	4	3
805	320	12	14	2	3	1
806	30	4	5	2	1	2
807	847	16	17	3	3	1
808	600	4	5	1	1	1
809	259	11	12	3	4	2
810	280	1	2	1	1	1
811	411	2	4	1	4	3
812	734	8	11	3	1	2
813	184	3	6	2	1	2
814	761	21	22	3	1	3
815	907	17	19	3	3	3
816	827	17	20	3	2	1
817	57	6	9	2	2	1
818	591	7	10	1	2	3
819	758	19	20	3	4	1
820	209	19	21	1	2	2
821	835	9	11	1	2	3
822	78	19	20	1	3	3
823	322	21	22	1	2	2
824	754	11	13	2	4	2
825	641	9	10	3	2	1
826	576	13	16	3	3	1
827	494	12	13	3	1	3
828	834	13	16	2	4	1
829	453	4	7	3	3	2
830	755	22	23	2	1	3
831	249	17	20	2	1	2
832	321	6	9	2	2	2
833	240	16	17	3	2	1
834	603	19	20	1	2	3
835	119	9	11	2	3	1
836	134	8	11	2	2	3
837	374	16	19	1	2	1
838	52	14	16	3	3	2
839	309	5	7	3	4	1
840	502	16	19	3	1	2
841	529	9	12	1	2	1
842	657	16	19	3	1	1
843	566	18	20	2	2	3
844	197	10	11	1	4	1
845	608	6	9	3	2	2
846	466	7	9	3	1	3
847	132	11	14	3	1	2
848	167	2	4	3	3	1
849	444	20	22	3	1	2
850	239	17	19	3	2	1
851	836	8	11	3	3	2
852	613	17	20	3	1	3
853	492	8	11	2	2	2
854	14	12	13	2	1	3
855	357	16	17	3	4	1
856	695	15	16	2	2	1
857	296	21	24	1	4	3
858	414	6	9	3	3	3
859	607	6	8	3	3	1
860	731	13	16	2	3	1
861	439	3	6	2	1	1
862	851	4	5	3	1	1
863	404	20	22	3	2	3
864	622	5	8	1	3	3
865	491	11	14	1	4	2
866	788	10	12	1	4	1
867	708	7	10	2	1	3
868	858	11	12	2	3	2
869	21	11	13	1	1	3
870	567	6	8	1	1	1
871	54	15	16	3	1	2
872	274	1	3	3	1	1
873	338	11	13	3	3	1
874	2	2	4	2	3	2
875	310	7	8	1	4	2
876	324	1	2	2	3	3
877	73	17	20	2	2	1
878	844	9	11	3	4	1
879	360	6	9	3	2	2
880	687	17	18	2	1	3
881	799	13	14	2	1	2
882	581	3	4	2	4	1
883	930	14	15	1	3	1
884	919	12	14	3	4	1
885	498	5	8	2	1	2
886	855	17	20	3	2	1
887	714	8	9	1	4	2
888	596	4	5	1	2	2
889	933	9	12	2	4	3
890	462	16	19	3	2	1
891	639	6	7	2	2	3
892	563	1	3	1	2	2
893	756	16	18	3	1	3
894	206	7	9	3	4	2
895	867	17	20	3	1	2
896	857	15	18	2	2	2
897	208	1	4	3	2	3
898	384	6	9	3	2	3
899	380	2	5	1	1	2
900	329	11	12	1	1	1
901	344	5	7	3	4	3
902	723	19	20	2	2	3
903	787	9	10	2	1	1
904	718	8	9	3	2	3
905	691	11	13	1	2	3
906	149	1	2	1	4	3
907	923	8	11	3	1	3
908	905	15	16	3	2	1
909	67	9	12	1	2	1
910	499	12	14	3	3	2
911	84	8	10	2	3	1
912	947	1	4	1	2	3
913	392	3	6	1	3	3
914	620	3	5	2	2	2
915	522	19	21	1	2	1
916	871	18	20	2	2	2
917	644	14	17	1	2	1
918	885	8	10	3	4	2
919	545	19	21	2	3	2
920	394	11	13	1	4	3
921	597	20	22	1	4	2
922	662	17	19	3	3	1
923	314	6	9	3	3	2
924	584	16	17	1	2	2
925	409	11	12	1	2	2
926	772	1	3	1	4	1
927	256	15	17	2	3	2
928	908	7	10	2	2	3
929	69	19	22	2	1	1
930	601	15	18	2	4	2
931	866	1	3	3	4	1
932	440	4	7	3	2	2
933	454	1	3	2	4	2
934	328	14	17	2	4	3
935	771	1	2	1	4	2
936	385	11	12	1	4	1
937	55	13	16	2	2	1
938	815	1	2	3	4	3
939	729	1	2	1	3	3
940	466	19	22	3	1	3
941	151	9	11	1	4	1
942	155	18	21	1	4	3
943	100	16	19	2	1	3
944	864	15	17	2	4	2
945	172	8	11	2	3	1
946	742	9	10	1	1	3
947	520	11	14	2	3	1
948	727	17	19	1	4	2
949	245	12	15	1	2	2
950	862	14	16	3	4	3
951	334	4	6	3	1	1
952	782	20	21	3	1	3
953	359	15	16	3	4	3
954	832	12	15	3	1	1
955	398	6	9	1	1	1
956	460	14	16	3	3	1
957	934	10	12	1	2	1
958	346	8	11	3	2	2
959	787	2	5	3	3	2
960	286	2	5	2	2	3
961	673	19	21	3	2	2
962	746	20	22	3	4	1
963	507	17	20	1	4	1
964	283	6	9	2	2	1
965	550	15	17	3	1	1
966	461	5	8	3	3	1
967	351	11	13	1	3	3
968	656	7	9	2	4	3
969	748	5	8	2	2	3
970	347	9	12	2	3	2
971	504	19	21	2	4	2
972	956	7	9	1	2	3
973	24	17	19	2	2	2
974	751	8	10	3	3	2
975	544	13	16	1	3	2
976	693	18	20	3	2	3
977	137	2	3	2	3	1
978	33	12	15	3	2	3
979	81	23	24	1	1	3
980	784	8	10	2	2	1
981	573	3	4	1	4	3
982	337	21	22	1	1	2
983	583	21	22	3	3	3
984	142	20	22	1	3	1
985	301	2	3	2	1	3
986	936	18	20	2	3	2
987	831	15	17	3	4	1
988	263	12	14	1	4	3
989	598	3	5	3	1	2
990	417	6	7	3	3	3
991	693	17	20	1	4	3
992	296	2	3	2	4	2
993	524	9	10	3	3	1
994	592	6	8	1	1	2
995	605	21	22	3	3	2
996	312	14	16	2	3	2
997	135	3	6	1	1	2
998	284	11	13	3	1	3
999	186	9	11	2	3	2
1000	37	3	6	3	2	2

