DATASET = ORTEC-hidden instance set VeRoLog competition
NAME = vehicle days over tools over vehicles over distance with 1500 requests over 30 days

DAYS = 30
CAPACITY = 40
MAX_TRIP_DISTANCE = 16000
DEPOT_COORDINATE = 0

VEHICLE_COST = 3000
VEHICLE_DAY_COST = 40000000
DISTANCE_COST = 1

TOOLS = 3
1	9	140	300000
2	15	92	300000
3	15	80	500000

COORDINATES = 1375
0	3976	3992
1	3276	6132
2	9492	6138
3	7808	6140
4	8647	6144
5	8803	6151
6	8409	6157
7	7946	6158
8	7388	6160
9	9092	6192
10	7682	6193
11	7086	6195
12	9037	6199
13	8711	6210
14	7597	6221
15	8119	6222
16	8220	6223
17	6566	136
18	7650	6229
19	7638	6238
20	4148	6243
21	8084	6260
22	7406	6292
23	6814	6313
24	7805	6322
25	7465	6331
26	8385	6345
27	7556	6350
28	3490	6356
29	8235	6363
30	8518	6398
31	3989	6407
32	3848	6424
33	7720	6439
34	7451	6442
35	8496	6446
36	7328	6450
37	6852	6456
38	6812	6463
39	7635	6467
40	8286	6473
41	7412	6477
42	7574	6485
43	4351	6492
44	3614	6498
45	4600	4191
46	7546	6512
47	7526	6513
48	3961	6524
49	3737	6535
50	8209	6545
51	5076	4197
52	8680	6552
53	3837	6556
54	4220	6559
55	7423	6562
56	8668	6562
57	7954	6566
58	4262	6571
59	7518	6582
60	6307	6597
61	4127	6603
62	8343	6614
63	4402	3946
64	7193	6620
65	7227	6628
66	7550	6636
67	3709	6643
68	6872	7950
69	3411	6663
70	7414	6666
71	4190	6670
72	8803	6673
73	7282	6675
74	8680	6680
75	7770	6681
76	7863	6686
77	4072	6690
78	5746	6703
79	7890	6705
80	4002	6707
81	8605	6228
82	7950	6720
83	7978	6724
84	7726	6734
85	7763	6738
86	6534	6760
87	7552	6761
88	3979	6765
89	4199	6766
90	8550	6776
91	3847	6783
92	3330	6790
93	3645	6792
94	3782	6801
95	3639	6805
96	8704	6811
97	7574	6812
98	7125	6814
99	3446	6818
100	3917	6819
101	7558	6823
102	8581	6835
103	8529	6837
104	8479	6842
105	8153	6845
106	3847	6851
107	6392	6854
108	7760	6868
109	8069	6870
110	7749	6876
111	6946	6877
112	6932	6883
113	8346	6889
114	3987	6892
115	7715	6899
116	3907	6900
117	5019	2754
118	4198	6903
119	7820	6916
120	4574	6917
121	8451	6924
122	8750	6934
123	7745	6265
124	9459	6941
125	5974	6943
126	3471	6949
127	8763	6955
128	8138	6958
129	7881	6965
130	6777	6969
131	4207	6974
132	8204	4268
133	9001	6980
134	7724	6983
135	8426	6993
136	8440	7003
137	7855	7021
138	3916	5560
139	4277	7026
140	7729	7027
141	7370	7029
142	7672	7035
143	6939	8236
144	9362	7055
145	6554	7059
146	7540	7063
147	3995	7081
148	6757	8293
149	7981	7095
150	7153	7116
151	4010	7131
152	3938	7135
153	8732	7139
154	6744	7140
155	3985	7146
156	8140	7148
157	7246	7154
158	5891	7163
159	7379	7170
160	8764	7171
161	6782	7177
162	8774	4302
163	5029	3164
164	7500	7193
165	6726	7197
166	8875	7199
167	3936	7201
168	7101	8315
169	7424	7221
170	4097	7228
171	6861	7232
172	9023	7234
173	6153	4367
174	7766	7241
175	8108	4313
176	7443	7253
177	8539	7256
178	7625	7259
179	8076	7262
180	7273	7284
181	8268	7290
182	7170	7971
183	3471	7313
184	7695	7326
185	6671	7329
186	6622	7329
187	8264	4329
188	7596	7344
189	8216	7347
190	3845	7358
191	7852	7359
192	3967	4333
193	3892	7365
194	3945	7371
195	7280	7376
196	8351	7401
197	6784	8347
198	7170	7411
199	6325	7414
200	7456	7417
201	7767	7426
202	5979	7440
203	8342	6350
204	7309	7458
205	6565	7461
206	8288	7476
207	8710	7489
208	3746	7492
209	6403	7511
210	5981	7531
211	6918	7542
212	6533	7549
213	7367	7549
214	8547	7571
215	5744	4371
216	7300	7612
217	3797	4780
218	2500	4380
219	7400	8386
220	3480	7647
221	8519	7654
222	7286	7656
223	8057	7666
224	372	2818
225	6938	7678
226	9458	7697
227	7568	7700
228	8100	7702
229	7841	7716
230	9507	7718
231	6290	7720
232	7583	7731
233	8167	7751
234	6378	7758
235	6472	7765
236	5458	7772
237	6158	8408
238	7986	7784
239	7088	7791
240	7350	7793
241	5625	7795
242	6625	7797
243	7530	7806
244	5683	7826
245	7162	7830
246	5585	7847
247	4142	7853
248	6859	7860
249	4274	7862
250	6025	7865
251	8795	8424
252	6029	7872
253	6036	7875
254	6993	7883
255	4654	4425
256	8763	7932
257	8364	7936
258	8259	7937
259	6904	7938
260	7625	8437
261	6362	7953
262	9230	7956
263	4357	4433
264	6236	7967
265	6014	7968
266	6695	7969
267	7174	7974
268	8401	4435
269	6127	7977
270	6271	7981
271	5995	7984
272	8213	7984
273	8602	7990
274	7514	8000
275	5885	8002
276	8663	8003
277	8549	8004
278	5898	8020
279	7259	4442
280	9276	8030
281	3460	4446
282	5448	8042
283	7349	8055
284	3539	8057
285	8634	8062
286	7728	8064
287	8891	8458
288	6895	8099
289	9984	8101
290	7077	8124
291	5562	8126
292	3619	4463
293	4690	3596
294	7639	8156
295	6300	8159
296	7232	8164
297	6168	8169
298	6427	8176
299	6016	8181
300	5908	8186
301	7450	8187
302	6402	8188
303	8097	5142
304	6109	8197
305	7370	8205
306	5736	8480
307	5961	8208
308	8551	8210
309	7359	8217
310	9379	6000
311	6472	8233
312	7544	8234
313	8803	8239
314	6842	8246
315	6278	8249
316	6102	8261
317	7715	8261
318	5913	8272
319	7643	8492
320	7106	8288
321	7390	8301
322	9977	8302
323	5927	8497
324	5818	8320
325	7930	8405
326	7791	8346
327	7414	8347
328	7722	8360
329	5685	8361
330	7616	8378
331	4017	6506
332	7955	8382
333	8093	8389
334	7459	8412
335	9303	8414
336	6568	8515
337	7715	6512
338	3837	8432
339	7412	8520
340	6778	8451
341	5729	8460
342	8461	8465
343	7838	8480
344	8238	4664
345	6696	8494
346	5786	8497
347	5904	8506
348	5873	8508
349	7919	8510
350	7239	8532
351	7834	8517
352	9533	8520
353	5764	8521
354	4681	2523
355	7913	8531
356	9691	8533
357	6137	8556
358	5571	8559
359	8829	4533
360	8460	8573
361	5427	8584
362	8243	4536
363	7663	8586
364	8211	8595
365	5870	8598
366	6593	8600
367	6264	8608
368	8153	8616
369	6166	8621
370	3933	6549
371	7794	8637
372	7360	8640
373	6190	8654
374	6508	8654
375	9086	6015
376	7254	8667
377	7964	4552
378	6937	8678
379	6390	8686
380	7625	8693
381	4586	2414
382	6897	8699
383	6430	8705
384	5802	8708
385	6994	8712
386	3714	6563
387	7496	8720
388	5737	8722
389	6866	8728
390	8119	8735
391	7540	8738
392	5501	8742
393	5612	8743
394	3796	4564
395	6943	8752
396	6321	8753
397	5998	8765
398	5649	8775
399	5625	8789
400	6824	8794
401	6404	8796
402	6430	8818
403	6669	8828
404	6765	8833
405	6045	8847
406	9834	8850
407	6446	8859
408	7420	8867
409	6918	8874
410	7080	8889
411	7669	8895
412	8793	8895
413	9854	8897
414	6252	8899
415	4792	2588
416	6028	8920
417	3764	6597
418	9469	8949
419	5829	8949
420	8630	8956
421	5571	8957
422	5973	8965
423	7252	8977
424	6788	8985
425	3986	4268
426	6852	8990
427	8795	9004
428	7330	9006
429	7630	9017
430	5496	9020
431	7661	9031
432	6726	9044
433	8830	9056
434	6051	8623
435	8201	9064
436	5791	9069
437	8185	9094
438	8214	9108
439	6860	6628
440	9526	9117
441	7545	9129
442	8335	9133
443	7675	9136
444	8123	8635
445	6326	9161
446	7291	9166
447	6040	9179
448	7535	9181
449	6061	9199
450	6316	9204
451	9466	9205
452	7058	2636
453	9270	9211
454	7631	9212
455	6407	9218
456	7601	9232
457	7202	9235
458	6182	9241
459	6827	8654
460	7212	9250
461	9142	9250
462	6916	9258
463	6141	9271
464	7879	9275
465	6348	9281
466	7170	9290
467	8998	4434
468	6956	9298
469	9638	8272
470	6690	9322
471	8207	6664
472	6943	9340
473	7195	9341
474	8541	9347
475	6966	9353
476	6550	9360
477	6655	9373
478	9081	9378
479	8972	9381
480	8000	9394
481	6447	9394
482	6556	9396
483	8467	9408
484	7217	9446
485	7908	4682
486	8391	9478
487	7813	9492
488	8410	9495
489	6741	9501
490	9170	9505
491	8474	6043
492	8302	9512
493	9176	9517
494	8122	8699
495	6674	9524
496	6941	9533
497	3878	4696
498	8597	9547
499	6909	9562
500	2737	2703
501	4976	9605
502	4934	9612
503	7819	9626
504	7910	9633
505	8187	9634
506	3191	2709
507	5076	9654
508	7222	8723
509	6187	8737
510	8752	9765
511	694	2732
512	9065	9787
513	5162	2737
514	6585	2759
515	7852	4764
516	8912	7259
517	6951	8774
518	7542	4769
519	7352	10000
520	3705	2773
521	8468	4778
522	4765	2778
523	2567	2779
524	5108	2786
525	3866	2801
526	7939	6818
527	7658	8073
528	412	2861
529	650	2864
530	5078	2868
531	5866	2877
532	7714	4890
533	7767	9287
534	2788	4905
535	4180	2902
536	8241	6911
537	6952	6913
538	8296	5687
539	3894	2915
540	5003	2890
541	5860	3801
542	7246	4951
543	3892	2958
544	8125	4965
545	8624	4965
546	5844	4968
547	7575	4972
548	7154	6980
549	4079	6984
550	7932	4980
551	8455	6102
552	7724	6506
553	7124	5010
554	3580	5011
555	7960	5021
556	8929	6109
557	5960	5031
558	5293	3037
559	9030	5073
560	7854	7100
561	7342	5098
562	8140	5216
563	4676	3104
564	6632	21
565	6650	48
566	6395	66
567	8081	9128
568	4282	6546
569	6259	101
570	3966	4530
571	4286	5131
572	6398	134
573	9122	5132
574	6530	145
575	7067	5143
576	6502	226
577	4282	5148
578	8740	5152
579	4279	3150
580	6496	9339
581	7499	9166
582	6467	306
583	6786	9169
584	6443	319
585	5261	4290
586	8738	5165
587	6564	353
588	6886	9093
589	6755	358
590	6662	380
591	8472	5173
592	7015	397
593	6769	3183
594	9225	7192
595	6336	483
596	7854	5195
597	3648	5196
598	6930	3196
599	7777	9207
600	5264	5362
601	3050	5207
602	2923	3215
603	4238	7229
604	6576	723
605	5504	3227
606	8373	9238
607	8586	5234
608	9052	7245
609	6195	801
610	7098	7247
611	4144	7248
612	4108	3245
613	4690	2954
614	7375	8616
615	7410	5265
616	5312	3263
617	8135	5275
618	7347	9287
619	6956	7284
620	9413	5284
621	6507	9292
622	7842	5287
623	6785	1074
624	6560	1158
625	6476	1195
626	7399	9323
627	7038	5317
628	6814	1256
629	6428	1337
630	6613	1371
631	8697	5342
632	4011	3344
633	6800	1462
634	6933	1470
635	2993	4976
636	7648	5371
637	8510	9381
638	6486	1602
639	6482	1639
640	6027	1643
641	6470	1667
642	6490	1677
643	5796	3386
644	6821	9401
645	6461	1741
646	6939	1741
647	6961	1751
648	5668	5402
649	8452	5785
650	7910	5409
651	1564	1805
652	1101	1823
653	4233	5414
654	8107	5415
655	5762	1839
656	1853	1860
657	4053	7427
658	3769	5390
659	4951	1899
660	6357	1965
661	5375	1970
662	5884	1980
663	5492	1989
664	837	2005
665	6385	2006
666	6738	2010
667	8443	9455
668	1909	2058
669	1686	2067
670	5913	2068
671	7155	2089
672	5325	2094
673	6097	2095
674	6099	2108
675	824	2124
676	5758	2132
677	4656	4197
678	4852	2136
679	5691	2146
680	6286	2152
681	8027	5468
682	1548	2169
683	6085	2191
684	6024	2211
685	7789	5478
686	8824	5800
687	319	2227
688	5939	2228
689	6237	2230
690	5194	2239
691	6238	2247
692	703	2253
693	4651	2260
694	5037	2267
695	6537	2297
696	6894	2301
697	6403	2302
698	7296	7005
699	5380	2329
700	4569	2331
701	4729	2340
702	5041	2343
703	5125	2357
704	4678	2366
705	5014	2370
706	7723	5504
707	6094	2372
708	4812	2394
709	2517	2407
710	3682	2442
711	9396	5516
712	6700	2447
713	4002	2459
714	2044	2473
715	1837	2478
716	4582	2486
717	3267	2497
718	6277	2503
719	4109	2504
720	6142	2507
721	6884	2550
722	4968	2559
723	2598	2561
724	4182	2562
725	6591	2566
726	6003	2570
727	4241	2577
728	6492	2587
729	1468	2591
730	4180	2612
731	1184	2621
732	4244	2630
733	4863	2665
734	2510	2674
735	3938	2678
736	5047	2681
737	3322	2684
738	5661	2702
739	5671	2709
740	6128	2713
741	4428	2718
742	4763	2719
743	6124	2720
744	6277	2732
745	8700	5565
746	7417	7569
747	3539	2746
748	3805	2760
749	5148	2770
750	8714	5571
751	4236	2775
752	5723	2779
753	4703	2784
754	4254	2785
755	3822	2792
756	4802	2792
757	2421	2799
758	5859	2801
759	5235	2803
760	256	2814
761	4816	2814
762	4278	2826
763	4841	2830
764	430	2835
765	4912	2836
766	4864	2840
767	4065	2844
768	4947	2844
769	6425	2845
770	6632	2846
771	5728	2846
772	6051	7587
773	5757	2847
774	4655	2852
775	6469	2855
776	622	2861
777	3084	2878
778	4810	2880
779	2377	2891
780	6584	2905
781	3546	2907
782	5498	2913
783	3365	2918
784	6134	2921
785	8318	5596
786	4889	2930
787	6010	2939
788	5697	2947
789	4577	2952
790	5714	2956
791	1913	2960
792	5891	2966
793	2434	2975
794	1948	2976
795	5858	2979
796	6630	2984
797	5993	2987
798	5518	2987
799	3004	2999
800	5669	3011
801	5745	3022
802	6287	3024
803	6327	3031
804	5598	3034
805	4139	7619
806	5377	3049
807	1103	3052
808	2286	3057
809	4957	3057
810	6227	3059
811	4990	3065
812	5522	3067
813	5911	3075
814	5742	3088
815	2556	3090
816	4798	3108
817	4674	3108
818	6535	3115
819	2685	3119
820	6829	3120
821	8196	5629
822	3440	3126
823	3747	3133
824	3207	3138
825	4927	3141
826	4899	3142
827	6495	8634
828	7014	3172
829	6200	3198
830	6381	3206
831	5693	3215
832	5560	3216
833	6534	3228
834	5074	3236
835	6330	3240
836	6071	3646
837	3976	3256
838	3942	3265
839	6003	3266
840	4144	3274
841	4037	3276
842	5138	3278
843	3390	3282
844	5653	3287
845	2793	3295
846	4918	3299
847	5487	5036
848	4432	3304
849	2797	3316
850	6380	3316
851	5405	3321
852	5532	3323
853	7582	8640
854	2341	3343
855	2456	3346
856	5557	3349
857	1756	3355
858	4655	3359
859	4068	3364
860	4554	3366
861	5429	3370
862	5762	3386
863	6537	3394
864	4048	3414
865	2110	3416
866	5564	3426
867	5594	3429
868	6679	3430
869	5576	3432
870	6531	3432
871	5949	3464
872	6874	3465
873	1253	3472
874	5644	3475
875	6514	3480
876	5481	3481
877	5580	3484
878	2244	3488
879	4078	3490
880	3438	3496
881	4487	3500
882	5445	3507
883	9158	5043
884	4478	3537
885	4211	3552
886	4101	3572
887	4724	3577
888	4267	3596
889	5979	3614
890	4308	3617
891	5833	3617
892	8535	5712
893	4304	3621
894	5983	3622
895	7512	5714
896	5866	3632
897	5224	3633
898	5262	3644
899	8838	5716
900	4847	3653
901	5475	3654
902	4954	3671
903	4401	3679
904	5333	3696
905	6378	3698
906	4238	3726
907	5969	3731
908	4874	3738
909	5884	3739
910	5804	3750
911	5794	3753
912	4971	3775
913	4794	3795
914	4609	3804
915	5792	3741
916	5754	3820
917	6745	3822
918	4429	3832
919	5696	3845
920	6775	3846
921	5103	3865
922	1546	3895
923	5589	3898
924	6037	7763
925	2948	3902
926	4396	3910
927	2427	3919
928	3761	3936
929	6163	3938
930	5185	3940
931	5474	3955
932	5562	3959
933	5402	3962
934	2371	3968
935	5937	3970
936	6681	3976
937	3988	3981
938	9384	7777
939	5485	3991
940	6793	3997
941	4118	4007
942	4000	4010
943	2322	4020
944	2056	4023
945	4273	4028
946	7732	4028
947	3860	4040
948	3571	4052
949	6053	4058
950	6952	4071
951	3621	4076
952	5954	4083
953	5441	4107
954	3812	4119
955	7981	9466
956	4278	4137
957	4076	4147
958	9112	5800
959	5219	4149
960	3713	4876
961	4237	4157
962	6995	4157
963	4599	4162
964	6820	4167
965	7542	5804
966	1694	3801
967	4125	4172
968	4037	4178
969	3209	4183
970	4031	4186
971	7912	4186
972	3520	4190
973	4295	4191
974	5044	4191
975	4474	4197
976	5504	4201
977	6877	4208
978	4864	4216
979	7543	5467
980	4740	4235
981	4339	4237
982	9520	7869
983	3481	4242
984	7104	4246
985	3688	4252
986	8180	4251
987	4446	4255
988	3624	4256
989	5043	4258
990	8842	4271
991	3852	4274
992	4573	4289
993	8445	4297
994	4291	4301
995	4216	4301
996	3827	4304
997	8784	5826
998	4444	4308
999	3868	4315
1000	6258	4319
1001	7603	5870
1002	3519	4325
1003	8524	4327
1004	3293	4335
1005	8478	4335
1006	6010	4359
1007	7898	4362
1008	5522	4365
1009	8380	4366
1010	4681	4368
1011	8167	4370
1012	8759	4372
1013	6024	4375
1014	3308	4383
1015	8642	4384
1016	2698	3841
1017	6421	4413
1018	5203	4416
1019	2578	4428
1020	4603	4431
1021	3590	4433
1022	8237	5073
1023	7242	4438
1024	8323	7999
1025	7931	4449
1026	7282	4461
1027	4030	4463
1028	3783	4463
1029	3678	4464
1030	4254	4465
1031	8999	4468
1032	4139	4471
1033	3518	4482
1034	7960	4482
1035	5850	4487
1036	7200	4491
1037	3386	4492
1038	3054	4495
1039	8467	4505
1040	4663	4506
1041	8030	4510
1042	3931	4512
1043	7191	4514
1044	3735	4520
1045	5293	4525
1046	2396	4529
1047	3418	4530
1048	6114	7867
1049	4755	4533
1050	5754	4538
1051	2387	4542
1052	5021	4552
1053	7991	4552
1054	7709	4552
1055	4875	4559
1056	8675	4559
1057	5796	4560
1058	8190	4562
1059	5311	4565
1060	6530	7873
1061	7703	4567
1062	4916	4582
1063	8345	4583
1064	8802	4586
1065	3709	4590
1066	8321	4597
1067	7448	8682
1068	8554	4614
1069	7344	4615
1070	4891	4619
1071	5246	4621
1072	4931	4622
1073	8230	6681
1074	7614	4628
1075	7957	4632
1076	5202	4638
1077	7593	4645
1078	4025	4649
1079	7780	4658
1080	4057	4660
1081	4034	4661
1082	8472	4663
1083	4116	4666
1084	8281	4670
1085	3846	4679
1086	7945	4682
1087	4741	4683
1088	4947	4685
1089	4309	4691
1090	8399	4697
1091	7987	4698
1092	8528	4701
1093	7493	4710
1094	3957	4715
1095	6262	8001
1096	8672	4732
1097	4299	4746
1098	3849	4752
1099	3997	4754
1100	8310	4759
1101	8446	4762
1102	7426	4763
1103	4004	4778
1104	5508	4783
1105	6926	5486
1106	4091	4791
1107	3831	4797
1108	9634	5909
1109	9777	7913
1110	7557	4805
1111	7691	4810
1112	7774	4811
1113	8396	4813
1114	8189	4815
1115	7337	4820
1116	8120	4823
1117	8650	4823
1118	7466	8289
1119	3790	4833
1120	8456	4836
1121	8365	4841
1122	8493	4847
1123	3752	4850
1124	4762	4854
1125	3557	4854
1126	3648	4855
1127	7359	4858
1128	7519	4868
1129	3684	4869
1130	3717	4873
1131	5351	4891
1132	3566	4891
1133	8474	4893
1134	8326	4910
1135	7981	4920
1136	7562	4927
1137	8406	4938
1138	4369	4327
1139	5385	4947
1140	8663	4949
1141	3850	4952
1142	4264	4953
1143	5582	4968
1144	2600	4973
1145	7185	4977
1146	5499	4984
1147	8566	4987
1148	4123	4988
1149	3969	4991
1150	8347	4992
1151	8418	5007
1152	8107	5010
1153	5498	5010
1154	4644	5014
1155	3007	5025
1156	9054	5039
1157	3587	5041
1158	8806	5043
1159	8336	5051
1160	3953	5055
1161	8101	5063
1162	8126	5065
1163	8915	5067
1164	4583	5068
1165	4689	5072
1166	7806	5081
1167	3794	5082
1168	8952	5085
1169	4119	5090
1170	8750	5093
1171	7301	5096
1172	9043	5097
1173	4179	5100
1174	7497	5107
1175	9100	5109
1176	8741	5117
1177	8675	5117
1178	8743	5120
1179	5610	5963
1180	4161	5123
1181	4553	5130
1182	3580	5134
1183	5417	5135
1184	5777	5139
1185	7158	5143
1186	5148	5147
1187	5459	5155
1188	4136	5159
1189	8178	5164
1190	8138	5165
1191	8916	5171
1192	8156	5172
1193	2758	5175
1194	8217	5183
1195	8623	5183
1196	8552	5185
1197	8020	5186
1198	3152	5188
1199	7321	5190
1200	5142	5196
1201	8359	5200
1202	6902	5203
1203	5231	5205
1204	5195	5208
1205	3971	5211
1206	4609	5220
1207	4181	5225
1208	5090	1973
1209	8697	5228
1210	4171	5231
1211	7110	5230
1212	3881	5234
1213	8195	5242
1214	7015	5244
1215	6992	5247
1216	8183	5249
1217	4294	5250
1218	4289	5253
1219	5178	5255
1220	5187	5258
1221	4045	5259
1222	7782	8405
1223	7382	5262
1224	7295	5262
1225	7413	5272
1226	8361	5279
1227	3189	5281
1228	3141	5287
1229	3768	5288
1230	5632	8305
1231	7806	5294
1232	3167	5304
1233	9352	5306
1234	7964	5312
1235	8331	5316
1236	8102	5325
1237	3004	5328
1238	2969	5330
1239	4226	5348
1240	7407	5348
1241	3667	4304
1242	4024	5353
1243	7966	5360
1244	5519	5365
1245	8036	5366
1246	4879	5372
1247	7100	5371
1248	8259	5380
1249	8077	5393
1250	5040	5404
1251	7543	5420
1252	8084	5421
1253	2934	5425
1254	9061	5425
1255	7752	5433
1256	8881	5439
1257	7803	5446
1258	8869	5464
1259	4550	5468
1260	4428	5475
1261	7963	5475
1262	4950	5476
1263	8518	5478
1264	7557	5479
1265	6959	5483
1266	8058	5489
1267	8087	5494
1268	4198	5497
1269	2175	4022
1270	9415	5498
1271	7039	5499
1272	5194	5503
1273	4363	5524
1274	7074	5538
1275	6910	5549
1276	6930	5556
1277	3931	5571
1278	8710	5575
1279	4605	5579
1280	7774	5580
1281	6869	5585
1282	7807	5596
1283	4378	5600
1284	9189	5611
1285	9120	5629
1286	9158	5630
1287	7827	5631
1288	7835	5636
1289	3007	5639
1290	8523	5647
1291	4284	5648
1292	9570	5647
1293	7621	5654
1294	8677	5656
1295	8469	5673
1296	7903	4051
1297	7665	5677
1298	7505	5677
1299	4681	4052
1300	9095	5681
1301	8491	5687
1302	7549	5696
1303	7817	5708
1304	8706	5720
1305	8590	5724
1306	9519	5743
1307	8375	5745
1308	8795	5753
1309	6970	5758
1310	8226	5772
1311	4519	5783
1312	9019	5787
1313	8155	5790
1314	3588	4072
1315	9435	5799
1316	6919	5808
1317	3290	5818
1318	8813	5826
1319	5471	8084
1320	8279	5832
1321	3278	5841
1322	7603	5845
1323	7423	5852
1324	8752	5858
1325	8732	5865
1326	7496	5870
1327	9132	5880
1328	8804	5885
1329	6950	5888
1330	9580	5895
1331	9151	5896
1332	9646	5897
1333	9020	5898
1334	7928	5907
1335	9034	5908
1336	9605	5922
1337	4181	4094
1338	8413	5930
1339	5136	5945
1340	9096	5950
1341	8834	5955
1342	9021	5956
1343	9153	5974
1344	7503	5979
1345	5834	8110
1346	6935	5984
1347	9530	5993
1348	8796	5996
1349	9608	5997
1350	9616	6000
1351	8297	6000
1352	5171	6003
1353	8082	6005
1354	8667	6010
1355	8934	6018
1356	7779	6022
1357	7631	6027
1358	7361	6031
1359	4175	6044
1360	7938	6062
1361	7098	6069
1362	8804	6071
1363	3483	6074
1364	7775	6078
1365	5919	6090
1366	7621	6099
1367	9370	6102
1368	4382	6105
1369	8677	6106
1370	9004	6108
1371	8239	6114
1372	8869	6121
1373	9203	6126
1374	4085	6131

REQUESTS = 1500
1	117	18	19	3	1	2
2	899	8	11	2	2	2
3	1295	23	26	3	1	3
4	990	21	24	3	1	2
5	35	24	26	2	2	1
6	977	2	4	2	2	1
7	1014	7	8	2	3	2
8	756	24	25	3	1	1
9	927	18	20	3	1	1
10	100	14	17	1	3	1
11	691	6	8	2	2	2
12	102	9	10	1	2	1
13	1191	23	25	3	1	3
14	182	13	15	3	3	1
15	187	13	14	3	1	1
16	1226	5	6	2	3	1
17	229	20	23	3	3	2
18	204	6	8	2	1	2
19	792	1	3	2	3	2
20	905	18	19	3	1	1
21	1211	23	25	1	1	1
22	1218	1	3	2	3	2
23	278	20	22	2	1	2
24	891	25	26	2	1	3
25	380	7	9	1	1	2
26	628	2	3	1	1	1
27	558	4	5	2	2	1
28	492	3	5	2	3	1
29	1257	16	17	1	3	1
30	693	8	9	2	2	1
31	1039	21	24	1	2	1
32	776	6	9	2	2	1
33	264	18	19	1	1	1
34	712	16	19	3	2	2
35	462	18	20	3	1	1
36	501	16	17	2	3	1
37	74	5	6	1	2	1
38	1100	7	8	1	3	2
39	842	6	7	2	1	1
40	79	26	28	2	2	1
41	539	10	12	2	3	1
42	106	7	10	1	3	1
43	788	6	7	2	1	3
44	631	13	15	3	2	1
45	731	24	27	3	3	2
46	1198	12	15	2	3	1
47	48	1	2	2	2	2
48	358	13	16	2	1	2
49	773	11	13	3	2	1
50	437	24	26	2	2	2
51	1021	3	6	3	1	2
52	713	27	28	1	3	2
53	1196	21	22	1	3	2
54	337	12	13	2	1	1
55	152	14	15	3	1	2
56	639	19	21	3	3	2
57	1256	22	24	2	1	3
58	1210	23	26	3	3	1
59	1017	15	16	3	2	2
60	686	23	25	3	2	2
61	742	2	4	1	3	2
62	360	5	8	3	1	3
63	759	3	4	1	2	2
64	418	4	6	2	1	3
65	249	3	6	3	1	2
66	272	10	12	1	3	2
67	59	11	12	1	2	1
68	887	3	6	2	1	2
69	746	22	25	2	3	2
70	736	14	17	2	3	1
71	1373	18	21	2	2	2
72	752	16	18	3	2	1
73	465	7	10	1	3	1
74	1005	8	9	2	1	2
75	1283	3	4	1	3	2
76	54	3	4	2	3	1
77	711	6	7	2	1	1
78	924	4	7	1	3	2
79	913	15	17	3	2	1
80	1241	1	2	3	3	2
81	1126	3	5	3	2	1
82	966	17	20	1	2	2
83	376	24	25	1	1	1
84	1105	27	28	1	3	1
85	850	12	13	1	3	1
86	747	21	22	1	1	2
87	880	15	17	1	3	2
88	247	18	21	3	1	1
89	110	24	25	2	2	2
90	28	8	11	2	2	1
91	1317	5	6	3	2	1
92	1067	10	13	1	2	1
93	179	3	5	1	2	1
94	503	25	28	1	3	2
95	474	6	8	1	1	1
96	1305	17	19	1	3	2
97	909	23	24	2	1	3
98	923	25	26	2	2	1
99	478	1	4	3	2	1
100	392	20	22	1	2	2
101	734	14	15	2	2	1
102	763	12	15	1	2	2
103	678	16	19	1	2	2
104	1242	2	5	2	3	2
105	1195	14	17	3	1	1
106	721	8	9	2	1	2
107	730	1	3	3	2	1
108	393	16	17	3	3	1
109	1083	24	26	3	3	1
110	1268	2	5	2	1	2
111	894	28	29	1	1	2
112	694	24	25	1	1	3
113	275	21	24	2	1	2
114	567	7	9	2	2	1
115	366	19	20	1	1	1
116	783	20	22	1	2	2
117	654	14	17	2	1	3
118	97	14	16	2	3	2
119	475	7	9	3	2	1
120	63	15	16	2	3	2
121	1217	1	3	1	1	2
122	151	21	24	2	1	3
123	1052	10	13	3	1	3
124	1248	3	5	2	1	1
125	638	6	7	1	2	2
126	872	1	4	1	2	1
127	1334	9	10	1	1	1
128	801	3	6	1	1	2
129	1278	11	12	2	1	2
130	705	1	3	2	1	3
131	205	21	24	1	1	3
132	1020	22	23	3	3	1
133	970	18	20	1	3	1
134	728	7	10	3	1	3
135	349	1	2	3	3	1
136	1116	17	20	2	3	1
137	555	17	19	1	3	2
138	992	24	25	2	3	2
139	33	20	23	3	2	2
140	1319	7	8	3	1	1
141	1077	18	21	3	2	2
142	743	21	24	3	1	2
143	709	6	9	3	3	2
144	1119	19	21	2	1	2
145	464	16	18	3	2	1
146	66	25	26	1	1	2
147	1306	4	7	2	2	1
148	576	12	13	1	2	2
149	434	11	13	1	2	1
150	39	2	5	2	3	2
151	1209	25	28	1	2	1
152	740	15	17	2	2	1
153	308	5	6	2	2	1
154	1224	23	26	1	3	2
155	1201	14	15	3	1	1
156	1104	3	5	1	1	2
157	1158	4	5	3	1	1
158	463	25	28	2	3	2
159	932	3	6	2	1	3
160	134	16	18	1	3	1
161	935	10	12	1	2	2
162	719	22	24	1	3	2
163	447	3	5	1	2	1
164	218	12	13	1	2	2
165	895	20	23	3	1	2
166	226	14	17	1	2	1
167	720	12	13	2	3	1
168	598	16	19	3	2	2
169	115	15	17	1	2	2
170	640	26	27	3	2	1
171	963	1	2	2	3	1
172	251	7	9	1	2	1
173	187	19	20	1	3	2
174	122	9	11	2	3	1
175	1239	22	23	2	1	2
176	215	10	13	2	1	2
177	583	25	28	2	3	2
178	1372	25	28	2	1	2
179	64	18	19	1	1	2
180	221	18	21	2	2	1
181	907	11	13	3	1	1
182	557	15	17	2	2	1
183	443	12	13	1	1	2
184	451	25	26	2	2	2
185	706	23	26	2	2	1
186	596	24	25	2	1	1
187	671	19	21	2	2	1
188	1080	19	21	1	3	2
189	461	13	14	2	3	2
190	1190	9	10	3	3	2
191	769	16	19	3	3	2
192	647	22	23	1	2	1
193	1274	24	25	3	3	2
194	791	17	18	2	1	2
195	373	3	4	2	3	1
196	1335	13	15	1	1	1
197	225	1	4	2	3	1
198	516	10	11	2	2	1
199	1121	6	9	1	2	1
200	866	4	7	2	3	1
201	1316	25	27	2	2	1
202	869	25	26	1	3	2
203	666	15	16	3	2	2
204	323	24	27	3	2	2
205	798	24	26	2	2	1
206	1341	7	10	2	1	2
207	1336	23	24	3	1	3
208	428	17	20	2	1	1
209	335	26	27	1	1	3
210	449	19	22	1	2	2
211	1064	15	18	3	1	2
212	782	23	24	2	3	1
213	318	21	24	3	3	1
214	1180	14	15	2	3	1
215	835	13	15	3	2	1
216	954	25	27	2	1	1
217	962	15	18	1	2	1
218	129	26	27	2	3	1
219	813	22	23	1	2	2
220	651	9	11	3	1	1
221	796	14	16	1	1	3
222	1291	14	17	1	2	1
223	473	17	19	3	3	2
224	946	10	13	1	1	3
225	660	25	26	3	1	2
226	259	7	8	2	1	2
227	607	7	8	1	3	1
228	169	7	8	1	3	1
229	988	13	15	1	3	2
230	986	9	12	1	3	1
231	1004	19	21	3	2	2
232	1000	12	15	1	1	1
233	853	14	15	1	1	1
234	260	10	12	1	1	1
235	646	12	15	3	1	3
236	1122	8	11	1	3	1
237	1085	24	25	2	3	1
238	919	22	24	3	2	1
239	1032	27	29	1	3	1
240	135	17	18	3	2	1
241	339	24	25	2	2	2
242	784	16	19	2	2	2
243	352	8	10	3	1	3
244	915	25	27	1	1	2
245	397	8	9	1	2	2
246	1265	17	20	1	3	2
247	1332	21	22	2	2	2
248	368	7	9	2	1	2
249	786	20	21	3	2	2
250	1238	18	19	3	3	1
251	810	2	5	1	3	1
252	1304	3	5	1	3	2
253	844	8	11	1	2	2
254	793	25	26	1	2	2
255	241	24	26	3	1	3
256	762	23	24	1	1	1
257	419	11	14	3	3	2
258	1345	18	21	3	2	2
259	1233	5	7	1	1	3
260	468	12	14	1	3	2
261	307	11	14	3	2	1
262	136	18	21	3	2	2
263	460	21	23	3	1	1
264	1337	11	12	3	3	2
265	1276	11	12	3	2	1
266	282	17	19	2	2	2
267	354	8	10	3	1	1
268	480	11	14	2	1	2
269	926	19	20	1	3	1
270	1297	21	22	3	1	2
271	1133	14	16	2	1	1
272	220	2	3	3	3	2
273	1282	26	27	3	2	1
274	138	6	7	2	3	1
275	910	23	26	2	3	1
276	287	2	3	2	2	2
277	531	26	29	1	3	2
278	1046	10	12	3	2	1
279	964	15	17	3	3	2
280	153	13	14	1	1	1
281	1263	6	9	3	3	2
282	211	4	5	2	2	2
283	52	21	24	3	2	2
284	536	2	4	2	1	1
285	1002	4	6	3	3	2
286	395	8	10	2	2	2
287	1311	2	4	3	3	2
288	585	20	21	3	3	1
289	24	5	8	2	1	1
290	825	23	26	1	2	2
291	425	4	5	2	3	1
292	446	3	6	1	1	2
293	640	14	17	1	2	2
294	364	12	14	3	3	2
295	203	3	6	1	1	3
296	452	22	25	1	2	2
297	588	17	19	3	1	3
298	1026	6	8	1	3	1
299	40	1	2	3	3	1
300	882	15	18	3	1	2
301	892	26	27	3	2	1
302	778	7	9	3	3	2
303	936	17	18	2	2	2
304	57	12	13	2	1	1
305	246	26	27	1	1	3
306	1208	22	25	2	3	1
307	718	8	10	1	2	1
308	1293	7	10	2	1	1
309	28	16	17	1	1	1
310	929	4	5	1	1	3
311	505	27	29	1	2	1
312	22	18	21	1	1	2
313	281	5	7	3	1	2
314	751	12	14	3	1	3
315	661	4	6	2	2	2
316	236	11	14	1	1	1
317	830	6	9	2	2	2
318	201	3	5	2	2	2
319	559	17	18	1	1	3
320	952	12	15	3	3	2
321	1163	10	12	2	3	2
322	971	14	16	1	2	1
323	18	23	26	1	1	1
324	1151	25	27	3	3	2
325	1000	7	9	3	2	1
326	1300	15	16	2	1	1
327	593	3	5	3	3	1
328	667	15	18	2	3	2
329	499	22	24	1	3	1
330	1247	20	21	3	2	2
331	1228	7	10	3	2	2
332	479	13	16	2	3	1
333	86	5	8	2	2	2
334	1187	15	16	3	3	2
335	190	7	8	2	2	1
336	1192	26	27	2	2	1
337	1255	8	11	1	3	1
338	676	9	12	1	1	3
339	517	3	4	2	2	2
340	290	12	13	2	3	1
341	191	1	4	1	1	2
342	1365	13	15	1	3	1
343	635	22	25	1	3	2
344	1042	13	14	2	1	2
345	1226	11	13	3	2	2
346	50	6	9	3	1	3
347	67	16	18	3	2	1
348	1271	11	13	3	2	1
349	1098	3	6	3	2	1
350	326	16	19	3	3	1
351	1326	10	13	1	1	1
352	664	6	8	1	2	2
353	1323	3	5	3	1	3
354	1111	6	7	3	3	1
355	209	21	22	2	3	1
356	466	2	4	3	2	2
357	921	12	13	2	2	2
358	219	3	4	3	3	2
359	1325	5	7	1	1	3
360	1302	18	19	1	2	1
361	562	24	25	2	1	2
362	1001	21	24	1	2	1
363	108	3	4	1	3	2
364	1135	12	14	1	2	1
365	1207	21	24	1	2	1
366	1281	22	23	1	1	1
367	1350	18	21	2	2	1
368	1075	15	18	3	3	1
369	665	25	26	3	1	1
370	1188	22	24	3	1	2
371	159	8	11	3	1	2
372	142	3	4	3	1	2
373	262	24	27	3	1	3
374	911	4	5	2	2	2
375	838	18	20	3	3	2
376	1018	26	27	1	3	2
377	1173	2	3	2	2	1
378	10	7	9	1	3	2
379	206	20	21	3	2	1
380	391	7	10	1	1	1
381	105	24	26	2	3	2
382	637	2	4	3	3	2
383	1113	2	3	3	2	2
384	1099	9	11	1	2	1
385	1370	6	9	1	3	1
386	369	8	11	3	2	2
387	324	12	15	1	1	1
388	1125	21	22	3	3	1
389	341	16	19	1	2	2
390	641	2	4	2	3	2
391	412	9	11	2	1	2
392	624	1	3	1	3	1
393	877	17	20	2	3	2
394	92	21	23	3	2	1
395	1309	4	5	2	2	2
396	490	15	17	3	3	2
397	704	6	8	1	3	2
398	681	18	19	3	3	2
399	768	14	17	1	3	1
400	903	22	25	1	1	2
401	989	7	8	2	2	2
402	791	24	27	1	3	1
403	440	10	13	3	2	2
404	32	18	19	3	3	1
405	1289	25	28	2	3	1
406	1051	1	3	1	1	3
407	2	16	19	1	1	2
408	1117	21	22	3	3	1
409	602	10	11	2	1	2
410	1254	17	18	2	3	1
411	1156	5	7	3	1	3
412	535	5	6	3	2	2
413	409	6	7	1	3	2
414	528	6	8	3	3	2
415	1038	24	26	3	3	2
416	414	24	27	3	1	3
417	424	25	26	3	3	1
418	1019	13	16	3	2	2
419	500	11	12	3	3	1
420	715	12	15	1	1	3
421	1269	14	17	3	1	1
422	321	11	14	2	2	2
423	456	12	14	1	2	1
424	645	6	7	3	3	2
425	347	23	25	3	1	2
426	197	13	16	2	2	2
427	1079	5	7	1	2	1
428	1094	15	18	2	1	2
429	1066	4	5	2	3	1
430	944	14	16	3	2	2
431	7	9	11	2	2	2
432	181	24	26	1	1	3
433	654	18	20	3	2	2
434	841	5	7	3	2	1
435	389	5	8	2	3	2
436	173	18	20	1	2	2
437	589	5	7	3	3	1
438	286	17	18	1	1	1
439	400	5	7	2	1	2
440	291	26	29	1	2	1
441	837	24	25	2	2	1
442	52	14	16	1	2	2
443	514	19	21	2	1	3
444	861	25	27	3	2	1
445	223	7	9	1	2	2
446	41	13	15	3	3	1
447	477	23	26	2	1	3
448	1047	25	28	2	1	1
449	600	9	11	3	3	1
450	165	12	14	2	1	3
451	467	14	17	2	1	3
452	128	4	5	2	3	2
453	269	21	24	2	1	1
454	1150	1	2	3	1	1
455	851	3	4	1	2	2
456	224	22	23	2	2	1
457	1365	17	20	1	3	2
458	587	10	12	3	2	1
459	950	26	27	2	3	1
460	956	28	29	1	2	2
461	811	9	11	2	3	2
462	1229	6	7	2	3	1
463	56	17	19	1	1	3
464	1014	22	23	3	1	1
465	1169	3	4	1	3	1
466	456	22	24	2	2	2
467	1367	12	15	3	1	1
468	184	6	7	3	3	1
469	662	12	15	3	1	3
470	1031	16	17	2	2	1
471	313	2	3	3	1	3
472	771	9	12	3	2	1
473	55	12	13	3	2	2
474	406	27	29	1	2	1
475	1205	14	16	3	3	1
476	829	25	27	3	3	2
477	860	24	25	2	1	1
478	991	9	10	1	2	1
479	683	2	4	3	2	2
480	581	9	11	1	1	2
481	625	3	4	2	1	3
482	289	18	20	1	1	3
483	831	22	25	1	1	1
484	63	3	5	1	1	2
485	663	25	28	1	3	1
486	258	17	19	2	3	1
487	200	13	16	1	1	2
488	849	11	12	1	3	1
489	1259	22	23	1	1	2
490	486	12	15	2	3	2
491	141	7	9	1	1	3
492	1076	15	18	1	2	1
493	439	2	5	3	2	2
494	265	23	26	2	3	2
495	733	10	12	1	2	2
496	634	11	14	1	1	1
497	70	18	21	3	2	1
498	855	23	26	3	3	2
499	1005	12	14	3	1	1
500	1324	25	28	1	1	1
501	1100	14	15	2	2	1
502	794	18	20	1	3	2
503	1240	10	13	3	3	1
504	151	10	13	3	2	1
505	1090	12	13	2	1	1
506	47	18	21	3	3	1
507	324	7	10	1	3	1
508	817	20	22	2	3	1
509	315	23	25	2	3	1
510	1120	21	22	1	3	1
511	1131	12	15	2	1	2
512	384	3	4	3	3	1
513	402	2	3	2	3	2
514	511	7	9	3	1	1
515	883	23	24	1	3	1
516	632	17	20	1	2	2
517	610	23	26	2	1	1
518	442	12	13	3	1	1
519	1214	22	25	2	1	2
520	192	4	6	2	3	2
521	1322	25	26	3	1	3
522	879	19	20	2	1	2
523	1128	19	20	1	3	1
524	858	6	7	1	3	2
525	558	13	15	2	1	2
526	1050	6	9	3	2	1
527	430	9	10	2	3	2
528	590	23	26	1	2	2
529	1237	4	7	3	1	2
530	174	20	22	3	1	2
531	1292	11	14	1	3	1
532	445	12	15	2	3	2
533	1110	14	15	2	3	1
534	673	23	24	1	2	1
535	867	3	4	3	3	1
536	843	25	28	2	3	1
537	1024	3	6	2	1	2
538	36	22	23	1	3	2
539	603	1	2	2	2	1
540	1074	21	23	1	3	1
541	156	13	14	1	1	1
542	745	3	6	3	1	1
543	420	12	13	3	1	1
544	285	2	3	3	2	2
545	1134	25	27	3	2	2
546	840	17	19	2	1	2
547	25	24	25	3	2	2
548	735	11	13	1	3	2
549	1303	18	21	2	2	2
550	121	8	11	1	3	2
551	971	1	2	1	1	3
552	477	11	12	2	3	1
553	626	19	20	3	2	1
554	565	14	15	1	3	2
555	568	10	11	1	3	1
556	455	21	22	1	1	3
557	96	8	9	3	2	1
558	408	8	10	2	1	1
559	619	5	7	2	2	2
560	594	8	11	2	2	1
561	737	3	5	1	1	1
562	853	22	23	3	2	2
563	61	7	10	1	2	1
564	1215	2	3	3	3	1
565	780	2	5	1	1	1
566	454	15	16	3	2	2
567	942	24	25	2	1	1
568	9	26	27	2	1	2
569	886	26	27	1	3	2
570	577	14	15	2	2	1
571	84	17	19	3	3	2
572	982	22	25	3	3	2
573	216	6	8	1	2	2
574	1078	16	18	3	3	1
575	210	23	25	1	2	1
576	1369	26	27	3	2	1
577	1028	18	19	2	3	2
578	488	3	5	3	1	3
579	640	20	22	2	3	2
580	1162	4	7	1	3	2
581	868	17	18	1	2	2
582	357	10	11	2	1	3
583	1186	21	24	1	2	2
584	812	22	23	1	3	2
585	940	24	27	1	2	1
586	702	24	26	1	1	2
587	898	20	21	2	1	2
588	372	25	27	3	3	1
589	821	22	25	2	2	2
590	225	23	25	1	1	1
591	240	24	25	2	3	2
592	8	7	10	3	3	1
593	1202	20	22	2	1	3
594	1048	23	25	3	3	2
595	564	10	11	2	2	1
596	1273	7	10	1	3	1
597	1352	21	23	3	1	3
598	1054	2	5	1	1	2
599	726	2	4	3	2	2
600	82	24	25	2	1	3
601	749	18	21	3	2	1
602	1045	3	5	2	1	1
603	870	8	10	1	3	1
604	199	16	19	3	1	3
605	155	2	3	1	3	2
606	1208	13	14	1	1	2
607	1331	21	22	1	2	2
608	471	26	28	1	2	2
609	71	23	26	3	1	1
610	1339	15	17	2	2	1
611	939	15	17	3	2	2
612	532	19	21	2	1	1
613	616	21	24	2	3	2
614	682	21	24	2	2	2
615	802	11	13	3	3	1
616	483	17	20	3	2	2
617	828	14	15	3	2	2
618	1071	24	26	3	3	1
619	166	17	18	3	1	2
620	814	3	6	3	2	2
621	119	20	21	1	2	2
622	618	17	20	1	2	2
623	957	8	9	2	1	2
624	534	9	12	3	1	3
625	1182	8	11	3	1	3
626	790	19	21	2	3	2
627	1252	2	3	1	3	2
628	519	3	4	3	1	3
629	1063	1	3	1	3	2
630	1329	18	20	3	3	2
631	687	4	5	2	2	2
632	1109	26	28	2	1	2
633	1043	26	27	1	1	2
634	344	4	5	3	3	1
635	1253	23	24	2	2	2
636	1342	24	27	2	2	2
637	1371	19	21	1	3	2
638	1064	26	28	2	3	1
639	938	1	3	2	2	2
640	484	7	9	3	1	2
641	496	2	5	3	3	2
642	757	19	21	2	2	1
643	541	9	12	1	2	2
644	816	21	24	2	3	1
645	118	9	12	3	3	1
646	137	17	18	2	3	1
647	1141	15	16	2	1	2
648	606	22	25	3	3	1
649	1132	7	9	3	1	3
650	1102	24	26	1	1	2
651	111	19	22	2	1	1
652	550	18	20	2	3	2
653	643	12	14	2	2	2
654	94	15	17	2	1	3
655	1037	23	26	1	3	2
656	732	16	17	1	3	1
657	160	8	11	1	1	3
658	1170	16	17	1	3	2
659	1179	8	10	2	2	1
660	468	3	6	3	3	2
661	1328	2	4	1	2	2
662	874	23	25	3	3	2
663	277	7	10	1	1	3
664	139	11	14	3	3	1
665	1183	16	19	3	2	1
666	1368	12	13	1	2	1
667	5	16	17	1	2	1
668	724	11	12	2	2	2
669	755	12	14	3	1	3
670	1227	8	9	1	1	2
671	916	11	12	1	2	1
672	1112	9	11	3	2	1
673	834	7	10	3	2	1
674	1221	17	18	1	2	1
675	470	25	28	1	2	2
676	760	17	20	3	2	1
677	857	18	21	3	1	1
678	1208	10	13	1	3	2
679	1174	25	26	3	3	2
680	1299	15	16	3	2	2
681	578	26	27	1	3	1
682	808	22	24	3	3	2
683	1354	18	20	3	2	1
684	1312	10	12	3	1	2
685	1171	17	18	3	1	3
686	1139	3	6	1	2	1
687	401	6	9	2	3	2
688	114	21	24	2	3	1
689	1310	23	26	2	3	2
690	904	17	19	1	3	2
691	725	15	18	2	3	2
692	1181	6	7	1	3	1
693	176	13	15	2	3	1
694	669	23	26	2	1	3
695	1200	13	16	2	3	2
696	672	20	21	1	1	2
697	1348	8	11	3	3	2
698	624	8	10	2	1	1
699	51	9	10	1	3	1
700	723	3	4	2	3	2
701	815	20	23	1	3	1
702	322	26	29	1	3	1
703	649	2	4	1	3	1
704	1301	3	4	1	1	1
705	1114	7	8	3	1	1
706	629	14	15	2	2	2
707	947	7	9	1	2	2
708	741	14	15	1	2	1
709	820	19	20	1	1	3
710	688	5	7	2	1	1
711	1167	5	8	2	1	3
712	1164	9	10	2	1	3
713	1009	21	24	2	2	1
714	551	3	4	3	1	2
715	870	2	3	1	3	2
716	362	22	24	1	2	1
717	1142	6	8	2	1	1
718	563	17	19	3	1	1
719	147	10	13	3	2	1
720	327	18	19	1	1	1
721	636	15	18	3	2	2
722	279	6	7	1	1	3
723	10	21	24	2	2	2
724	1329	11	14	2	2	2
725	716	11	14	3	2	1
726	785	17	19	1	2	2
727	533	10	11	2	1	2
728	429	17	19	2	3	1
729	1298	24	27	2	3	1
730	512	16	19	2	3	2
731	1264	3	4	1	2	2
732	451	22	25	3	3	2
733	250	20	21	2	2	1
734	75	26	27	1	1	1
735	822	13	14	2	2	1
736	306	5	7	1	3	2
737	76	1	2	2	3	2
738	934	6	8	1	2	1
739	85	10	13	2	2	1
740	1065	23	26	3	2	2
741	62	22	23	3	1	3
742	920	23	26	1	2	2
743	675	8	11	3	3	1
744	1144	18	20	1	2	2
745	507	20	23	1	1	2
746	416	6	9	3	3	1
747	552	6	9	2	2	1
748	1120	18	21	3	2	1
749	271	17	18	3	1	1
750	231	17	19	2	1	2
751	124	12	15	3	1	3
752	1056	18	19	2	2	2
753	1275	3	5	2	2	2
754	515	13	15	2	1	3
755	905	18	20	2	3	1
756	685	4	7	3	3	1
757	684	16	19	2	1	2
758	150	11	14	1	3	2
759	599	11	13	1	2	2
760	993	18	20	2	1	2
761	1314	12	14	2	3	1
762	889	11	13	2	2	2
763	988	7	10	3	1	1
764	196	10	11	2	1	2
765	145	11	14	2	2	2
766	44	22	25	1	1	1
767	1086	11	12	2	1	3
768	93	14	15	3	3	1
769	232	15	18	1	2	2
770	670	7	8	3	1	3
771	859	1	2	2	2	2
772	143	1	2	1	2	1
773	1140	13	15	1	3	2
774	653	10	11	3	2	1
775	1175	24	27	1	3	2
776	1035	23	26	3	3	2
777	81	10	13	2	3	1
778	1064	19	22	3	3	2
779	1206	6	9	1	3	2
780	427	1	3	1	3	1
781	1219	1	2	3	2	2
782	346	21	24	3	3	1
783	972	5	7	1	3	1
784	553	17	18	1	3	2
785	864	10	12	3	2	1
786	622	2	5	3	3	2
787	263	23	24	1	2	1
788	1199	1	3	2	2	1
789	544	24	27	3	2	2
790	569	16	18	2	1	3
791	1204	3	6	2	3	2
792	1030	26	29	1	1	3
793	20	23	25	1	1	3
794	99	7	9	3	1	1
795	309	17	18	1	1	2
796	1347	22	25	1	1	1
797	107	14	16	1	3	2
798	363	25	28	2	3	1
799	609	10	13	3	1	1
800	948	8	10	3	3	1
801	284	26	27	1	2	2
802	996	3	4	2	1	1
803	417	18	21	3	1	2
804	1213	16	18	3	1	2
805	945	22	24	3	1	1
806	1258	3	4	3	2	2
807	579	14	15	2	1	2
808	937	25	27	3	2	1
809	780	21	24	3	1	3
810	214	23	26	1	1	2
811	421	7	9	2	3	1
812	1344	16	17	3	3	2
813	78	7	8	1	2	1
814	1062	10	13	2	1	3
815	738	21	23	2	2	1
816	53	21	23	3	2	2
817	955	5	6	2	3	2
818	498	17	18	3	3	1
819	613	11	13	2	1	1
820	283	22	23	2	1	1
821	469	22	25	3	2	1
822	1245	21	23	3	3	2
823	16	24	26	1	2	2
824	175	2	4	2	2	2
825	337	20	21	2	2	1
826	1276	18	20	3	2	2
827	1272	3	5	2	3	2
828	881	26	27	1	3	1
829	586	15	16	2	2	1
830	523	20	21	1	1	2
831	1192	18	20	2	3	2
832	146	11	14	2	1	2
833	833	22	25	2	3	2
834	157	13	14	2	2	2
835	433	3	4	2	1	1
836	132	1	4	3	3	1
837	679	26	28	2	2	1
838	1203	5	8	2	2	2
839	270	26	29	1	1	1
840	223	1	2	2	2	2
841	481	16	19	2	3	2
842	806	4	7	3	3	2
843	213	7	8	2	1	3
844	980	14	17	3	2	1
845	978	22	25	2	2	1
846	278	10	13	3	3	1
847	1145	24	25	3	3	1
848	504	18	20	1	2	2
849	1060	10	13	1	1	3
850	1155	6	9	1	3	2
851	1283	13	16	1	1	1
852	227	25	27	1	3	2
853	403	26	29	1	3	2
854	407	4	7	3	1	3
855	800	16	19	3	1	2
856	241	16	17	2	1	2
857	689	5	6	2	3	2
858	319	3	4	1	3	2
859	160	23	26	1	1	3
860	333	10	12	2	1	1
861	447	20	23	3	1	2
862	1015	8	10	3	1	3
863	779	19	20	1	3	1
864	1095	14	17	1	2	1
865	427	20	21	1	2	1
866	1267	10	12	1	3	1
867	435	9	11	1	2	1
868	1285	21	24	1	3	1
869	381	18	19	1	3	1
870	133	17	19	1	2	2
871	333	7	8	2	2	1
872	353	3	5	3	2	1
873	914	9	10	1	3	2
874	1093	18	21	2	1	2
875	300	17	20	3	1	3
876	148	24	26	2	2	2
877	367	10	12	1	2	2
878	403	19	21	3	2	2
879	43	14	17	1	3	1
880	659	12	13	3	2	2
881	1250	2	4	3	1	2
882	1106	21	22	2	2	2
883	1317	13	16	2	3	1
884	1124	7	9	3	1	2
885	917	25	27	2	2	1
886	1143	25	27	1	3	2
887	492	14	17	1	2	1
888	345	9	10	1	2	2
889	854	9	11	3	3	1
890	545	2	4	3	3	2
891	15	13	16	1	1	1
892	642	6	8	1	3	2
893	968	23	25	1	3	2
894	941	17	18	2	2	2
895	1251	25	27	2	2	2
896	1357	5	6	1	1	1
897	1307	15	18	1	2	2
898	88	15	17	3	2	1
899	46	11	14	2	2	1
900	509	11	14	3	2	1
901	827	21	22	3	3	1
902	847	6	9	1	1	1
903	928	24	25	3	2	2
904	537	16	18	3	1	3
905	58	18	21	2	3	1
906	703	10	12	1	3	2
907	668	26	29	1	3	2
908	758	18	21	2	2	1
909	104	24	26	1	2	2
910	836	25	28	1	3	1
911	766	12	14	3	2	1
912	1101	21	22	3	2	1
913	87	22	23	1	3	1
914	1340	19	22	2	2	1
915	431	11	14	3	2	1
916	995	20	21	3	2	2
917	908	5	6	1	1	3
918	476	22	25	2	2	2
919	680	5	8	3	1	3
920	1178	1	4	2	2	2
921	692	4	6	3	3	1
922	580	20	23	2	2	1
923	781	17	20	3	2	1
924	824	23	24	3	2	2
925	697	23	26	2	1	2
926	1351	23	24	3	3	2
927	283	15	18	3	1	1
928	38	3	4	3	1	2
929	95	21	22	3	1	1
930	1223	12	13	1	2	2
931	90	24	25	2	1	3
932	268	26	28	1	1	2
933	570	25	27	2	2	1
934	1184	24	26	3	1	1
935	356	6	8	3	2	2
936	329	7	10	1	3	2
937	361	3	5	2	2	1
938	1244	9	11	1	2	1
939	426	9	10	2	3	1
940	472	15	16	1	2	2
941	26	24	25	3	2	2
942	252	25	27	1	3	1
943	524	24	27	3	1	1
944	615	5	8	2	1	2
945	123	6	9	2	3	2
946	113	20	23	2	1	1
947	1011	22	23	1	3	1
948	754	21	22	1	1	1
949	295	14	15	3	1	2
950	1152	11	12	3	1	3
951	1149	6	9	2	2	2
952	595	7	8	3	3	1
953	526	18	19	2	3	1
954	422	6	7	2	2	2
955	404	10	13	3	3	2
956	195	2	4	2	3	2
957	493	16	18	1	1	2
958	7	21	24	1	3	2
959	727	24	27	3	2	2
960	1222	20	21	1	1	2
961	299	22	25	1	1	1
962	1290	7	9	2	1	3
963	77	18	20	1	3	2
964	17	20	23	2	3	2
965	905	20	21	1	2	1
966	805	19	21	2	2	2
967	378	4	5	1	2	2
968	1123	12	15	2	3	2
969	370	5	7	3	2	1
970	1061	2	5	2	2	2
971	981	22	25	2	1	2
972	343	15	17	2	3	2
973	648	9	12	3	3	1
974	506	19	21	2	3	1
975	828	11	13	2	1	1
976	884	16	19	3	2	2
977	198	7	10	2	2	1
978	239	19	20	2	3	1
979	485	16	18	3	1	1
980	21	20	22	2	3	1
981	305	14	15	1	3	2
982	491	7	10	1	2	2
983	502	8	11	1	1	2
984	450	24	26	2	2	2
985	1148	3	5	2	3	2
986	612	20	23	2	1	3
987	925	25	26	2	1	2
988	1049	11	12	3	3	2
989	965	22	25	1	1	2
990	560	11	14	2	3	2
991	1286	16	18	3	3	1
992	592	9	12	2	2	2
993	255	8	9	1	1	2
994	922	15	16	2	1	1
995	987	8	9	1	3	1
996	238	9	10	1	1	3
997	1327	3	5	3	1	1
998	1343	16	19	1	3	2
999	753	1	3	1	3	2
1000	336	13	14	3	1	2
1001	1194	10	13	2	1	3
1002	1029	24	25	3	3	2
1003	582	1	3	3	2	2
1004	1323	23	26	2	2	2
1005	386	7	9	2	3	1
1006	194	17	20	3	3	1
1007	1097	21	23	1	1	1
1008	644	21	23	1	1	1
1009	961	26	27	1	3	1
1010	777	3	4	2	3	1
1011	320	6	7	3	1	3
1012	497	7	8	2	1	3
1013	471	9	10	1	2	1
1014	222	20	23	2	2	1
1015	274	16	17	2	1	1
1016	1068	8	11	3	3	2
1017	1167	26	27	3	2	1
1018	292	4	6	3	3	1
1019	823	26	29	1	3	1
1020	1333	24	25	3	2	2
1021	775	17	19	2	3	2
1022	1307	25	27	3	3	1
1023	897	23	26	3	1	1
1024	1115	15	18	1	3	2
1025	338	10	11	1	2	1
1026	832	8	9	2	2	2
1027	630	24	27	1	1	1
1028	1025	22	23	1	2	2
1029	611	8	11	3	3	2
1030	185	3	6	2	1	3
1031	1353	14	15	1	1	2
1032	657	25	27	1	1	3
1033	261	14	15	1	3	2
1034	608	18	20	3	1	3
1035	383	24	26	3	2	2
1036	875	24	26	2	3	1
1037	1069	13	16	3	1	1
1038	183	18	20	2	1	2
1039	530	11	14	1	2	1
1040	1212	11	14	3	1	2
1041	284	21	22	3	2	1
1042	432	6	9	3	2	1
1043	941	22	23	1	1	1
1044	1358	16	17	1	1	1
1045	228	13	15	3	3	2
1046	1125	3	6	3	3	1
1047	325	5	8	2	1	3
1048	6	20	21	3	1	3
1049	298	3	5	2	3	2
1050	1243	7	8	1	2	1
1051	572	10	11	2	1	1
1052	151	26	27	2	3	1
1053	839	15	17	1	3	2
1054	101	20	22	3	2	2
1055	826	19	21	2	3	1
1056	237	19	20	3	3	2
1057	16	15	18	3	2	2
1058	1035	11	14	2	3	2
1059	116	25	28	1	3	1
1060	584	7	9	2	1	2
1061	42	10	13	1	2	2
1062	65	9	12	2	3	1
1063	1363	13	14	1	3	2
1064	1127	9	11	3	1	2
1065	1091	1	3	2	1	2
1066	698	8	9	3	1	2
1067	972	12	14	3	3	2
1068	267	20	21	2	2	1
1069	789	3	6	3	1	3
1070	621	15	16	1	3	2
1071	1081	20	23	2	2	2
1072	1139	3	6	2	3	1
1073	884	10	11	2	3	2
1074	193	18	20	1	2	1
1075	96	8	10	3	1	3
1076	862	23	26	3	1	2
1077	998	18	19	3	1	1
1078	1092	17	20	2	1	3
1079	489	4	7	3	1	2
1080	23	7	8	3	1	3
1081	423	10	13	2	3	1
1082	510	11	14	1	1	3
1083	902	12	15	2	2	2
1084	334	9	10	2	1	1
1085	710	10	13	3	1	1
1086	401	26	29	1	3	1
1087	542	12	14	3	3	2
1088	12	3	6	3	3	1
1089	1217	10	12	3	1	2
1090	245	10	13	3	3	1
1091	140	11	12	2	2	2
1092	1231	1	4	1	1	2
1093	172	1	2	1	2	2
1094	111	18	21	3	3	1
1095	931	15	17	1	1	2
1096	302	26	28	2	1	1
1097	1051	7	10	2	3	1
1098	1359	8	11	2	1	2
1099	256	25	27	2	1	1
1100	1034	22	23	1	1	2
1101	695	13	16	1	1	3
1102	960	21	22	2	3	1
1103	504	13	16	3	1	1
1104	1236	19	22	3	2	2
1105	591	1	3	1	1	1
1106	45	19	22	1	1	3
1107	1012	22	25	3	2	2
1108	984	15	16	3	2	1
1109	1136	11	14	2	2	1
1110	767	11	14	3	2	1
1111	1166	10	13	1	3	1
1112	170	17	19	1	3	1
1113	331	6	7	2	2	2
1114	1010	22	23	3	1	1
1115	1082	23	24	3	3	2
1116	157	24	27	3	2	2
1117	873	5	7	3	1	2
1118	1084	25	26	1	2	2
1119	303	18	20	3	3	2
1120	795	11	12	2	2	2
1121	674	23	26	1	2	1
1122	1088	10	13	2	2	2
1123	885	5	7	1	1	1
1124	328	16	17	1	3	2
1125	1053	18	21	2	1	3
1126	1281	22	24	2	3	1
1127	722	26	27	3	2	1
1128	453	2	5	2	3	1
1129	1356	1	2	2	2	2
1130	876	4	5	1	2	1
1131	900	16	18	1	1	1
1132	863	14	17	3	1	2
1133	4	10	13	1	1	1
1134	906	13	15	3	2	1
1135	1308	14	17	2	3	2
1136	546	18	21	1	2	1
1137	561	12	15	3	3	2
1138	1036	10	12	1	1	1
1139	233	3	4	1	3	1
1140	494	9	10	3	2	2
1141	994	21	22	2	2	1
1142	448	17	20	3	3	2
1143	976	1	3	3	3	2
1144	1215	7	9	1	1	3
1145	350	11	14	2	2	2
1146	254	15	18	2	2	1
1147	597	18	19	3	1	1
1148	848	22	23	1	2	1
1149	273	8	11	3	1	3
1150	392	18	19	2	1	3
1151	344	22	24	1	2	1
1152	1167	20	23	2	2	1
1153	1137	4	7	1	2	2
1154	130	4	5	2	1	2
1155	854	21	24	2	2	2
1156	1234	21	23	1	3	2
1157	1040	7	8	3	2	1
1158	819	17	19	1	3	2
1159	1198	3	5	2	1	3
1160	1225	24	26	1	1	2
1161	887	19	20	2	3	1
1162	1008	19	22	2	1	3
1163	652	1	4	3	1	3
1164	1287	17	19	2	3	1
1165	797	16	19	3	3	1
1166	953	21	23	3	2	2
1167	1057	20	22	1	3	1
1168	518	23	24	1	3	1
1169	873	12	13	3	3	1
1170	708	20	23	2	1	3
1171	109	7	10	3	1	2
1172	549	18	20	2	3	1
1173	1128	6	8	3	1	1
1174	175	24	25	1	3	2
1175	297	11	12	2	1	3
1176	104	12	15	2	2	1
1177	163	23	26	3	2	2
1178	112	11	13	2	2	2
1179	317	18	21	1	3	1
1180	890	24	26	3	3	2
1181	1146	1	2	1	3	1
1182	294	5	8	3	1	3
1183	293	18	21	3	2	2
1184	89	12	15	2	3	1
1185	312	20	23	1	1	3
1186	1220	2	5	1	1	2
1187	207	10	12	1	2	1
1188	701	23	26	2	1	2
1189	459	6	8	3	2	1
1190	1294	5	8	3	3	2
1191	893	27	28	1	2	1
1192	548	24	27	2	3	2
1193	330	20	22	3	2	2
1194	398	24	27	2	1	3
1195	379	17	18	3	2	2
1196	377	11	13	1	1	1
1197	340	21	22	2	1	3
1198	699	22	25	3	1	1
1199	91	23	26	2	1	3
1200	1073	26	27	3	1	3
1201	696	25	28	1	1	2
1202	1284	24	26	3	2	2
1203	774	12	13	1	3	1
1204	554	19	21	3	3	1
1205	525	17	19	2	2	1
1206	1130	18	20	3	3	1
1207	387	12	15	1	1	2
1208	851	1	2	3	1	1
1209	177	19	21	2	1	2
1210	178	8	9	1	2	2
1211	617	18	19	1	3	2
1212	1355	13	15	3	3	2
1213	276	4	5	1	3	2
1214	803	9	11	3	2	1
1215	1189	10	11	1	1	2
1216	182	22	23	1	1	1
1217	1165	21	24	3	2	2
1218	415	10	13	3	2	2
1219	1288	6	8	3	2	1
1220	856	26	27	3	1	3
1221	1006	25	27	3	2	2
1222	1254	25	26	2	2	1
1223	3	19	20	1	1	2
1224	285	1	3	3	1	3
1225	1260	4	5	1	3	2
1226	223	11	14	3	1	2
1227	161	3	5	2	2	1
1228	399	21	24	3	1	1
1229	620	5	7	3	3	2
1230	1366	26	27	1	2	1
1231	234	15	18	2	1	2
1232	761	22	25	3	1	1
1233	332	24	25	2	1	1
1234	235	9	11	2	2	1
1235	1057	5	8	1	1	3
1236	1159	17	19	1	3	1
1237	230	14	17	3	3	2
1238	1270	4	6	1	1	2
1239	856	11	12	3	2	1
1240	1197	25	28	2	3	2
1241	1157	5	7	3	2	2
1242	1235	25	28	2	2	1
1243	13	10	12	2	2	1
1244	49	2	3	2	1	3
1245	1172	14	17	1	1	2
1246	1349	8	11	1	3	1
1247	30	21	23	3	3	2
1248	457	26	28	1	2	2
1249	1315	4	6	2	1	1
1250	656	7	10	1	3	2
1251	930	6	8	1	3	1
1252	714	21	23	2	1	2
1253	27	24	25	3	2	2
1254	573	27	29	1	1	2
1255	162	10	11	2	2	1
1256	248	25	26	2	1	1
1257	985	25	28	2	3	1
1258	720	25	27	2	2	1
1259	1266	15	18	2	3	1
1260	266	8	9	2	2	1
1261	394	14	15	2	3	1
1262	703	26	29	1	1	1
1263	355	11	14	2	1	1
1264	68	27	28	1	3	1
1265	410	11	13	1	2	2
1266	1193	20	23	1	1	2
1267	131	8	9	1	3	2
1268	405	16	17	2	2	1
1269	1324	10	13	2	1	1
1270	901	19	22	3	1	2
1271	1139	10	13	2	1	2
1272	852	19	20	2	2	1
1273	951	19	21	3	2	2
1274	14	14	15	3	1	3
1275	744	9	10	3	2	2
1276	73	8	11	1	2	1
1277	1080	8	10	3	2	2
1278	878	24	25	3	1	2
1279	520	26	27	1	1	2
1280	606	16	18	2	2	1
1281	633	18	20	3	2	2
1282	1	3	4	3	2	1
1283	927	6	8	1	1	3
1284	16	24	27	1	3	2
1285	1232	21	24	2	3	1
1286	846	2	3	2	1	1
1287	1087	13	15	2	3	1
1288	1364	8	11	3	3	2
1289	253	27	28	2	2	2
1290	1118	8	10	1	3	1
1291	1153	2	5	3	3	1
1292	538	19	20	2	2	2
1293	60	24	25	1	3	1
1294	807	24	26	3	2	2
1295	202	5	7	3	2	2
1296	1147	8	9	1	3	2
1297	127	22	23	3	1	2
1298	487	11	13	1	2	2
1299	390	11	14	1	1	2
1300	1016	13	15	1	1	2
1301	280	19	21	3	3	1
1302	814	11	12	3	2	2
1303	144	11	13	1	2	1
1304	1058	11	13	3	2	1
1305	804	12	15	1	2	1
1306	385	24	26	1	3	1
1307	188	13	15	2	2	2
1308	189	18	20	1	1	3
1309	19	14	16	1	1	1
1310	1296	16	17	2	1	2
1311	296	21	22	3	3	1
1312	521	24	25	2	3	2
1313	547	26	27	2	2	1
1314	482	23	25	3	1	3
1315	1230	5	6	2	1	2
1316	444	8	10	1	1	3
1317	1007	26	27	2	2	1
1318	782	4	5	2	3	1
1319	748	16	19	1	1	3
1320	871	6	8	1	1	2
1321	999	9	11	2	1	3
1322	1161	17	19	3	3	2
1323	1361	7	10	1	2	1
1324	912	18	20	2	3	1
1325	975	17	20	1	1	2
1326	1027	11	13	2	1	3
1327	752	14	16	3	1	2
1328	809	21	24	3	3	2
1329	547	16	17	1	1	1
1330	347	12	15	1	3	1
1331	1066	14	15	2	2	1
1332	983	21	24	2	2	2
1333	180	1	4	2	2	1
1334	1160	5	6	1	3	1
1335	764	14	17	2	3	2
1336	288	24	27	3	2	1
1337	168	1	4	3	3	1
1338	164	14	15	1	1	2
1339	1261	14	15	1	1	1
1340	687	23	24	2	2	1
1341	529	6	9	1	3	1
1342	186	6	7	2	2	2
1343	969	18	19	2	3	1
1344	351	1	2	1	2	1
1345	1177	18	20	1	3	2
1346	31	25	27	3	1	1
1347	765	9	12	1	1	1
1348	1360	16	19	3	2	2
1349	1321	9	10	3	3	1
1350	1299	1	2	1	3	1
1351	1103	9	10	1	1	2
1352	1033	8	11	1	1	2
1353	436	8	10	3	2	2
1354	1138	1	4	3	2	1
1355	690	5	8	2	2	1
1356	700	15	16	3	1	3
1357	750	24	26	3	1	3
1358	1055	25	28	2	2	2
1359	1044	4	6	1	3	2
1360	187	7	9	3	1	2
1361	29	19	21	3	3	1
1362	772	12	14	2	2	1
1363	388	7	10	3	2	1
1364	495	13	14	2	1	3
1365	566	2	4	2	2	1
1366	717	12	13	1	3	2
1367	739	10	13	3	3	2
1368	584	1	3	2	2	2
1369	374	24	27	3	2	2
1370	821	1	3	2	2	2
1371	918	22	23	2	2	1
1372	310	9	12	1	1	3
1373	242	17	20	3	2	1
1374	677	17	18	2	3	1
1375	1249	5	6	1	1	2
1376	29	28	29	1	1	1
1377	845	7	8	2	2	2
1378	1072	24	26	1	2	2
1379	958	1	3	2	2	2
1380	627	15	17	2	1	3
1381	576	5	8	2	3	1
1382	461	25	26	3	1	3
1383	565	9	11	1	1	2
1384	1096	24	26	2	3	2
1385	1338	3	5	1	3	1
1386	235	18	19	2	3	1
1387	1246	18	20	2	3	1
1388	1184	8	10	3	1	2
1389	1003	5	7	1	3	2
1390	522	6	8	2	2	1
1391	98	1	4	2	2	1
1392	601	22	25	2	3	1
1393	1041	21	24	3	3	1
1394	605	5	7	2	3	2
1395	342	8	11	3	2	1
1396	236	22	25	2	2	1
1397	11	26	29	1	1	2
1398	527	4	6	3	3	1
1399	979	20	23	1	3	2
1400	1279	18	21	3	3	2
1401	34	17	20	3	3	2
1402	125	14	17	1	2	1
1403	997	25	28	1	2	1
1404	1154	18	20	3	2	2
1405	154	25	26	2	1	2
1406	413	6	9	3	2	1
1407	478	7	10	3	1	3
1408	83	15	17	2	1	3
1409	818	11	13	3	2	1
1410	103	10	13	1	1	1
1411	1322	21	23	3	2	1
1412	1013	1	3	1	1	2
1413	382	11	12	2	3	1
1414	787	6	8	2	1	2
1415	650	4	7	2	1	1
1416	348	14	16	1	3	2
1417	217	15	17	3	3	1
1418	1277	7	9	3	1	3
1419	604	21	22	2	3	1
1420	959	13	15	1	1	2
1421	556	14	17	1	1	1
1422	1108	20	23	1	3	2
1423	1362	13	14	1	2	1
1424	311	1	2	1	1	3
1425	149	13	16	2	2	1
1426	655	3	5	3	1	1
1427	574	22	25	3	1	1
1428	513	5	8	1	3	1
1429	126	15	16	2	2	1
1430	943	3	5	2	3	1
1431	1330	23	25	2	2	2
1432	1023	1	4	3	1	1
1433	371	19	20	1	2	1
1434	441	1	4	3	3	1
1435	1022	7	8	3	3	1
1436	458	19	21	3	3	1
1437	158	17	19	3	1	1
1438	933	14	15	1	2	1
1439	314	19	20	1	3	1
1440	257	25	26	3	1	2
1441	244	3	4	1	2	2
1442	614	6	8	1	2	2
1443	37	18	21	2	1	1
1444	411	9	10	3	2	1
1445	1176	8	11	3	3	1
1446	212	8	11	3	1	2
1447	949	19	20	3	2	2
1448	865	2	5	3	3	1
1449	69	27	28	2	1	2
1450	1107	21	23	2	2	2
1451	575	7	9	1	3	2
1452	967	26	27	1	2	2
1453	1313	22	24	1	3	2
1454	782	25	26	3	1	2
1455	120	2	3	1	3	2
1456	375	15	16	2	2	1
1457	1262	3	4	2	2	2
1458	729	20	21	1	2	2
1459	1129	8	10	2	3	1
1460	169	26	29	1	2	1
1461	658	1	2	3	2	1
1462	438	18	20	1	2	2
1463	1330	18	20	3	3	1
1464	80	3	6	2	2	1
1465	1089	21	24	1	2	1
1466	72	7	9	3	1	2
1467	540	25	28	1	3	2
1468	1320	5	7	1	1	2
1469	508	2	4	3	1	3
1470	707	22	24	3	2	1
1471	571	11	12	2	1	3
1472	973	20	21	2	3	1
1473	1227	12	13	1	2	1
1474	1070	1	3	2	3	2
1475	888	26	28	1	2	1
1476	770	23	25	2	2	2
1477	1318	3	5	1	1	3
1478	316	24	26	3	3	1
1479	623	7	8	1	2	1
1480	1346	21	23	1	2	1
1481	1280	16	19	1	3	2
1482	304	2	4	1	1	3
1483	896	20	23	1	3	1
1484	1185	8	11	3	1	2
1485	365	9	11	3	3	2
1486	241	8	10	3	2	2
1487	1374	24	25	3	1	1
1488	243	17	20	3	3	1
1489	396	28	29	1	2	1
1490	974	25	26	3	3	2
1491	1168	5	8	1	3	1
1492	171	26	27	3	2	2
1493	359	18	20	1	3	1
1494	543	21	24	2	1	2
1495	167	1	3	1	2	1
1496	301	24	26	3	3	2
1497	1216	24	26	2	2	2
1498	208	18	20	2	2	2
1499	1059	26	27	1	1	3
1500	799	2	3	3	1	1

