DATASET = ORTEC-hidden instance set VeRoLog competition
NAME = tools over vehicle days over vehicles over distance with 1500 requests over 30 days

DAYS = 30
CAPACITY = 40
MAX_TRIP_DISTANCE = 16000
DEPOT_COORDINATE = 0

VEHICLE_COST = 1000
VEHICLE_DAY_COST = 500000
DISTANCE_COST = 1

TOOLS = 5
1	3	78	10000000
2	3	90	10000000
3	3	84	20000000
4	6	88	40000000
5	9	98	50000000

COORDINATES = 1373
0	5445	2890
1	8284	6131
2	3276	6132
3	9492	6138
4	8073	6145
5	8311	6151
6	7388	6160
7	8275	6163
8	7660	6167
9	8975	6171
10	9134	6173
11	3496	6175
12	6556	3496
13	7682	6193
14	8400	6200
15	7376	6202
16	7528	6208
17	7233	6144
18	7597	6221
19	8220	6223
20	8339	6227
21	8390	4733
22	9491	6245
23	8853	6246
24	7679	6273
25	3468	6275
26	6371	6283
27	7406	6292
28	8247	6309
29	7462	6312
30	4246	6319
31	6685	7938
32	3731	6165
33	7556	6350
34	8195	6360
35	3500	6386
36	3548	6393
37	8647	6413
38	8441	6415
39	4315	6423
40	3968	6428
41	6763	2339
42	6895	6454
43	3973	6457
44	8286	6473
45	8358	6475
46	7412	6477
47	3845	6487
48	6013	6496
49	8592	6497
50	6791	6506
51	8230	6518
52	7298	6526
53	3351	6528
54	7528	6534
55	7476	6541
56	8212	6547
57	8680	6552
58	4435	4200
59	7954	6566
60	4262	6571
61	6761	6579
62	7286	6587
63	3465	6593
64	5939	8213
65	7055	6604
66	7641	6607
67	7349	6609
68	3780	6613
69	8369	6623
70	7804	6627
71	8872	6631
72	7055	6633
73	6978	6633
74	7550	6636
75	3667	6639
76	8318	6640
77	6848	209
78	3411	6663
79	6943	6663
80	8051	6671
81	3838	6673
82	4236	6223
83	4072	6690
84	4284	6224
85	8004	6696
86	8668	6702
87	5746	6703
88	3416	6705
89	7890	6705
90	8111	6709
91	8388	6713
92	7743	6715
93	8743	6734
94	8504	6736
95	7819	6739
96	8701	6741
97	6599	6754
98	7192	6757
99	3979	6765
100	4214	6767
101	6325	2231
102	3708	4752
103	8704	6811
104	8442	6824
105	3698	6826
106	8529	6837
107	8069	6870
108	3399	6879
109	4576	6880
110	6932	6883
111	8352	6887
112	8117	6888
113	4010	6896
114	4198	6903
115	7820	6916
116	8443	6917
117	4633	6922
118	8188	6923
119	3930	6931
120	4572	6932
121	7745	6265
122	8490	6946
123	7481	6950
124	7478	6951
125	3365	6959
126	8138	6958
127	3957	4266
128	4289	6963
129	7372	6969
130	7713	6985
131	7550	6992
132	6359	4272
133	7185	7000
134	6313	7009
135	9155	7015
136	7729	7027
137	8780	7027
138	8678	7028
139	6395	4278
140	7485	7033
141	4797	7038
142	4515	4281
143	9362	7055
144	8759	7067
145	4319	4284
146	5985	7070
147	4012	7073
148	8764	7077
149	8492	7102
150	8242	7105
151	9316	7132
152	4316	7136
153	8491	7135
154	8732	7139
155	6657	7149
156	5891	7163
157	4007	7168
158	6733	7175
159	5029	3164
160	6813	7209
161	4244	7221
162	7804	7225
163	8197	6313
164	6861	7232
165	4147	7233
166	8794	7235
167	6711	7244
168	8562	7246
169	8764	7251
170	4102	7253
171	8539	7256
172	4195	7268
173	3527	7281
174	8017	7283
175	8148	8771
176	9046	7286
177	4411	7289
178	7654	7289
179	8772	7298
180	6719	7299
181	4746	2320
182	6610	316
183	4054	7307
184	7006	7311
185	5631	4324
186	6693	7312
187	6909	7317
188	8546	4325
189	7090	7322
190	6671	7329
191	8166	7335
192	9629	7341
193	7596	7344
194	3490	7346
195	8216	7347
196	7613	7352
197	6586	7353
198	4056	7371
199	3945	7371
200	7280	7376
201	3817	7378
202	8137	7385
203	8268	7391
204	9266	8345
205	8895	5974
206	7965	8356
207	8979	7472
208	8096	7476
209	8288	7476
210	6362	4354
211	6799	7516
212	8781	7536
213	6994	7542
214	7286	7546
215	8424	7548
216	6595	7558
217	6677	7563
218	9599	7567
219	4513	7581
220	6815	2367
221	4386	7590
222	7680	7599
223	3920	7601
224	7913	7601
225	7548	7605
226	6389	7609
227	7905	7615
228	3797	4780
229	7529	7621
230	6553	7623
231	8549	7628
232	2908	2779
233	8470	7647
234	6994	7663
235	8699	7670
236	7441	7670
237	8125	7678
238	9475	7692
239	3542	7699
240	7937	7701
241	6622	7714
242	5583	7717
243	4161	7720
244	6290	7720
245	6804	7728
246	5921	7729
247	8076	7740
248	6699	7756
249	5458	7772
250	7088	7791
251	7350	7793
252	4496	2401
253	6575	7797
254	8968	7799
255	8433	7810
256	8362	7816
257	8825	7834
258	8994	7839
259	6942	8420
260	3648	4414
261	4059	7849
262	6582	7853
263	4142	7853
264	8706	7868
265	5350	7883
266	7384	7885
267	7400	7892
268	5370	7907
269	3674	7911
270	6907	7911
271	8259	7937
272	6904	7938
273	4235	7943
274	6647	7949
275	5472	7951
276	5768	7955
277	4263	5591
278	6965	7960
279	7477	7966
280	6771	7971
281	8401	4435
282	6127	7977
283	6271	7981
284	8213	7984
285	8468	7997
286	6172	8008
287	7829	8448
288	7202	8018
289	3644	6447
290	8219	8022
291	5427	8024
292	7437	8025
293	5372	8027
294	6213	8032
295	6948	8048
296	7728	8064
297	7634	8077
298	6280	8080
299	8143	8099
300	7429	8108
301	7228	8111
302	8466	4458
303	6093	8138
304	5896	8147
305	6023	3996
306	6168	8169
307	6016	8181
308	5908	8186
309	7400	6475
310	6690	8200
311	7370	8205
312	7307	8208
313	8551	8210
314	5953	8481
315	7444	8221
316	7505	4478
317	7308	8246
318	6278	8249
319	9188	8250
320	6933	8261
321	5444	8278
322	6939	8289
323	9491	8291
324	9600	8294
325	9634	6002
326	5902	8302
327	5361	8302
328	9977	8302
329	5383	8306
330	6710	7605
331	7930	8405
332	7513	8323
333	5788	8324
334	9555	8326
335	7699	6497
336	6499	8347
337	7840	8349
338	8928	8369
339	7326	8371
340	5467	8372
341	7616	8378
342	8186	8390
343	6552	8401
344	3823	8403
345	8060	8410
346	7212	8514
347	5580	8416
348	3877	8418
349	6372	3525
350	5646	8426
351	6778	8451
352	9658	8451
353	6089	8455
354	5729	8460
355	8461	8465
356	5406	8466
357	7799	8467
358	5884	8471
359	7838	8480
360	5786	8497
361	2645	2519
362	7335	8505
363	6128	8509
364	8271	8512
365	7239	8532
366	7714	8518
367	4681	2523
368	6874	8534
369	8440	7612
370	6846	8539
371	8152	8539
372	6223	8542
373	8385	8553
374	5790	8560
375	7485	8570
376	9659	8571
377	7376	8577
378	8243	4536
379	3519	6541
380	5361	8593
381	8515	8602
382	6934	8609
383	5591	8615
384	3388	6546
385	8656	8624
386	7506	8625
387	7794	8637
388	8441	8637
389	7360	8640
390	5661	8641
391	3931	4414
392	9047	8646
393	6190	8654
394	6508	8654
395	9667	8656
396	6165	8658
397	5903	8661
398	3793	8662
399	8624	8666
400	7753	8668
401	6278	8670
402	8382	8674
403	6937	8678
404	6109	8681
405	8277	8691
406	5678	8698
407	5737	8722
408	3910	8726
409	6866	8728
410	6195	8762
411	7686	4567
412	8807	4569
413	9491	8786
414	6824	8794
415	6967	8801
416	7615	8811
417	8566	8814
418	6602	8819
419	8103	8828
420	5558	8834
421	3543	3484
422	7589	8862
423	8673	4583
424	7420	8867
425	7739	8872
426	5944	8875
427	7607	8889
428	8793	8895
429	9051	8898
430	4584	4022
431	4006	2588
432	6103	8919
433	6028	8920
434	4199	4593
435	8759	8935
436	7622	8944
437	5829	8949
438	7903	8954
439	7529	8971
440	8801	8973
441	7531	8998
442	5816	9002
443	5624	9028
444	6773	9031
445	9656	9039
446	8830	9056
447	6324	9063
448	7837	9070
449	8070	9074
450	5949	9081
451	7576	9093
452	7471	8628
453	6827	9099
454	6358	9104
455	7739	5229
456	7062	9119
457	7970	9128
458	7508	9132
459	7675	9136
460	6335	9155
461	8125	9168
462	8561	4633
463	7976	9174
464	8168	9174
465	9315	9198
466	6879	9200
467	7455	9202
468	6316	9204
469	7311	9208
470	8229	9213
471	8384	9213
472	8555	9221
473	8633	9223
474	8756	9235
475	8918	9240
476	5700	8653
477	7384	9244
478	7212	9250
479	7966	9261
480	6487	7471
481	3816	6656
482	6348	9281
483	8551	9287
484	9161	9292
485	9272	9298
486	7767	9300
487	8064	9311
488	8010	9323
489	8315	6663
490	7082	9327
491	8183	9331
492	6389	9338
493	8890	9349
494	6550	9360
495	8146	9366
496	8868	9369
497	8624	9374
498	7966	9376
499	6725	9389
500	8075	9395
501	8307	9398
502	9059	9415
503	7006	9424
504	6550	9428
505	9175	9438
506	8524	9452
507	6758	9490
508	7813	9492
509	7784	9501
510	8350	6693
511	8302	9512
512	6809	9513
513	6778	9519
514	8945	9521
515	8427	4693
516	7001	9525
517	6520	9558
518	6909	9562
519	6872	9595
520	6765	9647
521	8520	9654
522	7901	9686
523	5814	8727
524	7412	9719
525	7202	6734
526	8724	9762
527	694	2732
528	6474	8742
529	6763	9255
530	6089	9815
531	6458	2742
532	8337	4748
533	6042	9864
534	6391	9876
535	7597	4753
536	3704	6761
537	3502	2757
538	7417	4764
539	7802	6058
540	2192	4058
541	7352	10000
542	7323	8781
543	7127	8862
544	5486	4780
545	2567	2779
546	5211	2784
547	7419	2787
548	5901	8800
549	4218	4596
550	8754	5956
551	8165	6808
552	8095	8812
553	5581	4807
554	3720	4809
555	4186	2814
556	2302	2818
557	6507	8831
558	8467	6833
559	6629	2834
560	3820	8478
561	5367	2855
562	412	2861
563	650	2864
564	5702	4888
565	4001	6894
566	8626	8899
567	7885	6084
568	2963	2893
569	2023	2893
570	7767	9287
571	3564	4899
572	4180	2902
573	6160	2903
574	3922	2905
575	5319	4916
576	7304	2919
577	7457	6943
578	9501	7643
579	8125	4965
580	8650	5698
581	8374	6099
582	7154	6980
583	4079	6984
584	7608	7304
585	3971	4994
586	8694	4905
587	3580	5011
588	8604	7015
589	7860	5017
590	7960	5021
591	8997	7028
592	5636	3031
593	8835	5920
594	6191	3035
595	7352	4303
596	4181	7060
597	4234	7061
598	5536	5064
599	5457	8521
600	4356	4520
601	6805	9084
602	9007	5085
603	3374	3088
604	8140	5216
605	3968	5112
606	7611	7120
607	6876	54
608	8081	9128
609	6536	79
610	5431	5123
611	6610	87
612	6504	3121
613	7910	7129
614	8236	6130
615	6282	113
616	6717	115
617	6695	118
618	9262	5846
619	6417	142
620	8283	8533
621	8893	9144
622	6959	5144
623	8548	5334
624	6502	226
625	6850	241
626	7499	9166
627	6467	306
628	6443	319
629	3115	3161
630	6840	330
631	8738	5165
632	6564	353
633	6755	358
634	6535	409
635	6474	421
636	6604	8213
637	6208	447
638	8726	5187
639	6417	498
640	9066	7200
641	7797	9207
642	7549	4372
643	8296	5221
644	7042	5232
645	6195	801
646	7098	7247
647	4791	3240
648	7400	5250
649	9333	5253
650	6287	888
651	9576	9265
652	6429	911
653	4008	7270
654	6443	9283
655	6772	1021
656	6380	1148
657	6560	1158
658	7551	8967
659	6405	1175
660	6476	1175
661	6435	1187
662	6471	1223
663	7399	9323
664	4263	7326
665	9049	7332
666	6903	1317
667	6774	1324
668	7844	9337
669	4225	5332
670	6397	9345
671	3382	5356
672	4207	3355
673	8669	5365
674	7648	5371
675	7088	5372
676	8767	9381
677	6346	1604
678	6203	1627
679	6638	3380
680	6208	1653
681	6521	1661
682	7576	5386
683	6246	1677
684	7614	5392
685	5668	5402
686	6236	1765
687	8452	5785
688	7910	5409
689	6383	1805
690	1101	1823
691	6938	7417
692	8107	5415
693	6392	1844
694	3887	7421
695	7149	1876
696	0	1922
697	5079	1926
698	5114	1949
699	78	1955
700	3823	4191
701	6416	1968
702	7229	1979
703	5884	1980
704	1023	1995
705	7018	7445
706	5145	2014
707	5226	2015
708	6340	2024
709	8055	5446
710	7410	5448
711	6458	2050
712	6237	2063
713	4703	2075
714	7687	5456
715	4557	3454
716	7155	2089
717	5325	2094
718	6104	3455
719	26	2121
720	5295	2129
721	5892	2163
722	7566	7475
723	4835	2190
724	6296	2204
725	5843	2208
726	7531	4599
727	5194	2239
728	6382	2244
729	4651	2260
730	5015	2277
731	5731	2280
732	5089	2297
733	6751	2309
734	6310	2325
735	6760	2342
736	4879	2356
737	7723	5504
738	4674	2399
739	2517	2407
740	7542	5511
741	4672	2416
742	6445	2420
743	6030	2422
744	3200	2471
745	6888	7525
746	4092	3519
747	6271	2482
748	3267	2497
749	3963	2499
750	3117	2508
751	3061	2518
752	4180	7533
753	5161	2539
754	4127	2545
755	8117	7537
756	3869	2553
757	3845	2554
758	3244	2577
759	1437	2589
760	3279	2595
761	6641	2604
762	2660	2607
763	5622	3812
764	4180	2612
765	613	2615
766	904	2619
767	8064	5545
768	3893	2623
769	4600	2627
770	4592	2632
771	6792	2635
772	3267	2640
773	7299	7553
774	4975	2655
775	2881	2659
776	6644	2664
777	3938	2678
778	6756	2680
779	6219	2688
780	4893	2694
781	3805	2695
782	4201	2698
783	4791	2699
784	514	2703
785	4958	2706
786	4821	2707
787	5671	2709
788	7170	2713
789	4428	2718
790	3166	2719
791	6225	2721
792	4894	2727
793	5045	2731
794	2936	2734
795	3415	2753
796	8879	5569
797	5484	3567
798	4236	2775
799	4804	2778
800	6151	2778
801	5723	2779
802	3919	2781
803	685	2795
804	2930	2804
805	4216	2807
806	4899	2816
807	5836	2819
808	4065	2844
809	4947	2844
810	6051	7587
811	5831	2850
812	4655	2852
813	3324	4164
814	622	2861
815	4052	2866
816	6556	2875
817	4767	2900
818	3962	2900
819	6186	2901
820	2505	2903
821	4005	2911
822	5832	2912
823	2616	2916
824	5896	2917
825	3365	2918
826	5917	2954
827	7792	5601
828	5111	2967
829	4080	3601
830	6679	2981
831	5187	2983
832	6503	2983
833	5518	2987
834	6421	2990
835	5221	2994
836	6637	3007
837	6068	3010
838	9754	8228
839	2210	3015
840	5355	3025
841	4139	7619
842	6799	3049
843	5553	3074
844	4892	3082
845	4150	3086
846	5742	3088
847	6333	3088
848	5780	3101
849	6599	3102
850	4563	3104
851	2524	3117
852	5752	3119
853	6584	3125
854	5302	3429
855	3747	3133
856	6255	3135
857	4194	3137
858	5385	3138
859	8119	7636
860	5934	3157
861	6081	3158
862	6495	8634
863	6058	3168
864	5304	3171
865	6013	3183
866	3488	3185
867	5762	3191
868	6110	3196
869	6200	3198
870	3736	3213
871	4832	3215
872	3925	3227
873	5074	3236
874	6511	3239
875	6031	3249
876	3043	3251
877	6407	3254
878	5626	3264
879	4834	3271
880	6327	3271
881	7091	5655
882	6285	3286
883	5653	3287
884	4432	3304
885	6183	1653
886	6375	3333
887	1605	3347
888	6506	3348
889	5557	3349
890	6748	3349
891	4321	3350
892	6545	3356
893	4738	3362
894	4068	3364
895	7283	5670
896	4158	3374
897	4030	3380
898	5762	3386
899	7832	5673
900	5647	3388
901	2110	3416
902	5638	3420
903	5564	3426
904	3972	3429
905	6531	3432
906	6631	3437
907	4051	3443
908	5518	3444
909	5407	3458
910	6509	3459
911	6874	3465
912	6165	3466
913	8527	5687
914	6008	3473
915	4499	3475
916	2331	3476
917	5488	3480
918	5481	3481
919	5656	3483
920	5580	3484
921	2244	3488
922	6002	3491
923	6107	3492
924	4487	3500
925	1263	3504
926	5445	3507
927	6189	3535
928	4412	3537
929	6136	3557
930	4558	3563
931	2246	3567
932	4710	3570
933	4170	3581
934	4394	3585
935	5481	3587
936	4754	3589
937	4192	3591
938	6853	5708
939	2674	3594
940	4267	3596
941	5395	3598
942	5979	3614
943	4880	3623
944	4788	3639
945	4866	3643
946	2558	3650
947	4847	3653
948	5118	3663
949	4320	3666
950	7129	5512
951	5026	3678
952	7219	7728
953	4873	3693
954	6766	3702
955	4444	3703
956	6760	7731
957	4238	3726
958	5857	3729
959	4718	3751
960	5567	3776
961	2974	3783
962	1739	3785
963	2458	3796
964	7552	5742
965	5563	3805
966	4757	4252
967	4463	3829
968	4429	3832
969	5598	3843
970	5696	3845
971	6410	7757
972	4434	3873
973	3150	3894
974	5727	3905
975	5128	3945
976	4370	3946
977	5036	3977
978	4816	3980
979	3774	3985
980	3916	3988
981	3615	3990
982	5063	3995
983	3670	3997
984	4080	3998
985	2873	4003
986	2232	4006
987	6743	4014
988	5512	4016
989	7811	4018
990	4312	4024
991	7870	4038
992	4234	6662
993	5632	4045
994	5162	4050
995	5485	4052
996	3571	4052
997	3768	4056
998	3825	4076
999	5954	4083
1000	8888	5790
1001	1957	4091
1002	4048	4094
1003	8037	4101
1004	3679	4106
1005	4656	4110
1006	4125	4113
1007	3982	4114
1008	3871	4115
1009	7987	4125
1010	4196	4128
1011	3730	4143
1012	3760	4155
1013	7549	8337
1014	3932	4170
1015	4074	4179
1016	8312	4181
1017	5044	4191
1018	4474	4197
1019	3949	4201
1020	3832	4205
1021	4864	4216
1022	4794	4217
1023	4670	4219
1024	6381	4219
1025	3702	4251
1026	8180	4251
1027	7052	4252
1028	8565	4252
1029	5089	4269
1030	4666	4272
1031	6304	4275
1032	8663	4279
1033	6335	3819
1034	8445	4297
1035	8784	5826
1036	6051	4305
1037	5190	4312
1038	4712	4313
1039	6258	4319
1040	4395	4324
1041	6166	4327
1042	3643	4328
1043	4162	4331
1044	4294	4338
1045	8589	4351
1046	4681	4368
1047	8167	4370
1048	7943	4390
1049	6089	4391
1050	8607	4407
1051	8871	4408
1052	8529	4411
1053	2409	4415
1054	6748	4417
1055	4207	4424
1056	3585	4427
1057	8978	4438
1058	2467	4446
1059	7162	4446
1060	8091	4452
1061	8023	4459
1062	4030	4463
1063	8999	4468
1064	8467	4469
1065	7121	4475
1066	5208	4478
1067	7571	4488
1068	8074	4495
1069	5738	4499
1070	3908	4500
1071	9356	5859
1072	4325	4505
1073	5957	8679
1074	2755	4517
1075	9052	4518
1076	3735	4520
1077	5793	4520
1078	5311	4522
1079	4755	4533
1080	8686	4534
1081	7510	4536
1082	5331	4538
1083	8844	4539
1084	4013	4553
1085	5180	4561
1086	7359	4570
1087	8578	4575
1088	3863	4577
1089	2891	4592
1090	7368	4621
1091	8230	6681
1092	2538	4630
1093	8578	4631
1094	8426	4635
1095	5740	6682
1096	3951	4640
1097	8533	4642
1098	7593	4645
1099	8637	4657
1100	8561	4658
1101	8651	4666
1102	8677	4681
1103	7945	4682
1104	4947	4685
1105	5479	4689
1106	7625	4701
1107	8528	4701
1108	7460	4704
1109	7493	4710
1110	7640	4713
1111	3712	4714
1112	8036	4723
1113	8388	4723
1114	6102	7900
1115	7573	4728
1116	8460	4730
1117	3857	4736
1118	8067	4742
1119	7987	4744
1120	8375	4752
1121	7426	4763
1122	5553	4769
1123	3969	4776
1124	4826	4779
1125	3771	4785
1126	8437	4791
1127	8298	4796
1128	4309	4799
1129	5608	4800
1130	5725	4802
1131	8589	4817
1132	5390	4830
1133	4180	4845
1134	7486	4849
1135	3557	4854
1136	3534	4859
1137	7359	4858
1138	4733	4860
1139	7517	4863
1140	5660	4865
1141	6556	7490
1142	3684	4869
1143	6046	4288
1144	7924	4879
1145	8657	4899
1146	8557	4904
1147	8326	4910
1148	7882	4912
1149	3216	4917
1150	3137	4918
1151	9143	5929
1152	8284	4929
1153	8406	4938
1154	8905	7938
1155	3954	4958
1156	3843	4958
1157	3497	4967
1158	3488	4972
1159	3453	4980
1160	5522	4983
1161	3663	4984
1162	8014	4985
1163	4123	4988
1164	8654	5011
1165	7981	5012
1166	4644	5014
1167	8645	5017
1168	8090	5019
1169	3007	5025
1170	3737	5025
1171	3957	5028
1172	9070	5031
1173	7037	5036
1174	3587	5041
1175	8149	5047
1176	5336	7955
1177	5304	5052
1178	7921	5052
1179	8120	5057
1180	9014	5058
1181	4066	5059
1182	8414	5064
1183	3047	5078
1184	7806	5081
1185	7009	5094
1186	7301	5096
1187	8483	5106
1188	8639	5112
1189	8741	5117
1190	3411	5130
1191	3382	5132
1192	3580	5134
1193	8074	5150
1194	9145	5151
1195	5459	5155
1196	4033	5165
1197	8719	5166
1198	7552	5170
1199	7708	5185
1200	8552	5185
1201	9081	5186
1202	8359	5200
1203	7922	5203
1204	7686	5204
1205	7603	5212
1206	4024	5218
1207	5020	5221
1208	9060	5221
1209	7790	5223
1210	5090	1973
1211	8422	5229
1212	8894	5253
1213	8835	5256
1214	5187	5258
1215	8198	5259
1216	7295	5262
1217	4283	5285
1218	3768	5288
1219	7007	5293
1220	8313	5295
1221	8168	4243
1222	8697	5302
1223	5273	5326
1224	7039	5333
1225	3092	5335
1226	4859	3995
1227	7979	5337
1228	8626	5339
1229	8550	5343
1230	3848	5346
1231	3667	4304
1232	5268	5356
1233	7740	5357
1234	8035	5371
1235	3074	5372
1236	8491	5372
1237	7626	5375
1238	8319	5381
1239	5042	5387
1240	8637	5389
1241	8011	5394
1242	8338	4305
1243	7229	5399
1244	5040	5404
1245	7244	8015
1246	9412	5427
1247	7274	5427
1248	8601	5434
1249	7819	5436
1250	3742	5438
1251	8314	5446
1252	8307	5457
1253	8070	5462
1254	9377	5465
1255	8756	6020
1256	4361	5467
1257	8583	5472
1258	4428	5475
1259	8324	5476
1260	3881	5477
1261	3950	5482
1262	8280	5482
1263	8087	5494
1264	8507	5502
1265	6898	5506
1266	4331	5508
1267	7108	5509
1268	4962	5515
1269	4330	5517
1270	8843	5523
1271	7074	5538
1272	8015	5539
1273	8506	5540
1274	8890	5560
1275	5257	5577
1276	4378	5600
1277	9408	6042
1278	7494	5612
1279	7354	5613
1280	8404	5620
1281	7324	5626
1282	7537	5629
1283	7827	5631
1284	7558	5633
1285	7835	5636
1286	8523	5647
1287	8711	5649
1288	7633	6052
1289	7654	5673
1290	9095	5681
1291	8628	5692
1292	9437	5720
1293	4863	4060
1294	9126	6064
1295	8137	5733
1296	9519	5743
1297	3447	4064
1298	9158	5751
1299	9000	5762
1300	7390	5777
1301	9343	5784
1302	7667	5788
1303	9588	5795
1304	6759	5803
1305	7333	5810
1306	7743	5811
1307	7674	5818
1308	9512	5825
1309	8204	5826
1310	7039	5836
1311	9064	5838
1312	5441	3519
1313	8906	5840
1314	5907	4080
1315	7428	5849
1316	9481	5851
1317	8250	5854
1318	7781	5854
1319	8752	5858
1320	8674	5858
1321	9370	5858
1322	7574	5875
1323	9100	5880
1324	8269	5880
1325	9663	5881
1326	3440	5883
1327	8804	5885
1328	5176	5898
1329	8293	5899
1330	9529	5904
1331	7679	5905
1332	9055	5908
1333	9158	5910
1334	8981	5911
1335	8366	5913
1336	9227	5923
1337	8294	5930
1338	9672	5943
1339	9096	5950
1340	7109	5952
1341	5647	5952
1342	9066	5965
1343	9040	5966
1344	7063	5976
1345	8757	5981
1346	9447	5996
1347	8796	5996
1348	9326	6109
1349	7427	5926
1350	8703	6013
1351	8619	6015
1352	8805	6020
1353	8632	6030
1354	8561	6032
1355	8395	6038
1356	7476	6040
1357	6495	8121
1358	7301	6057
1359	4148	6065
1360	7098	6069
1361	9178	6073
1362	4177	6076
1363	8232	6078
1364	8064	6089
1365	9193	6091
1366	7955	6101
1367	9004	6108
1368	8511	6108
1369	9541	6110
1370	4270	6121
1371	8073	6130
1372	8044	6129

REQUESTS = 1500
1	587	11	12	3	5	2
2	636	6	7	1	5	2
3	1085	3	4	1	1	1
4	1002	15	16	3	3	3
5	236	16	17	2	5	3
6	1329	13	16	1	5	2
7	263	6	8	3	1	3
8	136	13	15	1	5	3
9	1056	13	15	3	4	2
10	264	24	26	3	2	2
11	50	15	16	2	2	3
12	573	23	26	1	1	2
13	1351	18	21	2	4	2
14	1191	3	6	2	5	3
15	104	16	19	1	2	1
16	330	3	5	1	3	3
17	1254	4	6	3	2	2
18	1244	9	10	3	4	1
19	283	14	15	1	4	2
20	71	23	25	1	3	1
21	406	2	5	2	1	2
22	1139	19	22	1	3	1
23	641	4	5	3	3	2
24	705	3	6	3	1	1
25	933	9	12	2	1	3
26	425	13	14	2	3	2
27	313	19	22	2	5	3
28	1030	11	13	2	5	2
29	115	15	17	3	4	3
30	163	21	22	3	3	2
31	659	6	8	3	2	3
32	1250	8	9	1	4	2
33	891	6	9	2	4	2
34	70	2	4	2	5	2
35	1167	3	4	3	3	3
36	1106	13	16	2	2	2
37	1331	22	24	1	4	2
38	1227	15	17	2	3	3
39	825	10	12	1	4	2
40	1358	26	28	1	1	3
41	421	12	15	2	2	2
42	1261	24	27	3	1	3
43	46	5	8	3	4	2
44	1299	24	25	3	1	1
45	826	13	16	3	2	1
46	84	15	18	3	4	3
47	484	22	23	1	1	2
48	983	10	13	2	2	2
49	782	5	8	3	2	2
50	1366	20	23	3	1	2
51	1201	18	19	3	1	2
52	980	18	21	2	1	3
53	922	10	12	3	1	1
54	840	2	5	1	3	3
55	924	1	2	1	5	3
56	72	16	17	1	1	3
57	888	23	26	2	2	1
58	1278	24	26	3	5	3
59	861	3	6	1	1	3
60	354	7	9	1	4	1
61	406	1	3	3	4	1
62	1277	1	4	2	3	3
63	353	8	10	1	1	1
64	145	24	25	1	1	3
65	350	5	8	1	3	3
66	120	7	9	2	4	3
67	648	8	11	1	5	3
68	1082	10	12	3	4	2
69	1228	8	11	1	5	2
70	1046	4	6	2	2	2
71	746	17	19	1	3	2
72	854	6	9	3	3	3
73	173	2	4	3	1	3
74	112	15	16	1	4	3
75	793	1	4	2	3	2
76	103	13	15	2	5	3
77	760	3	6	3	5	1
78	56	11	12	1	1	3
79	394	2	5	2	2	1
80	221	19	20	2	4	2
81	49	18	21	2	5	2
82	981	22	23	1	1	3
83	878	16	18	3	5	3
84	907	17	19	3	5	3
85	533	10	12	3	1	2
86	905	7	10	2	2	3
87	1234	26	27	2	4	2
88	672	20	23	1	3	1
89	1270	14	17	3	5	1
90	1166	13	14	2	1	1
91	824	23	24	3	3	3
92	919	14	15	2	1	2
93	268	21	24	3	4	1
94	756	4	6	2	3	1
95	105	21	23	1	5	3
96	233	25	26	2	5	3
97	1211	11	14	1	3	3
98	332	19	22	1	2	3
99	51	11	12	1	3	3
100	164	9	10	1	5	3
101	697	9	12	2	3	2
102	418	10	13	2	2	2
103	918	10	13	2	2	1
104	762	12	13	3	1	1
105	754	19	20	1	2	3
106	630	2	3	2	3	3
107	925	1	4	3	5	3
108	1347	1	2	2	5	2
109	966	25	26	2	4	3
110	906	19	21	2	1	1
111	121	19	21	3	1	1
112	1354	13	16	3	5	2
113	479	14	17	2	2	2
114	759	6	8	2	2	2
115	497	15	17	3	3	3
116	389	16	18	2	1	2
117	1237	6	7	2	3	2
118	1156	9	11	2	2	2
119	698	13	15	1	2	1
120	1061	19	21	1	5	3
121	144	6	8	1	2	1
122	893	20	23	3	3	3
123	206	23	26	3	5	3
124	433	3	6	1	4	3
125	1174	10	12	2	3	3
126	292	19	20	1	4	3
127	1240	17	19	2	2	2
128	226	3	6	1	3	3
129	668	14	16	1	4	2
130	338	8	9	2	3	2
131	428	16	17	3	4	2
132	492	10	12	2	3	1
133	109	8	10	2	4	3
134	1361	22	23	1	1	2
135	1164	22	23	3	2	2
136	1265	20	23	1	5	1
137	143	16	17	1	2	1
138	1063	5	6	2	3	3
139	537	22	25	2	5	1
140	422	14	16	1	5	1
141	92	14	17	3	4	3
142	365	1	3	2	4	3
143	583	13	16	3	5	1
144	795	26	29	1	2	2
145	189	2	4	2	3	3
146	538	9	10	1	4	2
147	914	18	21	1	1	2
148	720	17	19	1	5	1
149	758	2	3	3	1	3
150	703	1	2	3	2	1
151	320	13	14	2	4	1
152	371	16	19	3	5	1
153	505	16	19	1	3	1
154	909	1	4	1	3	3
155	621	3	6	1	1	1
156	475	19	21	3	5	2
157	850	10	12	1	1	3
158	743	13	14	3	4	3
159	647	5	6	3	2	2
160	234	13	15	1	5	3
161	681	8	10	2	1	3
162	897	1	3	3	4	3
163	1054	8	9	2	3	2
164	1215	18	21	2	3	2
165	357	20	22	1	2	2
166	93	20	22	3	2	2
167	231	23	26	3	2	3
168	1179	16	19	1	3	2
169	1090	14	17	3	5	3
170	445	4	6	1	2	3
171	89	23	26	3	3	2
172	298	17	20	2	1	1
173	691	19	20	3	4	1
174	1053	18	20	1	2	2
175	1344	21	24	3	2	3
176	613	2	4	1	5	3
177	1298	9	11	3	1	1
178	589	19	21	3	4	3
179	276	12	13	3	2	2
180	740	25	27	1	1	2
181	1144	17	19	1	2	3
182	392	8	10	3	5	2
183	402	24	26	3	3	2
184	561	15	17	3	2	2
185	1207	18	21	1	4	1
186	1255	10	11	2	2	1
187	1311	13	15	1	2	3
188	209	1	2	1	2	1
189	764	14	16	1	3	2
190	22	24	25	2	2	2
191	1281	26	28	2	3	3
192	94	1	3	2	3	3
193	204	26	28	2	2	2
194	574	3	4	1	4	2
195	471	16	19	3	4	1
196	1345	3	6	3	5	2
197	243	10	12	3	5	2
198	1274	4	6	3	1	2
199	996	23	25	1	5	1
200	326	3	5	1	2	3
201	808	24	27	1	5	1
202	162	16	18	3	3	3
203	735	12	14	3	2	2
204	599	18	21	2	5	1
205	415	16	18	1	5	2
206	1291	16	18	1	2	2
207	952	5	8	3	2	2
208	611	2	5	2	2	2
209	819	24	25	1	2	3
210	33	25	26	2	2	3
211	1365	16	19	3	5	2
212	489	17	19	3	3	1
213	527	14	16	3	5	3
214	1017	11	14	2	4	1
215	184	9	11	1	3	3
216	63	3	6	1	2	1
217	921	25	26	3	4	2
218	610	19	21	3	3	1
219	991	28	29	1	4	2
220	249	14	15	3	2	1
221	547	13	15	2	5	2
222	1121	15	16	2	2	2
223	1043	26	28	2	4	2
224	1295	22	25	3	3	2
225	1313	3	4	1	1	1
226	1127	7	8	1	5	3
227	859	11	14	1	4	2
228	709	19	20	2	5	2
229	1062	4	6	3	1	2
230	738	15	17	2	4	1
231	452	24	27	3	5	3
232	409	2	4	2	5	3
233	52	18	19	3	3	3
234	571	1	4	1	5	2
235	1262	25	26	1	2	2
236	1145	11	14	2	2	2
237	468	18	20	1	5	3
238	1137	17	19	2	1	2
239	1341	7	10	1	2	1
240	736	23	24	3	4	1
241	1065	11	14	1	1	1
242	293	8	9	2	5	2
243	923	14	17	1	4	3
244	1023	20	22	1	2	3
245	11	5	7	2	5	3
246	108	24	26	2	3	2
247	512	23	24	1	5	3
248	502	14	15	2	3	3
249	1204	1	2	2	4	2
250	522	15	16	3	5	3
251	690	5	6	3	2	2
252	480	18	21	3	2	3
253	1326	26	27	3	4	2
254	119	25	26	2	2	1
255	430	13	14	3	5	3
256	554	25	27	1	4	2
257	150	2	3	1	1	3
258	493	14	16	1	4	2
259	1238	26	28	1	3	3
260	157	25	27	2	1	2
261	1142	15	18	1	5	1
262	325	2	3	1	5	1
263	244	5	7	2	4	2
264	1005	5	8	2	2	3
265	639	17	18	1	5	1
266	609	8	10	1	4	1
267	1138	15	18	2	2	1
268	1176	2	5	3	1	2
269	904	5	6	3	5	1
270	329	8	11	2	1	2
271	1175	15	17	3	1	1
272	1036	20	21	1	4	1
273	1098	21	23	3	5	1
274	388	1	3	3	2	2
275	1050	14	17	3	2	2
276	721	25	27	2	1	1
277	114	21	24	2	1	2
278	683	13	16	1	4	2
279	1111	24	25	1	4	3
280	1339	17	20	3	1	2
281	1120	21	23	2	3	1
282	154	25	27	3	5	1
283	877	12	15	3	5	3
284	645	15	18	1	2	1
285	626	3	6	1	3	3
286	38	3	5	3	4	1
287	880	21	22	1	4	3
288	459	13	16	3	3	2
289	66	20	23	3	4	1
290	748	24	25	2	1	1
291	731	6	9	2	2	3
292	1264	23	24	3	3	3
293	410	5	6	2	2	1
294	1352	5	6	1	2	2
295	458	17	19	2	3	3
296	446	20	23	3	2	1
297	900	11	13	3	1	3
298	846	23	24	1	5	2
299	559	6	9	3	2	2
300	308	7	8	1	3	3
301	284	19	22	1	1	1
302	1075	14	15	3	3	2
303	463	13	15	1	3	2
304	556	2	5	2	2	2
305	665	17	20	2	2	3
306	432	5	6	1	5	1
307	935	26	28	1	4	1
308	162	2	5	2	4	1
309	539	15	17	1	5	1
310	950	16	17	3	5	1
311	954	6	9	3	2	1
312	906	12	15	1	3	3
313	1249	5	7	3	4	1
314	785	6	8	2	3	3
315	27	7	8	1	1	3
316	450	15	16	3	1	2
317	1159	24	27	3	5	2
318	653	9	12	3	2	3
319	1055	18	19	1	4	3
320	333	10	12	3	4	1
321	526	11	14	3	5	2
322	549	13	15	1	5	3
323	644	16	17	3	2	3
324	55	10	11	2	4	2
325	135	15	16	2	5	2
326	8	7	10	1	3	2
327	278	21	24	1	1	3
328	1172	25	27	2	4	3
329	794	9	10	1	2	2
330	1067	19	21	1	2	3
331	702	14	16	2	4	3
332	456	8	9	1	3	1
333	1078	4	5	1	2	3
334	1355	24	27	1	1	2
335	431	26	29	1	5	3
336	506	18	20	3	3	3
337	101	9	10	2	1	2
338	593	14	17	3	3	3
339	774	22	25	2	1	2
340	1226	27	28	1	5	3
341	299	17	19	1	3	1
342	86	17	18	3	3	3
343	633	1	2	1	5	1
344	1224	17	19	2	3	2
345	273	25	28	1	5	1
346	550	18	19	3	1	2
347	1153	23	24	1	1	3
348	111	5	8	3	5	1
349	947	9	12	3	2	1
350	1173	10	12	2	5	2
351	1006	8	10	3	5	3
352	708	7	10	1	4	3
353	543	17	19	1	4	3
354	160	4	5	1	2	3
355	523	4	7	3	4	1
356	939	16	18	3	5	2
357	1080	13	14	1	5	3
358	984	8	9	3	3	1
359	261	3	6	2	4	2
360	992	23	25	1	2	3
361	440	12	13	3	2	1
362	215	4	6	2	1	3
363	1330	18	19	2	5	3
364	798	23	26	3	5	1
365	856	14	17	2	4	2
366	1305	17	18	2	2	3
367	1304	18	19	2	4	2
368	1294	9	12	2	5	2
369	1168	17	18	2	3	3
370	1102	14	16	1	1	2
371	796	13	16	1	1	2
372	130	2	4	2	1	3
373	450	18	19	2	2	1
374	928	16	19	3	2	3
375	448	1	2	3	3	1
376	879	25	27	3	2	3
377	1107	6	8	2	2	1
378	224	9	10	2	2	3
379	1247	21	22	3	3	1
380	772	21	22	1	4	3
381	167	1	3	2	4	2
382	1024	17	18	2	3	1
383	761	6	9	3	1	3
384	1109	21	23	2	2	3
385	1076	8	9	3	1	1
386	311	24	26	3	5	3
387	1195	7	10	1	5	3
388	303	18	19	3	5	3
389	227	5	8	1	4	3
390	975	16	19	2	4	2
391	678	1	3	1	1	1
392	553	5	7	2	4	1
393	1272	1	4	3	4	3
394	864	5	7	1	3	3
395	569	1	3	1	3	1
396	504	2	4	1	1	3
397	256	9	11	2	3	1
398	536	13	14	1	5	1
399	477	17	19	1	3	3
400	485	18	21	2	1	3
401	481	1	2	1	2	3
402	1362	1	3	1	4	1
403	535	23	24	3	2	3
404	335	2	3	2	2	2
405	597	18	21	2	5	2
406	584	6	9	2	5	2
407	15	9	12	1	1	2
408	350	3	5	2	1	2
409	217	18	19	2	5	3
410	185	8	10	2	2	3
411	465	19	22	2	1	2
412	1192	23	25	1	2	3
413	1236	5	8	3	2	3
414	106	7	10	1	4	3
415	238	23	25	2	3	2
416	617	21	22	1	1	2
417	1157	13	16	3	1	2
418	1309	4	6	3	3	2
419	188	6	9	3	5	3
420	1060	15	17	3	2	2
421	498	18	19	2	5	3
422	397	19	21	1	4	1
423	117	21	23	3	5	3
424	1257	13	16	3	2	1
425	946	13	16	1	1	2
426	100	12	14	1	2	1
427	306	26	27	3	4	2
428	588	10	13	2	2	3
429	529	23	24	3	5	2
430	601	13	14	2	4	3
431	95	12	15	1	2	2
432	988	10	12	3	1	2
433	193	13	16	3	5	3
434	232	6	8	3	2	2
435	1170	14	16	1	1	3
436	252	27	29	1	1	2
437	168	10	11	1	2	1
438	1096	25	27	1	5	2
439	543	13	15	3	1	3
440	769	2	3	2	2	2
441	75	8	9	2	1	1
442	1273	7	9	1	3	2
443	1073	13	16	3	4	1
444	590	5	7	1	2	1
445	686	15	18	1	5	2
446	1029	17	19	2	4	2
447	1155	24	26	1	4	3
448	50	17	19	3	3	2
449	653	20	22	3	1	3
450	786	15	18	1	1	1
451	2	10	11	2	3	2
452	1285	5	8	2	3	1
453	757	15	17	3	2	3
454	873	12	13	3	2	1
455	1297	3	5	3	4	1
456	672	1	2	2	2	3
457	895	18	21	3	1	2
458	765	13	16	1	4	3
459	1205	22	23	1	5	3
460	1353	23	24	3	1	1
461	1300	15	18	2	1	2
462	124	11	13	3	3	2
463	28	10	12	1	3	2
464	600	22	24	2	2	1
465	1278	13	14	3	5	2
466	201	2	5	3	5	1
467	246	24	25	2	2	1
468	1223	23	26	1	3	1
469	866	12	13	2	1	3
470	642	21	23	2	5	2
471	1161	9	11	3	3	3
472	570	2	4	3	1	1
473	637	15	18	3	4	2
474	965	19	22	3	5	3
475	1360	14	16	1	5	1
476	350	21	22	1	1	1
477	240	8	9	2	1	3
478	501	23	24	2	4	3
479	960	16	17	2	1	3
480	165	24	26	3	2	3
481	837	23	24	3	3	3
482	862	25	28	1	4	3
483	1233	15	17	1	3	2
484	912	8	10	1	5	1
485	398	22	23	2	3	1
486	839	18	19	3	4	3
487	212	20	22	3	5	2
488	670	7	9	2	3	1
489	754	13	16	2	4	1
490	534	8	11	2	1	2
491	1049	24	26	1	3	3
492	434	14	17	3	1	2
493	710	19	21	1	3	2
494	662	15	18	3	1	1
495	317	24	26	1	2	3
496	823	5	8	3	5	2
497	1152	22	24	2	3	3
498	1260	3	5	3	3	2
499	886	9	12	3	4	1
500	324	21	23	2	4	2
501	844	24	27	1	2	3
502	345	15	18	3	2	1
503	1206	3	6	3	2	1
504	451	6	8	1	1	1
505	517	17	20	3	3	2
506	959	17	19	1	3	1
507	20	11	14	3	2	3
508	197	27	29	1	5	2
509	1225	9	10	3	1	2
510	1009	5	6	2	3	3
511	1083	20	23	1	3	1
512	739	23	25	1	3	3
513	1321	18	19	2	1	1
514	1093	2	3	3	1	3
515	367	20	23	1	4	1
516	138	4	5	1	2	1
517	85	6	9	3	2	3
518	229	22	25	3	5	2
519	6	16	19	2	2	1
520	1040	7	8	3	1	1
521	872	5	6	3	3	1
522	1312	19	22	1	4	3
523	1186	19	20	3	4	2
524	37	11	13	2	5	1
525	619	9	11	1	5	2
526	226	5	8	1	4	2
527	605	19	21	1	5	1
528	1320	18	21	2	4	3
529	158	24	27	1	2	1
530	260	13	15	3	2	1
531	836	13	16	1	1	1
532	139	21	23	2	5	3
533	488	7	9	1	1	1
534	1182	6	7	3	5	2
535	262	1	2	2	1	3
536	770	8	11	1	2	1
537	576	24	27	3	4	2
538	436	3	6	2	2	1
539	23	18	21	2	3	2
540	640	16	19	1	5	1
541	797	24	25	3	4	2
542	1252	14	15	2	1	3
543	1263	4	7	3	3	2
544	949	20	22	1	3	2
545	942	17	18	1	3	1
546	582	1	3	1	4	2
547	1123	14	15	1	4	1
548	540	17	19	2	5	1
549	390	6	9	2	5	2
550	1004	20	23	3	4	3
551	987	7	9	1	5	1
552	195	16	18	3	1	1
553	47	2	4	3	4	1
554	382	17	19	3	1	3
555	309	19	21	3	5	3
556	763	25	28	2	2	1
557	1118	14	15	2	1	3
558	1028	1	2	2	5	1
559	618	5	7	3	2	1
560	386	1	4	3	5	2
561	281	13	16	2	5	1
562	283	13	16	1	3	1
563	542	5	8	3	3	2
564	128	23	26	1	3	3
565	1124	6	8	1	4	2
566	255	20	23	1	3	1
567	151	5	8	1	4	2
568	713	21	24	3	5	1
569	1057	21	24	1	1	2
570	152	22	24	2	1	1
571	1134	11	12	3	2	2
572	1267	18	20	1	5	3
573	405	18	19	1	2	3
574	241	25	27	3	3	1
575	399	4	6	3	1	3
576	1000	17	18	1	4	1
577	1181	4	6	2	3	3
578	27	16	18	3	5	1
579	958	22	24	2	3	3
580	768	17	20	1	1	2
581	1019	21	22	3	4	2
582	423	2	4	3	2	1
583	1011	25	27	2	2	3
584	142	14	16	2	4	3
585	978	26	28	2	5	1
586	4	21	22	3	1	1
587	476	13	16	3	4	1
588	463	3	4	2	3	1
589	932	1	3	2	4	2
590	1113	22	24	3	1	3
591	179	27	29	1	1	3
592	1350	10	11	2	4	2
593	889	7	9	1	3	3
594	1359	2	4	3	3	2
595	658	17	20	2	4	2
596	1115	24	27	3	4	2
597	132	23	25	3	2	2
598	1255	9	11	2	1	2
599	1319	2	4	3	5	2
600	1149	24	26	3	3	1
601	254	27	28	1	3	1
602	931	26	28	2	1	3
603	1343	20	23	2	2	2
604	1071	9	11	2	4	2
605	897	6	7	1	2	2
606	102	22	25	2	2	3
607	1131	15	18	1	2	2
608	42	4	7	1	1	2
609	383	20	21	2	5	2
610	1371	6	9	3	2	1
611	427	15	17	3	1	1
612	343	19	22	1	5	1
613	300	25	26	1	5	1
614	1114	19	21	2	1	2
615	1001	1	4	3	2	2
616	671	9	10	2	2	1
617	198	18	20	3	4	2
618	615	9	10	3	5	3
619	812	3	5	2	3	1
620	753	20	22	3	5	3
621	579	24	27	1	5	1
622	435	18	21	2	4	3
623	629	20	23	1	1	2
624	96	23	26	1	3	3
625	1268	11	14	3	3	1
626	1092	9	12	1	5	3
627	841	23	26	3	4	1
628	917	1	3	1	4	2
629	835	6	7	1	3	1
630	80	4	7	2	2	3
631	443	1	2	1	5	1
632	472	22	25	1	1	2
633	1288	3	6	3	4	2
634	270	14	15	3	4	2
635	1020	24	27	3	2	3
636	1105	22	23	1	1	2
637	995	12	14	1	5	3
638	913	18	20	3	3	2
639	970	19	22	3	4	1
640	699	16	18	3	2	3
641	737	23	26	2	3	3
642	210	5	7	3	5	1
643	183	23	26	2	3	2
644	1160	18	21	3	5	2
645	301	28	29	1	5	2
646	969	19	22	3	4	1
647	1228	26	27	3	3	3
648	474	9	11	2	4	3
649	322	7	8	1	2	1
650	832	16	18	1	1	2
651	1290	16	17	3	4	2
652	379	14	16	1	1	3
653	993	12	13	1	2	3
654	113	6	9	1	1	2
655	1097	8	10	1	3	2
656	801	25	26	1	1	1
657	1042	16	17	3	1	1
658	1372	17	20	2	3	1
659	1135	16	19	2	2	3
660	1223	8	10	1	5	3
661	30	14	15	1	4	3
662	999	20	21	3	5	2
663	955	9	12	3	3	2
664	838	2	4	1	3	1
665	1027	12	15	2	1	1
666	1148	23	24	3	4	3
667	1143	19	21	2	2	2
668	1104	15	16	1	2	1
669	778	14	16	1	2	1
670	31	27	28	1	5	3
671	1180	9	12	3	1	3
672	274	17	19	1	4	3
673	557	24	26	3	4	2
674	1258	24	25	3	5	2
675	562	20	23	2	5	3
676	88	18	19	1	5	3
677	348	2	4	3	1	2
678	282	16	17	2	1	2
679	1208	19	21	2	4	1
680	230	7	9	1	4	2
681	1332	11	14	3	2	3
682	602	19	21	2	2	2
683	122	2	5	3	4	1
684	460	13	15	3	4	2
685	565	23	25	3	2	3
686	552	21	22	1	5	3
687	171	2	5	3	2	3
688	578	16	18	2	5	3
689	336	26	28	1	1	1
690	180	4	5	2	3	2
691	267	2	3	1	4	2
692	728	16	18	2	2	3
693	417	16	17	1	3	3
694	898	23	25	3	5	1
695	1230	21	24	3	5	2
696	967	20	21	2	5	3
697	148	4	7	2	2	3
698	1352	2	5	2	3	3
699	419	6	7	3	1	3
700	192	3	4	1	5	1
701	644	8	10	2	4	3
702	833	15	16	1	4	3
703	288	16	18	3	2	1
704	269	13	14	1	3	1
705	123	3	6	3	3	3
706	1012	13	14	1	2	2
707	186	26	27	1	5	2
708	305	18	20	2	1	3
709	334	17	18	1	2	3
710	607	18	20	2	2	3
711	1202	9	12	3	1	3
712	586	22	25	3	2	2
713	289	17	20	1	3	1
714	767	22	23	2	4	1
715	1025	20	23	3	2	2
716	146	18	21	2	5	2
717	1328	4	5	2	5	3
718	24	25	28	2	1	1
719	1266	25	26	3	5	2
720	598	18	21	3	2	3
721	631	20	22	2	2	1
722	57	14	17	2	2	3
723	66	10	12	1	1	3
724	791	21	23	1	3	2
725	554	12	13	1	3	1
726	998	3	4	3	5	2
727	407	20	23	1	1	1
728	750	15	17	1	4	2
729	892	6	7	3	4	3
730	1045	4	7	3	1	2
731	279	3	5	1	4	2
732	149	16	18	2	3	2
733	784	19	20	2	3	2
734	1365	24	26	3	3	3
735	511	16	19	1	5	1
736	469	3	5	3	5	2
737	570	1	3	3	3	1
738	1089	20	21	2	2	3
739	701	13	15	3	2	3
740	813	22	25	3	1	3
741	187	26	27	2	4	3
742	462	15	17	3	3	3
743	294	12	13	3	2	3
744	384	14	15	1	2	1
745	286	4	6	3	4	3
746	371	23	24	2	2	3
747	1271	13	16	1	4	1
748	817	22	25	3	2	2
749	934	9	11	1	4	3
750	1000	18	20	3	5	3
751	1189	2	4	3	5	1
752	865	24	27	1	5	3
753	1072	11	13	1	3	3
754	518	17	19	3	1	1
755	126	15	17	3	2	3
756	1323	17	20	2	2	1
757	874	27	29	1	5	2
758	101	6	9	3	2	3
759	83	2	5	1	2	1
760	694	22	25	1	3	3
761	948	26	28	2	4	2
762	500	8	10	1	2	2
763	413	26	27	2	1	3
764	800	25	27	2	3	3
765	322	25	26	1	4	2
766	1347	2	3	1	2	1
767	725	21	22	3	1	3
768	29	9	11	3	1	1
769	207	20	21	3	1	1
770	1216	15	17	3	3	2
771	127	18	19	3	1	3
772	237	24	25	1	2	1
773	315	26	27	1	5	3
774	204	26	28	1	5	3
775	1318	12	14	2	3	2
776	19	21	22	2	1	2
777	1151	9	11	2	1	2
778	1349	16	19	3	4	3
779	528	18	19	2	4	2
780	131	2	3	3	1	3
781	818	24	25	3	2	2
782	265	7	9	3	1	2
783	774	15	18	1	3	2
784	1369	5	8	3	1	2
785	1190	9	10	2	2	3
786	1212	11	13	3	4	2
787	819	23	25	3	4	3
788	77	20	22	3	4	2
789	827	1	2	3	1	2
790	990	15	16	2	5	1
791	441	13	14	1	1	2
792	890	8	10	3	1	1
793	1289	20	22	1	4	3
794	666	14	16	3	5	3
795	564	5	6	3	5	2
796	1213	16	18	2	3	1
797	216	13	15	1	5	1
798	302	21	22	1	3	3
799	749	9	11	1	3	2
800	920	22	23	1	1	2
801	1259	19	21	3	3	3
802	805	12	14	3	1	3
803	375	23	24	3	3	3
804	253	24	27	1	1	1
805	985	7	8	2	2	2
806	1185	9	11	3	1	2
807	202	23	26	2	2	3
808	307	20	21	2	2	2
809	1084	21	22	3	1	1
810	1149	15	16	3	4	2
811	349	21	23	2	5	2
812	442	21	23	3	4	1
813	594	2	4	2	1	2
814	370	8	11	1	2	3
815	384	24	25	2	3	3
816	910	4	7	2	2	3
817	576	11	12	1	4	2
818	141	4	6	3	1	3
819	175	7	10	3	5	3
820	717	4	7	2	5	3
821	776	7	10	3	4	3
822	1296	23	26	2	4	2
823	926	21	24	1	3	1
824	482	14	16	3	4	2
825	982	12	15	1	4	2
826	470	10	11	1	5	2
827	1036	26	27	2	3	2
828	1336	14	15	3	4	1
829	881	24	26	2	4	1
830	622	12	15	1	1	3
831	685	17	19	3	4	2
832	7	19	22	2	4	3
833	1193	25	26	2	3	1
834	1108	10	13	1	4	2
835	575	11	14	1	3	3
836	245	9	10	3	2	1
837	1348	28	29	1	4	2
838	1192	15	18	2	4	3
839	766	14	15	1	2	2
840	704	12	14	2	5	2
841	366	13	16	2	3	2
842	1183	18	19	3	5	2
843	693	14	16	1	3	1
844	963	18	19	1	5	3
845	63	14	16	1	4	3
846	744	26	27	3	1	2
847	1003	4	7	3	5	2
848	190	9	12	3	1	2
849	1196	16	17	3	4	2
850	36	15	17	3	1	2
851	927	16	17	3	3	3
852	1024	6	7	1	3	2
853	1279	17	18	2	4	1
854	568	5	6	3	5	3
855	1241	23	25	3	3	3
856	673	3	5	3	3	2
857	711	22	25	2	2	3
858	1218	7	9	1	2	1
859	1038	14	16	2	5	2
860	420	21	24	1	5	1
861	424	23	25	1	1	2
862	65	22	24	1	4	1
863	1307	4	6	3	2	3
864	188	23	24	1	4	1
865	77	6	9	1	1	1
866	376	4	7	3	2	2
867	779	2	3	1	5	3
868	48	18	21	3	1	3
869	1342	26	29	1	4	2
870	580	26	27	3	3	2
871	1041	11	14	2	4	1
872	682	19	22	3	2	1
873	628	15	16	3	1	3
874	1091	18	21	1	5	2
875	166	26	27	1	4	3
876	1037	5	8	3	4	1
877	1245	1	2	3	4	1
878	962	25	27	1	4	1
879	1235	18	20	2	2	1
880	896	24	25	1	3	2
881	116	23	25	3	4	1
882	977	11	14	1	3	2
883	105	15	16	1	1	2
884	358	17	19	3	5	2
885	199	10	11	3	1	3
886	381	20	22	2	1	1
887	507	14	17	3	2	3
888	219	8	10	2	5	3
889	393	24	26	3	2	2
890	1007	5	6	2	5	3
891	651	14	15	3	5	2
892	1074	9	12	1	3	1
893	239	4	7	3	2	1
894	855	11	13	2	1	3
895	1171	19	20	1	4	2
896	73	15	18	2	5	3
897	1094	4	6	3	2	2
898	403	18	19	3	2	3
899	616	7	9	3	5	2
900	1334	8	9	1	2	2
901	657	20	21	2	4	2
902	771	7	9	3	5	1
903	473	25	27	1	5	1
904	14	3	5	2	2	3
905	1214	23	25	2	1	2
906	961	21	22	2	5	2
907	104	19	20	2	3	3
908	87	21	24	1	3	3
909	1048	5	7	1	4	3
910	968	7	10	3	2	1
911	1286	17	20	2	3	2
912	1275	12	13	3	2	2
913	734	16	19	3	3	2
914	147	2	4	3	3	2
915	242	22	25	3	1	3
916	1314	10	13	2	2	2
917	1184	17	20	3	1	1
918	396	7	10	3	2	3
919	1278	2	4	3	3	2
920	792	23	25	3	4	1
921	182	11	14	3	5	1
922	956	6	8	3	5	1
923	314	5	8	2	2	1
924	741	13	16	1	5	1
925	941	23	24	1	4	1
926	936	13	16	3	4	1
927	682	13	16	2	3	3
928	214	10	13	1	2	1
929	196	25	26	1	4	3
930	695	18	19	3	5	1
931	788	22	24	3	3	1
932	360	16	18	1	4	3
933	802	4	7	2	5	3
934	687	16	19	1	3	1
935	848	17	18	2	4	2
936	21	10	13	2	4	3
937	487	7	9	2	3	3
938	1112	14	15	1	3	3
939	205	21	24	3	4	1
940	712	3	6	2	2	2
941	67	16	19	2	1	2
942	287	10	13	2	3	3
943	1345	12	13	3	2	2
944	1126	2	4	1	5	2
945	816	14	17	3	1	1
946	59	8	11	2	1	2
947	688	2	3	1	1	2
948	1032	18	20	2	4	3
949	312	19	22	2	5	2
950	742	27	28	2	1	1
951	60	8	10	2	2	3
952	811	13	15	2	5	2
953	899	7	10	3	4	3
954	1368	20	23	3	3	3
955	404	20	22	2	2	1
956	661	8	10	2	1	1
957	591	17	19	1	1	3
958	1132	10	12	2	5	2
959	1026	21	24	1	3	1
960	466	13	16	3	4	2
961	499	4	6	1	3	1
962	352	16	19	2	3	2
963	361	21	24	2	4	2
964	290	5	7	1	4	1
965	567	18	19	3	4	1
966	387	16	18	2	3	1
967	408	14	16	1	5	3
968	1227	17	19	3	2	3
969	1010	9	10	3	2	1
970	814	15	17	3	3	1
971	555	11	13	1	4	1
972	1187	11	14	1	4	2
973	1251	10	12	2	4	1
974	10	23	24	2	2	3
975	140	21	24	1	3	3
976	973	23	26	2	5	2
977	520	10	12	3	4	1
978	663	17	20	1	3	1
979	727	6	7	3	4	2
980	519	20	23	3	1	2
981	110	23	25	2	4	3
982	667	20	21	3	5	1
983	620	6	8	3	5	3
984	715	13	15	2	2	1
985	1047	20	23	2	2	2
986	258	21	22	2	1	1
987	545	24	26	3	4	2
988	790	2	3	2	2	2
989	35	27	28	2	2	3
990	635	2	4	3	2	1
991	745	7	10	3	1	3
992	654	20	22	3	2	3
993	34	17	18	3	5	1
994	689	9	12	3	2	2
995	842	24	27	1	3	3
996	732	4	5	1	3	2
997	1163	8	10	1	1	3
998	1338	23	26	3	2	1
999	957	9	10	1	4	1
1000	1100	16	18	3	4	1
1001	1147	22	23	2	3	1
1002	377	9	12	1	2	1
1003	1364	16	17	3	2	3
1004	247	24	25	1	5	3
1005	972	13	16	1	2	3
1006	1308	7	8	2	4	2
1007	120	14	17	1	4	2
1008	692	11	12	1	2	1
1009	1064	14	16	3	4	1
1010	869	4	6	1	5	3
1011	1201	10	12	3	1	2
1012	1210	5	7	3	2	3
1013	374	3	4	3	2	3
1014	316	10	12	3	4	3
1015	603	11	13	2	2	1
1016	363	12	13	3	1	3
1017	1292	18	19	2	3	3
1018	444	15	16	1	1	3
1019	660	27	28	2	2	2
1020	751	23	25	3	2	2
1021	1178	12	15	1	4	1
1022	1316	23	25	2	5	2
1023	208	20	23	3	3	3
1024	1015	26	28	1	4	3
1025	266	13	15	3	1	2
1026	548	3	4	3	5	1
1027	133	7	9	1	3	3
1028	1272	6	9	3	3	3
1029	847	12	14	3	3	2
1030	901	16	19	1	4	3
1031	871	24	26	1	3	3
1032	624	17	19	3	5	1
1033	850	13	16	2	2	2
1034	1222	20	23	1	2	3
1035	863	6	9	3	4	3
1036	782	8	10	3	4	1
1037	1283	7	8	1	1	1
1038	1357	2	4	2	1	3
1039	903	18	19	3	2	1
1040	58	1	3	2	1	3
1041	203	21	22	2	2	2
1042	327	19	21	1	2	1
1043	997	7	9	3	2	2
1044	310	2	5	3	3	1
1045	1117	7	8	3	1	2
1046	328	25	27	3	5	2
1047	356	11	13	3	2	3
1048	43	15	17	1	3	3
1049	178	6	8	3	4	2
1050	687	26	27	2	4	1
1051	949	2	4	2	2	3
1052	1269	23	26	2	5	3
1053	596	16	18	2	4	2
1054	98	23	25	1	3	1
1055	1021	22	25	2	4	2
1056	1130	20	21	3	1	1
1057	1335	3	5	1	5	3
1058	911	15	18	2	3	1
1059	17	22	24	3	3	2
1060	1018	20	22	2	3	3
1061	577	11	12	1	3	1
1062	1052	3	6	3	3	1
1063	44	15	18	2	3	3
1064	426	11	13	2	4	3
1065	510	20	23	2	5	1
1066	373	14	15	1	1	2
1067	643	2	3	3	2	1
1068	789	14	16	1	3	1
1069	722	25	27	3	2	3
1070	606	2	3	2	3	3
1071	655	21	23	3	5	1
1072	924	11	13	3	5	3
1073	1003	12	15	2	1	3
1074	454	26	27	1	5	1
1075	773	17	19	2	5	1
1076	161	6	7	2	4	3
1077	351	24	27	2	2	2
1078	1013	5	7	3	4	1
1079	16	7	8	3	2	1
1080	743	2	3	1	5	2
1081	1356	6	8	1	4	3
1082	930	1	2	2	4	1
1083	656	8	11	3	5	3
1084	885	18	19	1	4	3
1085	558	19	22	3	4	2
1086	831	4	7	2	1	3
1087	1129	11	14	1	1	2
1088	707	4	6	3	2	1
1089	90	5	8	2	4	3
1090	452	3	4	3	3	2
1091	1135	25	26	2	4	3
1092	677	14	17	2	3	1
1093	1179	4	7	3	3	3
1094	339	12	13	3	3	1
1095	335	1	2	2	1	3
1096	623	13	15	2	5	2
1097	1232	11	12	1	1	2
1098	937	11	14	1	4	2
1099	284	20	22	2	4	1
1100	516	23	25	2	3	2
1101	515	19	21	3	3	3
1102	1363	14	15	2	3	3
1103	225	9	11	3	1	2
1104	439	7	8	3	2	3
1105	1209	22	25	2	4	2
1106	1301	26	27	3	4	2
1107	781	5	6	3	5	1
1108	129	18	20	1	2	2
1109	503	19	20	3	2	3
1110	594	22	25	2	3	3
1111	1354	27	28	2	5	3
1112	684	19	22	3	5	3
1113	391	11	13	2	2	1
1114	259	4	6	3	3	2
1115	525	16	17	3	2	3
1116	632	24	27	1	3	2
1117	478	14	16	2	3	2
1118	91	22	23	2	1	1
1119	1198	8	11	2	1	1
1120	743	21	23	1	5	1
1121	1087	24	26	1	1	3
1122	455	3	6	3	4	1
1123	1128	15	16	2	2	3
1124	1367	21	23	2	2	3
1125	99	20	23	2	2	2
1126	76	9	12	2	1	1
1127	483	20	22	2	1	2
1128	700	11	14	3	5	2
1129	719	18	20	1	4	2
1130	1122	20	23	1	2	3
1131	634	19	21	1	5	3
1132	170	10	11	1	4	2
1133	509	22	23	1	2	2
1134	1346	20	21	2	4	1
1135	600	16	19	1	3	3
1136	974	16	18	2	5	3
1137	369	14	15	3	2	3
1138	733	25	26	2	2	2
1139	1188	21	22	2	5	2
1140	25	6	8	3	5	3
1141	220	19	21	1	3	1
1142	875	16	17	2	2	1
1143	910	9	10	3	5	1
1144	251	16	18	1	5	2
1145	140	18	20	2	1	2
1146	1066	18	21	1	2	2
1147	118	18	19	3	2	3
1148	1170	17	19	3	4	2
1149	1033	8	9	1	5	1
1150	1348	8	11	3	1	1
1151	1333	12	15	3	5	2
1152	53	10	11	1	5	1
1153	1128	8	10	3	1	1
1154	305	11	14	3	2	2
1155	1360	19	21	3	1	2
1156	560	6	8	1	5	1
1157	680	9	11	2	1	1
1158	546	15	18	1	1	1
1159	551	16	19	3	5	1
1160	894	9	11	2	3	1
1161	1340	21	24	3	3	1
1162	806	17	18	3	1	1
1163	366	17	20	1	4	1
1164	39	7	9	1	3	3
1165	429	15	17	1	2	1
1166	1014	13	16	2	5	3
1167	783	16	17	1	2	1
1168	494	18	21	1	3	1
1169	944	9	12	3	1	1
1170	852	18	19	2	5	1
1171	362	20	22	3	3	2
1172	604	10	12	2	2	1
1173	964	15	18	3	4	1
1174	321	10	12	1	3	3
1175	1325	26	27	3	5	3
1176	696	1	2	2	1	3
1177	1129	6	9	2	4	2
1178	222	11	14	1	4	2
1179	1044	19	21	1	2	1
1180	1315	23	25	2	4	1
1181	867	9	11	2	3	3
1182	211	17	19	2	2	1
1183	943	21	24	2	2	2
1184	97	12	13	2	5	2
1185	181	14	17	2	1	2
1186	213	17	18	1	1	1
1187	989	26	27	3	2	2
1188	292	1	4	2	1	1
1189	1353	19	21	1	2	2
1190	627	9	10	2	4	3
1191	491	24	26	3	3	2
1192	801	12	15	2	1	2
1193	319	6	7	1	2	2
1194	18	7	9	3	3	1
1195	1068	24	26	2	5	1
1196	1132	25	26	3	3	3
1197	1283	23	26	3	4	1
1198	858	12	15	2	3	3
1199	1239	4	7	1	2	3
1200	280	19	20	3	3	2
1201	829	13	14	3	1	2
1202	1069	26	27	1	2	2
1203	1242	17	19	3	1	2
1204	1310	24	27	1	5	1
1205	340	16	19	2	2	1
1206	1337	18	20	3	2	1
1207	940	24	27	3	3	1
1208	82	1	2	1	2	3
1209	1099	18	20	3	3	2
1210	729	11	13	2	3	3
1211	1077	24	26	3	2	3
1212	674	4	7	3	1	2
1213	669	14	15	2	2	1
1214	1140	6	8	3	5	3
1215	104	11	12	3	1	2
1216	250	11	13	1	3	3
1217	1219	13	14	2	4	2
1218	218	7	9	2	5	3
1219	638	12	13	2	3	2
1220	368	21	23	3	5	3
1221	752	1	3	2	4	2
1222	770	8	11	2	3	3
1223	172	27	29	1	5	2
1224	169	9	12	2	3	2
1225	828	18	21	2	3	3
1226	810	9	11	3	5	2
1227	1231	27	28	1	4	3
1228	1221	21	23	1	1	3
1229	547	19	21	3	5	1
1230	1163	3	5	3	2	2
1231	572	1	3	2	1	3
1232	883	3	6	3	5	3
1233	870	2	4	3	2	2
1234	337	23	25	3	5	1
1235	1287	8	11	2	1	3
1236	495	23	25	2	1	2
1237	32	6	7	3	1	1
1238	457	9	10	1	3	1
1239	877	8	11	3	1	1
1240	775	14	17	3	4	3
1241	530	13	16	1	2	2
1242	650	3	6	3	2	3
1243	50	26	27	3	3	3
1244	960	18	20	1	2	1
1245	1110	20	22	3	5	2
1246	1088	13	15	1	2	2
1247	1303	13	14	2	2	3
1248	1146	15	18	1	5	1
1249	1306	6	7	3	1	3
1250	395	9	12	2	4	3
1251	1200	20	21	1	2	1
1252	994	8	11	1	4	1
1253	79	7	8	3	1	2
1254	496	5	7	2	5	3
1255	827	6	8	2	3	3
1256	849	15	17	3	4	2
1257	347	15	16	2	4	2
1258	153	1	2	2	4	3
1259	411	6	8	2	3	2
1260	1003	19	22	3	2	1
1261	679	26	29	1	1	2
1262	355	4	6	3	1	2
1263	541	4	6	2	2	1
1264	125	18	21	1	1	3
1265	1194	23	24	3	2	3
1266	1162	3	4	1	1	1
1267	887	13	14	2	4	2
1268	296	9	10	3	3	1
1269	718	8	11	2	2	3
1270	1022	11	14	3	5	2
1271	521	1	4	2	4	1
1272	957	23	24	3	4	3
1273	240	1	2	3	1	3
1274	857	7	8	2	4	2
1275	1302	14	15	3	4	1
1276	155	15	16	1	1	2
1277	929	3	6	3	3	3
1278	107	20	21	3	4	2
1279	9	6	8	3	4	3
1280	938	22	23	3	1	1
1281	323	20	21	2	4	3
1282	1014	23	25	3	5	2
1283	1220	23	24	1	5	2
1284	513	15	16	3	5	2
1285	1119	6	7	1	1	2
1286	304	11	12	1	4	1
1287	1031	24	26	2	1	1
1288	449	15	17	1	2	3
1289	285	8	11	2	5	2
1290	1133	5	8	1	3	2
1291	1229	24	26	3	2	3
1292	1058	1	3	1	3	2
1293	1285	6	8	2	4	2
1294	1199	22	25	3	4	3
1295	1324	6	9	2	1	1
1296	331	1	2	3	5	3
1297	69	5	6	1	5	3
1298	275	10	12	3	3	3
1299	332	4	7	3	4	3
1300	726	1	4	2	4	2
1301	822	18	21	2	1	2
1302	876	15	16	3	5	1
1303	1095	7	10	1	5	1
1304	86	2	5	3	1	2
1305	544	3	6	1	2	3
1306	81	11	12	1	5	2
1307	1203	27	28	1	3	2
1308	777	15	17	3	3	3
1309	1039	23	26	2	1	2
1310	191	8	10	3	5	1
1311	951	18	21	1	1	2
1312	194	22	25	3	4	3
1313	605	24	25	1	1	3
1314	200	18	19	2	2	3
1315	780	10	13	2	2	2
1316	378	9	12	1	4	2
1317	899	11	12	2	2	2
1318	508	17	19	3	4	3
1319	953	6	8	1	4	2
1320	928	24	26	1	4	2
1321	902	23	24	1	3	1
1322	1125	12	15	2	3	1
1323	830	25	28	2	4	1
1324	834	4	6	2	1	3
1325	1040	6	7	2	3	3
1326	755	14	16	3	1	3
1327	1272	26	27	2	1	3
1328	1008	14	17	1	1	3
1329	486	25	27	2	2	1
1330	1280	8	9	1	2	1
1331	625	21	24	3	2	1
1332	271	6	8	2	2	2
1333	61	21	23	2	3	2
1334	820	17	20	2	2	3
1335	248	12	14	2	4	3
1336	223	23	24	2	4	1
1337	311	8	11	1	5	3
1338	464	6	7	2	3	3
1339	291	16	18	2	4	2
1340	976	7	8	2	4	1
1341	1136	17	19	3	1	1
1342	257	16	19	2	4	2
1343	676	15	16	2	4	3
1344	585	21	23	2	1	2
1345	843	23	26	3	1	2
1346	716	13	15	2	5	2
1347	74	15	17	2	2	2
1348	979	14	17	3	4	3
1349	1284	17	18	1	4	3
1350	803	1	3	1	1	3
1351	372	6	8	3	1	2
1352	566	4	7	3	1	3
1353	524	12	14	1	1	3
1354	26	16	18	1	2	1
1355	134	18	21	2	4	2
1356	1217	24	25	2	2	1
1357	1256	9	12	1	3	1
1358	272	11	14	1	5	2
1359	1197	2	3	3	2	2
1360	220	2	3	2	1	2
1361	1034	17	18	2	5	1
1362	1326	9	12	1	5	3
1363	1	11	13	1	5	2
1364	418	4	6	3	5	1
1365	531	11	14	2	2	3
1366	821	24	27	3	1	3
1367	342	21	24	1	2	2
1368	649	2	3	3	1	2
1369	851	16	18	2	2	3
1370	1141	18	19	2	1	2
1371	532	6	8	3	1	2
1372	724	6	8	3	2	2
1373	747	5	7	1	4	3
1374	873	10	13	2	5	3
1375	444	12	15	3	5	3
1376	1111	8	11	3	3	3
1377	714	9	12	1	2	1
1378	401	4	6	1	4	3
1379	318	8	10	2	5	1
1380	341	17	19	1	3	2
1381	54	17	20	1	2	1
1382	228	16	18	2	4	3
1383	416	19	21	3	5	3
1384	344	1	4	3	1	2
1385	156	26	27	1	2	3
1386	1322	3	6	3	1	1
1387	730	11	12	1	5	2
1388	1059	6	8	1	3	3
1389	1293	2	5	1	3	2
1390	87	25	27	3	5	2
1391	1169	23	25	2	1	1
1392	1024	21	22	2	3	1
1393	40	9	10	2	3	2
1394	461	7	8	2	4	3
1395	1079	10	11	3	1	2
1396	270	10	13	2	2	2
1397	705	12	14	3	1	1
1398	467	6	9	1	2	1
1399	581	22	24	1	3	2
1400	595	13	15	1	2	1
1401	604	1	2	3	1	3
1402	41	22	25	1	4	3
1403	371	2	5	3	3	2
1404	787	2	5	1	5	1
1405	685	9	12	1	4	2
1406	438	17	20	3	2	1
1407	939	3	4	3	4	1
1408	1243	4	7	3	4	2
1409	13	25	28	1	5	1
1410	1154	5	6	2	5	1
1411	64	14	16	2	3	3
1412	137	13	16	3	5	3
1413	68	15	16	1	3	1
1414	723	16	17	1	1	2
1415	915	17	20	2	4	1
1416	882	23	26	2	5	3
1417	1101	4	6	1	1	2
1418	295	14	17	1	4	3
1419	447	14	15	1	4	2
1420	971	2	5	2	2	2
1421	860	18	20	3	5	1
1422	853	4	5	2	5	1
1423	905	22	23	2	2	2
1424	412	22	23	2	3	2
1425	916	3	5	1	5	1
1426	1158	25	28	2	3	3
1427	66	3	6	1	3	2
1428	5	8	10	1	3	1
1429	490	25	27	2	4	3
1430	380	12	15	1	2	1
1431	646	20	21	3	4	3
1432	3	6	7	3	1	3
1433	1248	17	20	2	2	1
1434	807	23	25	2	1	1
1435	437	11	12	3	1	2
1436	945	11	14	2	2	2
1437	385	20	21	3	3	1
1438	1282	10	13	2	2	1
1439	612	17	19	2	2	2
1440	664	16	18	1	4	2
1441	1370	20	22	1	3	3
1442	177	26	27	2	5	2
1443	1035	9	11	2	2	3
1444	592	20	23	2	5	3
1445	652	1	3	1	5	2
1446	1116	21	24	2	5	3
1447	799	8	10	1	3	1
1448	1016	17	20	3	5	1
1449	364	13	16	2	3	2
1450	821	12	14	2	2	3
1451	608	14	17	3	2	2
1452	1081	22	24	2	4	3
1453	159	13	14	2	3	3
1454	1327	9	11	2	1	1
1455	47	19	20	3	1	1
1456	1247	5	7	3	1	1
1457	78	17	20	1	5	1
1458	868	11	14	3	5	1
1459	1086	13	15	2	2	3
1460	359	11	12	3	3	2
1461	809	2	5	3	2	2
1462	1051	19	20	2	4	1
1463	908	2	4	1	5	1
1464	845	12	14	3	2	2
1465	706	1	3	2	1	1
1466	346	5	6	2	4	2
1467	1177	23	26	2	4	1
1468	514	27	28	1	4	3
1469	624	7	8	3	3	1
1470	334	12	14	1	3	3
1471	1009	4	5	1	1	3
1472	1276	11	14	1	5	2
1473	12	14	15	2	3	3
1474	1070	3	6	1	3	3
1475	400	18	20	2	2	1
1476	563	10	12	3	1	1
1477	804	13	15	1	3	2
1478	1078	2	4	3	1	3
1479	45	4	6	1	2	2
1480	675	22	25	3	1	1
1481	403	6	7	3	1	1
1482	986	14	16	1	4	3
1483	1246	13	16	2	4	3
1484	277	9	12	3	1	2
1485	884	25	27	2	3	2
1486	453	11	14	3	5	1
1487	370	22	24	3	5	3
1488	815	3	4	2	5	1
1489	176	14	16	3	5	3
1490	235	9	12	3	2	2
1491	62	20	21	1	4	2
1492	1253	15	18	1	3	2
1493	614	11	12	3	2	2
1494	1165	21	24	2	5	2
1495	1150	1	4	3	2	3
1496	1317	13	15	1	5	3
1497	1103	1	3	1	3	2
1498	297	13	16	3	2	2
1499	174	16	18	2	4	2
1500	414	3	6	1	5	1

