DATASET = ORTEC-hidden instance set VeRoLog competition
NAME = tools over vehicles over vehicle days over distance with 1000 requests over 20 days

DAYS = 20
CAPACITY = 30
MAX_TRIP_DISTANCE = 17000
DEPOT_COORDINATE = 0

VEHICLE_COST = 200000
VEHICLE_DAY_COST = 3000
DISTANCE_COST = 1

TOOLS = 4
1	3	118	20000000
2	12	60	40000000
3	9	114	50000000
4	6	112	40000000

COORDINATES = 951
0	7410	5448
1	4347	6152
2	7392	6161
3	3496	6175
4	6556	3496
5	7321	6189
6	9092	6192
7	7202	8147
8	8220	6223
9	8234	6229
10	7527	6249
11	7231	6257
12	8153	6153
13	8275	6267
14	7895	6301
15	6814	6313
16	5985	6320
17	7737	6338
18	8496	6350
19	3490	6356
20	4434	4169
21	3479	6391
22	6903	8573
23	4837	2169
24	4315	6423
25	8468	6429
26	7816	6432
27	8496	6446
28	7469	6455
29	8565	6469
30	8424	6471
31	8173	6477
32	8049	6484
33	7574	6485
34	4043	6498
35	6791	6506
36	3777	6522
37	8385	6532
38	7528	6534
39	3754	6559
40	7480	6561
41	6761	6579
42	7349	6589
43	8441	6600
44	7349	6609
45	7666	6614
46	7193	6620
47	8750	6628
48	3667	6639
49	8587	6639
50	7317	6644
51	8616	6645
52	7176	6649
53	3411	6663
54	3869	4218
55	3416	6705
56	7907	6721
57	3737	4228
58	8701	6741
59	3372	6743
60	8583	6750
61	7997	6751
62	7192	6757
63	3893	6770
64	3330	6790
65	7536	6794
66	3698	6826
67	8351	6852
68	8069	6870
69	8726	6874
70	8758	6876
71	3987	6892
72	8118	6904
73	4226	6906
74	4572	6932
75	8750	6934
76	4676	6935
77	7447	6938
78	7745	6265
79	7458	6946
80	8720	6954
81	8041	6960
82	6777	6969
83	4064	6977
84	6359	4272
85	3940	7006
86	3916	5560
87	4290	7026
88	7672	7035
89	8507	4279
90	4570	7041
91	8489	7042
92	6871	7060
93	8858	7065
94	6886	7074
95	8857	7087
96	8018	7095
97	8766	7097
98	7699	7120
99	8903	7132
100	4694	5216
101	8732	7139
102	4086	7143
103	3985	7146
104	7246	7154
105	7531	7155
106	3518	7158
107	3588	7162
108	7774	7170
109	6830	7174
110	3484	7181
111	3882	7199
112	7269	7203
113	8506	7206
114	8985	7209
115	4032	7222
116	7757	7228
117	7576	7249
118	7443	7253
119	4195	7268
120	7447	7281
121	5851	7285
122	4411	7289
123	4324	7296
124	6719	7299
125	5631	4324
126	8112	7312
127	6307	7317
128	6689	7320
129	3490	7346
130	8928	7347
131	7613	7352
132	7174	7362
133	6301	7373
134	5094	4335
135	3509	7381
136	9266	8345
137	7170	7411
138	6325	7414
139	8895	5974
140	3857	7466
141	7635	7466
142	8543	4351
143	3871	7487
144	6845	7488
145	9078	7493
146	3999	4356
147	6541	7502
148	7148	7505
149	4030	7507
150	7781	7518
151	6794	7537
152	7367	7549
153	8612	7567
154	4513	7581
155	3796	7596
156	4388	4373
157	8349	7616
158	3908	7618
159	6194	7618
160	7694	7631
161	3480	7647
162	7264	7649
163	5698	7661
164	6994	7663
165	7501	7663
166	7441	7670
167	7864	7676
168	9475	7692
169	6823	7694
170	7322	7707
171	5346	7713
172	8374	7715
173	6460	7731
174	5816	7731
175	7583	7731
176	8008	7747
177	7102	7752
178	6682	8406
179	5519	7769
180	6652	6406
181	6625	7797
182	8188	7808
183	5569	7835
184	5358	7841
185	6942	8420
186	3648	4414
187	8403	7862
188	7145	7864
189	6025	7865
190	7384	7885
191	6012	7928
192	6904	7938
193	4235	7943
194	6965	7960
195	5440	7964
196	6695	7969
197	7372	7970
198	6716	7987
199	6996	8444
200	8227	8000
201	5885	8002
202	6275	8007
203	8197	5593
204	7437	8025
205	5591	8039
206	7045	8054
207	6480	8059
208	8891	8458
209	6001	8084
210	5683	8100
211	7790	8133
212	7278	8135
213	6436	8144
214	6904	8161
215	8442	4475
216	7544	8234
217	6842	8246
218	5331	8286
219	7576	8293
220	6085	8293
221	9600	8294
222	6742	8297
223	5902	8302
224	9977	8302
225	5927	8497
226	6710	7605
227	6810	8318
228	7174	8333
229	7666	8357
230	7633	6506
231	5600	8401
232	5341	4406
233	7756	8405
234	8841	8408
235	6698	8414
236	7715	6512
237	6372	3525
238	6381	8424
239	9119	7608
240	3616	8441
241	5470	8452
242	8864	8461
243	6483	8484
244	6269	8490
245	7180	8494
246	7092	8522
247	4681	2523
248	6217	8533
249	6141	8557
250	5669	8565
251	6332	8568
252	5776	8577
253	5427	8584
254	6109	8620
255	3770	8634
256	7794	8637
257	8155	8651
258	5903	8661
259	6109	8681
260	6390	8686
261	7899	8687
262	5727	8697
263	4586	2414
264	7392	8731
265	8984	8738
266	7237	8744
267	6211	8759
268	6624	8764
269	7215	8767
270	8930	6018
271	7480	8774
272	7495	8777
273	3836	4572
274	7381	8794
275	5697	8795
276	8566	8814
277	6552	8820
278	7338	8838
279	7539	8840
280	4584	4022
281	8907	8917
282	6103	8919
283	6028	8920
284	4199	4593
285	5571	8957
286	7308	8962
287	7367	8991
288	7795	9012
289	7955	9014
290	7293	9018
291	7117	9020
292	7336	9041
293	7744	8619
294	6973	5308
295	3820	4614
296	7360	9056
297	8201	9064
298	7931	9079
299	5949	9081
300	6458	9092
301	2658	4622
302	7471	8628
303	7675	9095
304	7856	9097
305	8141	9105
306	6924	9106
307	6072	9107
308	9254	9110
309	6705	9117
310	6048	9127
311	7545	9129
312	6335	9155
313	8027	9157
314	9323	9167
315	7501	9205
316	6310	9217
317	8918	9240
318	7384	9244
319	6487	7471
320	3816	6656
321	7471	9282
322	7382	9291
323	8814	9312
324	8597	9314
325	6690	9322
326	9006	9326
327	6892	9328
328	8754	9332
329	8207	6664
330	8978	9361
331	6144	9370
332	8707	9376
333	6597	9383
334	6725	9389
335	8000	9394
336	8075	9395
337	7093	9401
338	6636	9434
339	9175	9438
340	8580	9450
341	9189	9464
342	2564	4441
343	8391	9478
344	8476	9482
345	8418	9485
346	7813	9492
347	7242	9493
348	8410	9495
349	6809	9513
350	7017	9519
351	9087	9523
352	5608	2694
353	8229	9556
354	7772	9559
355	8544	9597
356	8981	9605
357	6322	8715
358	5045	9642
359	5151	9677
360	8950	9686
361	6187	8737
362	8752	9765
363	3467	4734
364	3835	2740
365	6001	9840
366	4722	5074
367	6364	9869
368	3502	2757
369	9481	8059
370	7802	6058
371	7402	9981
372	7410	9989
373	7371	9995
374	3705	2773
375	9400	6061
376	5108	2786
377	8071	4798
378	8237	4799
379	7395	8678
380	5743	8826
381	7520	4820
382	7636	7270
383	7658	8073
384	8478	4852
385	6936	8870
386	3688	4077
387	8626	8899
388	6109	8902
389	4173	6900
390	3939	2900
391	3154	4904
392	4646	4085
393	5585	7873
394	8064	4916
395	8791	6681
396	7312	6922
397	7652	6950
398	5867	2953
399	7500	6962
400	8624	4965
401	8728	4966
402	5299	4978
403	8453	7003
404	3977	7010
405	7724	6506
406	8604	7015
407	4196	7026
408	3845	5024
409	5960	5031
410	9071	6115
411	9268	6161
412	4234	7061
413	5915	3076
414	4770	3076
415	6818	2519
416	3374	3088
417	8140	5216
418	6688	58
419	8168	4127
420	6233	70
421	4282	6546
422	4493	7135
423	6116	145
424	6530	145
425	3501	4770
426	6549	226
427	8740	5152
428	3622	7163
429	8961	9174
430	8462	5169
431	6662	380
432	6096	468
433	4867	3186
434	7657	6145
435	6433	613
436	2923	3215
437	3687	7222
438	8586	5234
439	6083	9253
440	8498	9254
441	4690	2954
442	8109	9275
443	8630	5759
444	6526	991
445	6519	1009
446	9413	5284
447	8042	5291
448	6560	1158
449	6485	1246
450	7366	7320
451	6814	1256
452	6463	1351
453	7346	9347
454	6483	3338
455	6648	3341
456	7161	5350
457	3382	5356
458	5811	3356
459	8510	9381
460	7088	5372
461	6482	1639
462	6638	3380
463	8815	4981
464	6721	1657
465	5138	4182
466	6418	1717
467	1426	1775
468	6841	1813
469	296	1834
470	7127	1854
471	8623	7440
472	7229	1979
473	5226	2015
474	7247	2026
475	5274	2033
476	8587	5449
477	6237	2063
478	5719	2086
479	4246	3454
480	6077	2101
481	8935	7467
482	5758	2132
483	6297	2134
484	6702	2150
485	6318	2152
486	6175	2158
487	7566	7475
488	8260	5799
489	4763	2195
490	320	2201
491	5907	2207
492	5615	3476
493	6237	2230
494	5400	2244
495	5037	2267
496	4786	2269
497	4842	2284
498	1573	2309
499	6751	2309
500	8820	7497
501	5113	2317
502	5380	2329
503	6418	2339
504	5392	2351
505	9359	5502
506	4674	2399
507	6393	2407
508	4672	2416
509	6342	2417
510	1120	2476
511	3267	2497
512	4109	2504
513	4539	2507
514	6519	7987
515	3286	2524
516	2593	2525
517	8117	7537
518	3869	2553
519	3174	2561
520	4826	2588
521	1184	2621
522	2839	2624
523	1227	2628
524	7299	7553
525	6764	2653
526	7364	2674
527	3938	2678
528	4832	3555
529	7407	7562
530	531	2705
531	892	2707
532	2801	2710
533	3240	2715
534	8771	7565
535	6277	2732
536	4552	2736
537	8700	5565
538	3706	2740
539	1259	2743
540	3805	2760
541	6353	2772
542	6151	2778
543	3902	2779
544	2955	2789
545	3095	2805
546	7417	2810
547	7645	7583
548	3662	2829
549	4841	2830
550	2256	2843
551	5728	2846
552	2482	2868
553	709	2873
554	3084	2878
555	674	2888
556	2377	2891
557	3724	2892
558	3402	2897
559	6186	2901
560	669	2908
561	5856	2911
562	2616	2916
563	6388	2930
564	4439	5600
565	5625	2951
566	2976	2971
567	1948	2976
568	6630	2984
569	6004	3005
570	6637	3007
571	5169	3017
572	6917	3028
573	6813	3050
574	4957	3057
575	5553	3074
576	6333	3088
577	4563	3104
578	6659	3107
579	6883	3130
580	3207	3138
581	4927	3141
582	6081	3158
583	6339	3178
584	6083	3209
585	5584	3210
586	6592	3219
587	4909	3247
588	6508	3249
589	4114	3253
590	5626	3258
591	6003	3266
592	3699	3268
593	4037	3276
594	5268	3277
595	5640	3323
596	2322	3334
597	5971	3335
598	2456	3346
599	5557	3349
600	5297	3351
601	3964	3366
602	5548	3377
603	6422	3392
604	5437	3405
605	6057	3424
606	3972	3429
607	5594	3429
608	6631	3437
609	5269	3448
610	4499	3475
611	5481	3481
612	4511	3494
613	5259	3689
614	1263	3504
615	5445	3507
616	5976	3519
617	8663	6644
618	4351	3532
619	4483	3542
620	8307	7706
621	4196	3702
622	4170	3581
623	5730	7710
624	4543	3629
625	5866	3632
626	5475	3654
627	5118	3663
628	5026	3678
629	4401	3679
630	8028	5449
631	6371	3706
632	5850	3711
633	4706	3747
634	6768	3747
635	5567	3776
636	1739	3785
637	4130	3798
638	4609	3804
639	5754	3820
640	5545	3851
641	5103	3865
642	1738	3751
643	5432	3887
644	6037	7763
645	3761	3936
646	4370	3946
647	2097	3956
648	9140	5769
649	4317	3964
650	5036	3977
651	6169	3977
652	3615	3990
653	4000	4010
654	6143	4013
655	2322	4020
656	4425	4023
657	4664	4028
658	2236	4031
659	6978	4031
660	5336	4061
661	2219	4066
662	3893	4067
663	4020	4075
664	5770	4080
665	4048	4094
666	8037	4101
667	4480	4104
668	4193	4125
669	7692	4137
670	4139	4141
671	6287	2662
672	6222	4154
673	7542	5804
674	4125	4172
675	3209	4183
676	3449	4185
677	3520	4190
678	3997	4208
679	4390	4218
680	4200	4219
681	6381	4219
682	7002	4219
683	4480	4243
684	8068	4242
685	5561	4244
686	4472	4249
687	7052	4252
688	4935	4257
689	4070	4261
690	4666	4272
691	6210	4274
692	6091	4286
693	8117	4304
694	4743	4318
695	8299	4319
696	4395	4324
697	3626	4329
698	2359	4336
699	4294	4338
700	3663	4348
701	3298	4352
702	6076	4358
703	8380	4366
704	7291	4377
705	8609	4395
706	4467	4401
707	5375	4421
708	3590	4433
709	7242	4438
710	7162	4446
711	8317	4450
712	3518	4482
713	2990	4483
714	4198	4489
715	8900	4491
716	3054	4495
717	5738	4499
718	6904	4501
719	4663	4506
720	4294	4510
721	5957	8679
722	3735	4520
723	5793	4520
724	2377	4531
725	5387	4532
726	8286	4535
727	5754	4538
728	5218	4538
729	9577	5866
730	2420	4554
731	8214	4557
732	6036	8641
733	4985	4564
734	6530	7873
735	7359	4570
736	7554	4588
737	8524	4588
738	8624	4594
739	3859	4626
740	8230	6681
741	7957	4632
742	8438	4634
743	7646	4642
744	8795	4647
745	3262	4650
746	8472	4663
747	8426	4669
748	4947	4685
749	7606	4695
750	7625	4701
751	7409	4714
752	8067	4742
753	8375	4752
754	8310	4759
755	5280	4771
756	5468	4775
757	8372	4788
758	3646	4801
759	8422	4804
760	7774	4811
761	8412	4822
762	8650	4823
763	3790	4833
764	8456	4836
765	2759	4839
766	8572	4852
767	7004	8690
768	4086	4864
769	8538	4865
770	8329	4866
771	3822	4874
772	3513	4883
773	7996	4886
774	3566	4894
775	5465	4894
776	5331	4901
777	8807	4909
778	7981	4920
779	5441	4924
780	8697	4929
781	7484	4931
782	7525	4933
783	7209	4936
784	4777	4936
785	8673	4938
786	5634	4945
787	4065	4949
788	4110	4953
789	3560	4953
790	5430	4966
791	5582	4968
792	3488	4972
793	5499	4984
794	5425	4993
795	6011	5001
796	4547	5018
797	9029	5028
798	7037	5036
799	8280	5041
800	8806	5043
801	8331	5067
802	5526	5075
803	9018	5089
804	8131	5104
805	8483	5106
806	4654	5111
807	3517	5121
808	4555	5128
809	5491	5148
810	8759	5153
811	4044	5169
812	2758	5175
813	3260	5176
814	7034	5180
815	8623	5183
816	3152	5188
817	7776	5974
818	7922	5203
819	5231	5205
820	5195	5208
821	7603	5212
822	8872	5212
823	4264	5218
824	5004	4299
825	8697	5228
826	7110	5230
827	1838	3978
828	8835	5256
829	4280	5274
830	8176	5277
831	3189	5281
832	7785	5285
833	7806	5294
834	8168	4243
835	9352	5306
836	4009	5319
837	8151	5323
838	7039	5333
839	8085	5335
840	4226	5348
841	7696	5350
842	5158	5354
843	7144	5361
844	7985	5368
845	8266	5372
846	7160	7507
847	8847	5392
848	8011	5394
849	7541	5401
850	7807	5402
851	8756	5402
852	5040	5404
853	7969	5431
854	5177	5431
855	8695	5447
856	7084	5457
857	8351	5468
858	7841	5482
859	6959	5483
860	5182	5485
861	3818	5489
862	7713	5490
863	7091	5492
864	8087	5494
865	7950	5495
866	7888	5496
867	4031	5501
868	4962	5515
869	8015	5539
870	5601	4033
871	3931	5571
872	4605	5579
873	4104	5581
874	8031	5598
875	9408	6042
876	7609	5608
877	6993	5614
878	7210	5627
879	6954	5634
880	6765	5637
881	7903	4051
882	9617	5686
883	8483	5687
884	6790	5689
885	4598	5690
886	8438	5691
887	9425	5698
888	9445	5698
889	8327	5706
890	8332	5709
891	7784	5724
892	9025	5725
893	9127	5727
894	7600	5729
895	9519	5743
896	7513	5747
897	7761	5759
898	8226	5772
899	4519	5783
900	9343	5784
901	8320	4646
902	7667	5788
903	6997	5792
904	4471	5793
905	9122	5797
906	7126	5799
907	7573	5800
908	7026	5821
909	7828	5837
910	9064	5838
911	3278	5841
912	9481	5851
913	8378	5859
914	9100	5880
915	9580	5895
916	9020	5898
917	7469	5903
918	9529	5904
919	8935	5914
920	9048	5926
921	8413	5930
922	8294	5930
923	6957	5524
924	8955	5956
925	8130	5981
926	8714	5990
927	8944	5991
928	9393	5992
929	9216	5998
930	9616	6000
931	8297	6000
932	7895	6005
933	7499	6007
934	8289	6012
935	8934	6018
936	9266	6021
937	8373	6062
938	8931	6077
939	8232	6078
940	3532	6083
941	8164	6084
942	8426	6087
943	9193	6091
944	9510	6096
945	8677	6106
946	9004	6108
947	8533	6115
948	7993	6116
949	9467	6118
950	7437	9132

REQUESTS = 1000
1	488	11	14	2	3	1
2	805	9	12	1	3	3
3	295	7	10	2	2	2
4	749	9	10	3	3	1
5	399	16	18	2	3	3
6	677	3	5	3	3	1
7	396	11	14	3	3	3
8	422	12	15	1	2	2
9	817	4	7	3	3	1
10	497	7	9	3	4	3
11	522	13	14	3	3	2
12	328	3	5	1	4	1
13	831	13	15	3	1	3
14	530	9	11	1	3	2
15	910	8	11	2	3	1
16	894	9	12	1	3	2
17	407	11	14	1	1	1
18	914	13	15	2	3	2
19	87	3	6	2	3	1
20	358	1	3	2	3	2
21	854	1	3	3	2	1
22	15	7	10	2	4	2
23	797	12	13	3	2	1
24	552	12	14	1	4	1
25	324	14	16	2	2	1
26	937	12	13	2	1	3
27	575	13	15	2	4	2
28	639	4	6	3	1	1
29	121	10	11	3	4	2
30	213	5	8	3	4	2
31	844	1	4	1	3	3
32	255	11	13	2	3	2
33	268	13	15	3	1	3
34	504	8	11	2	3	2
35	917	7	10	2	1	1
36	541	12	15	3	1	3
37	508	9	11	1	4	2
38	532	8	11	2	4	3
39	731	11	13	2	3	2
40	463	6	8	2	4	1
41	523	8	9	1	4	3
42	924	12	15	1	3	1
43	834	9	10	3	3	2
44	628	18	19	1	2	2
45	752	3	6	3	4	3
46	171	3	4	2	3	3
47	495	3	5	1	1	1
48	417	5	7	3	3	2
49	849	11	14	1	3	1
50	223	2	4	3	2	1
51	710	13	16	1	4	3
52	102	10	13	1	3	1
53	11	1	2	1	4	3
54	166	9	11	3	3	2
55	319	13	14	2	2	1
56	452	16	19	1	4	3
57	156	3	5	2	2	2
58	353	5	6	1	4	2
59	597	15	17	2	2	1
60	280	10	12	3	2	1
61	579	8	10	2	2	1
62	419	7	9	2	2	2
63	563	3	5	2	3	3
64	560	4	7	2	3	1
65	439	8	11	3	3	1
66	810	10	13	1	1	1
67	182	2	3	1	1	2
68	800	10	13	2	1	2
69	380	5	7	3	4	3
70	935	8	9	3	1	2
71	45	7	9	1	1	2
72	722	9	10	1	4	2
73	62	3	6	1	3	3
74	472	10	13	1	1	1
75	634	5	8	2	4	3
76	615	7	9	3	1	1
77	449	10	13	3	3	1
78	362	12	14	1	2	1
79	473	4	6	3	1	3
80	879	8	9	1	3	2
81	658	8	9	3	4	3
82	793	3	4	3	1	1
83	66	7	9	1	2	2
84	187	1	3	1	1	3
85	370	9	12	1	2	1
86	394	10	11	3	2	1
87	429	12	14	1	4	2
88	266	4	5	2	3	1
89	275	7	8	3	2	1
90	527	11	13	2	1	1
91	209	11	14	3	1	3
92	641	15	18	2	4	2
93	938	12	14	1	4	1
94	427	10	13	3	3	2
95	80	11	14	3	3	2
96	63	18	19	1	1	1
97	670	8	11	3	3	2
98	830	12	14	3	1	3
99	728	15	17	3	2	1
100	143	11	12	2	1	2
101	221	7	9	3	2	1
102	390	5	8	1	1	3
103	8	1	3	1	2	2
104	494	9	11	2	2	1
105	293	13	15	2	3	2
106	381	11	14	2	1	3
107	122	1	3	3	1	1
108	314	13	15	1	1	1
109	947	12	14	3	1	1
110	20	3	4	1	2	1
111	893	15	18	2	3	3
112	89	4	6	2	2	1
113	343	1	3	1	2	1
114	395	4	7	3	4	2
115	38	5	7	3	3	3
116	794	4	6	2	2	2
117	36	8	10	1	1	3
118	320	5	8	3	2	1
119	244	1	3	2	4	3
120	612	1	2	1	4	2
121	815	3	4	2	4	3
122	630	1	3	3	2	2
123	897	16	17	2	3	1
124	85	16	17	3	4	1
125	919	15	16	3	1	3
126	729	5	8	3	1	3
127	771	16	19	1	3	1
128	9	10	12	3	1	2
129	614	6	9	2	3	1
130	211	2	3	1	4	1
131	460	1	2	2	3	1
132	325	16	17	2	1	1
133	549	4	6	1	4	3
134	739	7	10	3	3	2
135	671	14	15	2	2	2
136	397	9	11	1	2	1
137	340	2	4	2	3	3
138	851	8	11	1	1	3
139	714	6	9	3	4	1
140	652	8	9	2	3	3
141	622	6	9	3	3	1
142	117	9	12	3	3	2
143	51	15	17	3	2	2
144	313	14	17	1	2	2
145	672	16	18	1	2	1
146	242	8	11	1	1	3
147	124	3	5	1	4	2
148	375	9	12	2	1	3
149	691	12	13	2	4	1
150	762	5	6	3	4	3
151	86	4	6	3	4	1
152	581	17	19	1	3	2
153	11	15	17	3	3	1
154	573	7	10	1	1	1
155	587	15	18	2	4	3
156	404	14	15	3	4	2
157	764	10	11	3	3	2
158	315	9	12	3	2	2
159	678	6	9	1	2	1
160	931	8	10	3	4	1
161	78	4	6	1	4	2
162	471	2	3	2	1	3
163	77	1	4	1	3	1
164	621	13	16	3	1	3
165	234	4	7	3	2	1
166	303	14	15	3	3	3
167	660	11	12	3	3	2
168	352	3	4	2	4	2
169	506	12	15	3	3	2
170	672	16	18	1	3	3
171	784	10	12	2	3	2
172	510	4	5	2	1	3
173	371	2	5	1	2	1
174	241	10	12	1	4	1
175	254	15	18	2	4	2
176	799	10	12	3	2	1
177	412	14	15	1	3	1
178	812	7	10	3	3	3
179	376	14	15	3	2	1
180	339	14	15	3	4	3
181	870	12	13	2	1	3
182	920	11	14	3	2	2
183	228	3	4	2	1	2
184	262	2	4	1	3	3
185	485	12	15	2	1	2
186	3	15	16	3	2	2
187	386	2	3	3	4	2
188	204	7	10	3	2	1
189	918	3	4	2	2	1
190	360	8	9	3	1	1
191	809	9	10	3	1	3
192	148	10	12	3	4	2
193	503	18	19	1	1	1
194	513	12	13	2	4	1
195	645	10	13	3	2	2
196	451	11	13	1	2	2
197	432	10	12	1	4	1
198	695	12	15	2	3	2
199	580	16	19	1	4	2
200	219	3	4	1	2	1
201	131	7	10	1	4	3
202	715	15	17	2	2	1
203	438	8	9	2	1	3
204	114	11	13	3	1	3
205	189	1	4	1	2	1
206	83	7	10	3	1	2
207	116	7	10	1	3	2
208	812	14	15	3	1	1
209	706	12	15	3	4	2
210	354	4	5	2	4	1
211	92	1	4	2	2	1
212	409	8	10	2	1	3
213	1	4	6	1	4	3
214	291	9	10	3	3	3
215	359	7	9	1	4	1
216	436	5	8	2	2	1
217	525	14	15	3	3	3
218	889	3	5	3	1	3
219	70	8	11	1	2	2
220	692	1	4	1	2	2
221	89	16	17	1	2	2
222	184	6	9	1	3	2
223	366	6	9	1	3	1
224	188	4	7	2	2	2
225	785	10	12	2	1	1
226	453	12	15	2	3	3
227	648	11	13	1	2	2
228	716	9	10	2	1	3
229	13	10	13	2	3	2
230	147	5	8	2	2	2
231	261	14	16	3	1	1
232	224	10	11	2	2	1
233	860	2	5	3	2	2
234	766	15	17	3	1	3
235	743	7	8	1	4	3
236	858	3	6	3	3	2
237	368	1	2	3	4	2
238	915	4	6	1	2	2
239	875	9	12	2	4	1
240	608	5	6	1	4	2
241	521	9	11	1	1	2
242	55	5	8	2	4	1
243	791	14	16	2	1	2
244	74	4	5	3	3	2
245	281	12	15	3	1	2
246	275	6	9	2	3	2
247	44	16	17	1	3	3
248	781	15	18	1	4	3
249	351	11	12	3	3	3
250	649	4	7	3	4	3
251	323	10	12	1	1	3
252	577	3	6	1	2	1
253	69	2	3	3	3	1
254	29	13	15	1	1	2
255	855	2	5	3	4	2
256	334	3	4	1	4	3
257	841	9	12	1	1	2
258	702	14	17	3	2	2
259	345	7	8	3	3	1
260	413	16	17	3	2	2
261	37	10	11	2	3	3
262	229	13	15	1	4	1
263	400	8	10	2	4	3
264	330	4	6	3	2	2
265	632	2	4	1	2	1
266	806	3	4	3	3	1
267	455	14	15	2	3	3
268	383	11	12	1	3	1
269	168	12	15	3	3	3
270	236	15	16	1	3	1
271	681	9	10	2	3	1
272	279	7	8	1	4	1
273	105	4	6	1	3	3
274	704	10	12	2	2	2
275	111	15	17	2	3	3
276	892	4	6	2	3	1
277	53	1	4	3	1	3
278	721	10	13	3	2	2
279	905	2	3	3	4	1
280	491	6	8	3	4	2
281	299	6	8	1	3	1
282	384	12	13	2	4	3
283	529	15	16	3	3	1
284	4	4	5	3	2	1
285	277	15	17	3	2	1
286	865	9	12	2	3	2
287	425	12	14	2	2	1
288	482	1	2	1	2	1
289	519	13	15	3	3	2
290	25	12	13	3	3	1
291	553	3	5	3	3	3
292	430	9	12	2	4	2
293	558	12	13	3	4	3
294	885	15	17	1	1	2
295	566	3	5	2	1	3
296	137	4	6	3	1	2
297	40	2	5	2	2	1
298	876	3	5	1	1	3
299	933	6	7	1	1	1
300	454	8	9	2	4	2
301	274	15	18	2	1	3
302	47	8	10	1	3	3
303	866	9	11	3	4	1
304	260	4	6	3	2	2
305	859	3	6	1	2	2
306	751	3	5	1	2	1
307	737	1	2	1	1	3
308	945	1	2	1	1	2
309	490	3	4	3	1	3
310	153	6	7	3	4	3
311	774	3	4	2	2	1
312	596	1	4	2	3	2
313	594	6	9	3	2	2
314	908	17	18	2	4	1
315	24	17	18	1	3	2
316	191	16	17	1	3	1
317	736	14	16	2	1	1
318	73	15	16	1	4	1
319	130	13	16	3	3	2
320	656	10	13	3	3	2
321	835	9	12	2	3	1
322	23	9	12	1	4	3
323	907	17	18	2	3	1
324	687	10	11	3	3	2
325	459	3	6	3	4	1
326	447	9	12	1	1	1
327	309	9	12	2	4	1
328	46	11	14	1	1	1
329	711	5	6	1	2	1
330	483	10	12	1	4	1
331	616	7	9	1	4	3
332	666	10	12	1	2	1
333	402	5	7	1	4	3
334	882	10	13	1	3	1
335	929	7	8	1	1	1
336	761	10	11	3	3	3
337	489	3	5	3	1	2
338	514	10	11	3	2	2
339	845	12	14	3	3	3
340	298	7	10	2	4	3
341	571	17	19	1	2	2
342	119	10	12	1	2	2
343	19	16	17	3	4	3
344	820	15	17	3	1	2
345	839	3	6	3	4	2
346	942	11	14	2	2	1
347	562	15	16	3	4	2
348	271	14	15	2	4	1
349	555	12	15	2	4	2
350	95	3	5	1	1	1
351	550	4	5	1	3	2
352	42	9	10	2	4	1
353	7	11	12	3	4	1
354	363	7	10	1	1	3
355	464	14	15	3	3	3
356	481	13	14	3	4	3
357	374	15	16	3	3	1
358	270	15	17	2	1	2
359	175	14	17	1	1	3
360	17	5	7	2	4	3
361	290	5	8	1	1	3
362	509	10	12	2	4	3
363	786	12	15	3	2	2
364	150	14	15	3	4	3
365	233	4	5	2	2	1
366	726	14	16	3	1	2
367	207	13	16	2	4	1
368	857	13	16	3	4	2
369	745	15	17	2	1	3
370	216	1	4	1	1	2
371	433	11	12	2	3	3
372	444	13	16	2	2	2
373	243	13	16	1	3	3
374	934	13	16	3	4	3
375	640	4	7	2	4	3
376	181	5	6	1	1	1
377	43	13	14	2	2	1
378	466	1	3	3	4	2
379	79	3	5	2	4	2
380	512	11	14	1	3	3
381	851	11	12	1	2	1
382	336	11	12	3	1	3
383	891	13	15	1	3	3
384	480	4	5	3	3	1
385	944	2	3	1	2	2
386	598	17	18	2	2	1
387	308	13	15	2	2	1
388	532	4	6	2	1	3
389	828	5	6	1	2	1
390	498	17	19	1	2	2
391	878	1	4	3	3	1
392	200	8	11	2	1	2
393	520	16	18	1	3	2
394	253	14	16	1	3	2
395	140	15	18	2	1	1
396	177	8	10	1	4	3
397	403	15	17	1	2	1
398	378	13	14	1	4	2
399	778	5	6	3	3	1
400	10	3	4	1	4	3
401	125	4	6	1	2	1
402	867	1	4	3	3	3
403	690	3	4	1	3	2
404	565	11	13	1	1	1
405	511	2	5	3	1	3
406	462	5	6	3	4	2
407	571	16	18	1	1	1
408	539	13	16	2	4	1
409	465	11	14	3	4	3
410	916	5	6	1	1	2
411	367	12	13	2	3	2
412	201	8	9	3	4	1
413	138	5	7	1	4	2
414	379	15	18	1	4	3
415	651	15	16	3	3	3
416	572	10	11	3	4	3
417	804	12	14	2	4	3
418	486	8	10	1	1	2
419	557	2	5	3	3	2
420	64	8	11	2	3	1
421	446	2	4	1	4	1
422	28	11	13	2	1	1
423	179	5	8	3	4	1
424	661	10	12	3	4	3
425	847	5	8	2	1	2
426	884	7	8	1	3	1
427	172	4	6	2	3	1
428	895	9	10	1	1	2
429	247	6	9	3	4	1
430	196	1	4	3	1	3
431	450	3	6	2	3	3
432	297	14	17	3	4	1
433	67	8	11	3	2	1
434	76	2	4	2	1	2
435	856	1	2	3	3	1
436	701	11	14	2	3	2
437	515	8	9	1	1	1
438	760	13	16	3	4	2
439	12	10	12	3	3	1
440	833	11	13	1	3	3
441	740	7	10	3	2	2
442	174	12	13	3	3	2
443	113	17	18	1	2	1
444	276	13	15	1	1	1
445	517	7	9	2	2	1
446	927	8	10	2	3	1
447	246	11	13	1	2	2
448	909	3	6	2	3	2
449	544	7	9	1	3	3
450	248	4	6	3	3	1
451	467	4	7	3	3	2
452	926	5	6	1	4	3
453	708	12	13	3	1	2
454	413	12	15	3	3	1
455	369	13	16	1	1	3
456	776	9	10	2	4	1
457	192	14	15	1	1	1
458	551	6	9	1	4	1
459	457	3	4	2	2	1
460	134	5	8	1	3	3
461	18	11	14	3	2	1
462	14	3	5	3	2	1
463	357	8	11	1	4	1
464	662	13	15	2	3	2
465	703	6	9	2	4	3
466	827	2	3	1	2	1
467	107	6	9	3	1	3
468	883	9	12	3	3	2
469	948	10	11	3	4	2
470	273	13	15	2	2	2
471	180	4	6	1	2	2
472	410	11	13	3	3	1
473	694	7	8	2	4	2
474	765	1	3	3	3	3
475	725	6	9	3	1	2
476	91	14	17	3	4	3
477	718	14	17	3	4	1
478	636	8	11	2	2	2
479	595	15	17	3	3	2
480	183	5	8	1	3	2
481	98	4	7	2	4	1
482	115	9	11	2	4	3
483	756	7	10	1	2	2
484	825	4	7	3	2	2
485	437	13	15	2	4	2
486	136	4	7	3	3	1
487	322	1	3	2	4	3
488	787	5	8	1	4	2
489	58	12	15	3	4	3
490	723	16	17	3	3	2
491	169	10	13	2	4	2
492	585	8	10	1	4	3
493	197	10	13	1	1	3
494	286	13	16	2	1	3
495	253	14	17	3	2	2
496	603	1	4	1	3	1
497	623	12	13	3	3	2
498	755	16	18	2	3	1
499	941	9	10	2	1	2
500	267	10	12	2	4	3
501	103	10	13	3	4	3
502	214	9	12	3	2	1
503	743	16	17	3	3	2
504	584	6	9	3	1	1
505	850	5	8	1	1	1
506	683	2	4	1	4	1
507	899	12	13	2	3	1
508	356	12	13	1	1	2
509	160	15	16	2	3	2
510	178	4	7	2	2	2
511	913	10	13	2	3	3
512	502	6	8	1	1	2
513	925	17	19	1	3	1
514	327	4	5	1	3	2
515	887	4	7	1	4	1
516	620	15	18	1	1	1
517	161	12	13	2	3	2
518	307	13	14	2	1	2
519	583	8	11	3	4	3
520	795	12	14	1	1	2
521	56	10	12	3	3	2
522	680	9	12	1	1	1
523	531	9	12	3	2	2
524	387	3	4	3	1	1
525	852	10	11	2	3	3
526	426	10	12	1	4	1
527	442	2	5	2	2	1
528	311	13	16	2	1	2
529	250	3	5	3	4	3
530	326	16	19	1	1	2
531	499	5	7	1	3	1
532	540	1	3	2	2	1
533	792	6	9	1	2	1
534	624	8	9	2	1	3
535	269	10	12	3	1	1
536	516	8	9	1	1	3
537	72	6	8	2	4	1
538	861	1	2	2	2	1
539	930	6	9	3	1	3
540	855	12	13	1	1	3
541	401	15	18	2	3	3
542	195	6	8	3	3	1
543	642	4	7	1	3	1
544	317	14	17	1	2	1
545	208	3	6	1	4	3
546	142	11	13	1	3	2
547	164	3	5	2	2	2
548	278	14	15	3	3	2
549	663	5	8	2	1	3
550	155	12	15	1	1	2
551	738	12	14	1	1	3
552	341	12	13	3	3	3
553	628	7	9	2	4	1
554	365	12	14	1	2	2
555	49	10	12	1	2	2
556	418	10	11	3	4	3
557	906	8	11	3	2	1
558	212	10	11	2	2	1
559	477	7	10	1	1	1
560	864	12	13	1	3	1
561	750	13	16	2	2	2
562	456	4	7	2	2	2
563	705	10	13	1	1	3
564	321	11	13	3	4	2
565	141	13	16	1	1	3
566	367	9	11	2	2	2
567	576	6	8	1	2	2
568	16	17	19	1	2	2
569	578	8	9	2	1	3
570	203	13	16	3	4	3
571	34	4	7	3	2	1
572	292	9	12	2	4	2
573	235	8	11	3	1	3
574	364	3	6	3	3	3
575	232	12	14	3	3	1
576	836	7	9	2	2	2
577	439	8	11	3	1	2
578	205	7	10	3	3	2
579	109	14	15	1	4	1
580	162	6	7	1	1	2
581	654	5	6	2	2	2
582	832	8	9	2	3	2
583	194	5	8	1	3	3
584	59	14	15	3	4	3
585	727	1	3	1	4	2
586	769	6	7	1	4	2
587	35	11	13	3	3	3
588	589	3	4	1	2	2
589	220	3	6	2	3	2
590	609	13	16	2	4	3
591	744	7	8	1	1	3
592	377	16	17	1	3	2
593	902	7	10	1	1	3
594	803	10	13	3	2	2
595	5	11	13	3	2	1
596	21	7	10	2	2	1
597	215	4	5	3	3	3
598	239	13	15	3	4	2
599	693	8	9	2	4	3
600	48	8	10	1	4	2
601	110	7	8	2	1	1
602	599	5	8	3	3	1
603	659	11	12	3	3	2
604	788	9	11	3	1	2
605	101	7	9	1	2	1
606	837	5	8	2	2	2
607	814	16	17	2	4	3
608	373	17	18	2	1	2
609	154	2	4	3	3	1
610	801	9	11	1	2	2
611	676	5	6	3	1	3
612	27	13	16	3	2	2
613	441	4	7	3	4	3
614	106	14	17	3	1	3
615	389	15	18	1	2	1
616	193	11	13	2	1	1
617	470	4	5	2	4	1
618	949	8	9	2	3	3
619	646	6	8	2	4	3
620	735	3	5	2	2	2
621	790	14	15	1	2	2
622	126	8	9	3	3	2
623	289	1	3	2	2	2
624	631	14	17	3	4	1
625	332	3	5	1	1	1
626	30	13	14	2	3	1
627	282	6	8	1	1	3
628	758	3	4	3	3	2
629	697	4	5	2	4	3
630	840	4	5	2	2	1
631	819	4	7	1	3	2
632	6	9	12	2	2	2
633	230	14	16	2	3	3
634	779	1	3	3	2	2
635	593	2	5	1	1	2
636	60	14	17	3	2	1
637	606	8	10	2	1	3
638	217	10	12	2	2	1
639	768	5	6	3	4	1
640	133	18	19	1	3	1
641	65	9	11	3	3	1
642	312	13	14	2	1	3
643	685	17	19	1	4	2
644	231	5	8	2	4	3
645	772	12	14	1	2	1
646	898	5	7	3	1	1
647	653	2	4	2	4	1
648	524	8	10	1	3	1
649	284	1	2	1	4	3
650	265	2	3	2	1	3
651	94	4	5	1	1	2
652	542	10	12	1	4	1
653	943	8	9	2	3	1
654	775	2	5	3	2	2
655	617	8	9	1	2	1
656	493	8	11	1	4	3
657	741	11	14	3	3	3
658	713	15	16	3	2	1
659	440	12	15	3	4	1
660	770	11	13	1	2	2
661	306	11	12	3	4	3
662	904	2	4	1	2	2
663	829	15	17	2	2	1
664	372	4	6	1	3	1
665	643	2	5	3	1	1
666	435	1	2	2	3	1
667	151	12	13	3	4	3
668	732	17	18	1	3	3
669	613	6	9	2	1	3
670	157	16	19	1	1	1
671	461	3	6	3	3	1
672	88	14	17	3	3	1
673	668	14	17	3	2	2
674	408	3	4	1	1	3
675	47	5	6	1	1	1
676	822	10	11	3	1	1
677	936	1	3	3	4	1
678	507	8	9	1	2	2
679	118	6	9	1	4	3
680	930	5	7	2	3	3
681	627	4	5	3	1	2
682	474	4	7	1	1	3
683	392	6	8	1	2	1
684	131	16	18	2	2	1
685	331	14	15	3	2	2
686	561	16	17	1	4	3
687	484	2	3	3	1	1
688	222	5	6	3	1	2
689	165	3	4	3	1	2
690	198	5	7	2	2	1
691	90	12	15	3	1	2
692	350	1	4	1	3	1
693	862	9	11	3	1	2
694	120	5	7	1	4	3
695	890	14	16	1	4	2
696	316	13	16	1	4	1
697	104	3	5	3	1	3
698	863	1	4	2	3	1
699	674	4	6	1	2	1
700	533	6	7	3	2	1
701	251	9	11	2	1	3
702	5	15	16	1	4	2
703	767	2	4	3	4	2
704	742	8	11	3	4	3
705	675	10	12	2	4	1
706	779	12	14	3	1	3
707	590	7	10	2	3	1
708	423	4	6	2	3	2
709	818	1	2	2	2	2
710	896	14	17	2	3	1
711	296	3	6	1	4	1
712	696	13	16	3	4	2
713	554	1	3	2	1	2
714	317	10	12	2	3	2
715	123	4	5	2	4	1
716	356	6	8	1	4	1
717	391	8	10	2	2	1
718	638	13	14	2	4	1
719	808	16	17	1	2	2
720	257	4	5	1	1	1
721	863	6	9	2	2	1
722	112	13	15	3	2	2
723	492	5	6	3	1	1
724	570	9	10	1	1	1
725	132	6	7	3	2	2
726	237	17	19	1	4	3
727	911	13	16	2	1	2
728	505	1	4	3	2	2
729	528	13	16	2	3	3
730	424	12	15	1	3	2
731	210	6	9	3	4	3
732	922	12	15	3	4	1
733	249	7	8	1	4	3
734	699	13	16	3	4	2
735	294	10	13	2	4	3
736	32	11	12	2	3	1
737	420	13	14	1	1	2
738	601	13	14	1	2	2
739	865	10	12	1	2	1
740	591	11	14	3	1	1
741	650	11	13	2	3	2
742	633	12	13	2	4	1
743	448	5	7	3	1	3
744	264	1	3	2	4	1
745	946	15	18	2	4	1
746	22	7	8	3	2	1
747	782	16	18	2	3	3
748	300	6	8	3	3	3
749	185	3	5	3	3	2
750	146	16	18	2	4	3
751	263	1	3	2	3	2
752	500	7	8	3	1	3
753	159	15	17	3	2	1
754	604	10	12	3	3	3
755	811	7	8	1	3	3
756	68	14	15	3	1	2
757	411	7	8	3	2	1
758	478	6	9	2	4	3
759	406	15	17	1	4	3
760	342	4	7	2	2	1
761	695	4	6	2	3	1
762	305	1	3	3	4	2
763	385	16	19	1	1	1
764	302	2	5	3	4	3
765	283	1	3	2	4	2
766	163	2	5	3	2	2
767	337	11	12	2	1	3
768	900	2	3	3	1	3
769	310	12	15	2	3	1
770	52	18	19	1	2	1
771	355	13	16	2	2	2
772	757	5	7	3	1	1
773	97	12	13	3	4	2
774	127	12	14	1	4	3
775	574	2	5	1	3	1
776	202	15	18	1	2	2
777	843	10	13	3	1	1
778	932	2	4	2	3	3
779	802	14	16	1	4	2
780	759	12	14	2	1	2
781	647	8	10	2	1	1
782	821	5	6	1	1	2
783	318	11	12	1	3	3
784	564	3	5	2	4	1
785	258	2	4	1	4	1
786	783	1	3	2	4	2
787	287	10	11	1	3	1
788	868	8	9	1	4	1
789	611	3	5	2	1	2
790	657	4	7	1	3	3
791	569	8	10	3	4	2
792	50	5	8	2	1	1
793	199	9	11	1	1	3
794	138	2	3	3	2	1
795	576	12	13	2	2	2
796	912	7	10	3	4	3
797	272	5	7	3	3	3
798	698	17	18	2	4	3
799	688	5	8	3	1	1
800	145	5	6	1	3	2
801	700	9	10	2	2	2
802	537	15	16	1	3	1
803	84	9	11	3	3	2
804	304	9	11	1	3	2
805	873	1	3	1	4	2
806	901	2	3	1	3	3
807	344	2	3	3	1	3
808	655	3	5	2	1	2
809	610	7	9	3	1	3
810	748	2	4	3	1	1
811	170	7	8	3	4	1
812	874	17	19	1	3	3
813	54	4	7	3	1	3
814	184	17	19	1	4	3
815	588	3	6	1	1	2
816	798	6	8	1	2	1
817	556	2	5	1	2	1
818	780	14	15	1	1	1
819	30	11	12	3	4	1
820	99	5	6	3	3	3
821	301	13	15	1	3	3
822	451	8	10	3	4	1
823	823	7	8	1	4	2
824	789	13	14	2	1	1
825	2	2	4	1	1	3
826	501	13	15	3	3	3
827	245	9	11	1	4	2
828	846	3	5	3	2	2
829	61	11	13	2	4	1
830	777	8	11	3	2	1
831	747	15	16	1	1	1
832	871	13	14	1	2	1
833	667	11	14	3	2	2
834	684	12	15	2	2	1
835	637	12	15	3	1	3
836	382	9	10	3	2	1
837	644	6	9	3	1	2
838	388	15	17	3	1	2
839	139	16	18	1	4	1
840	135	15	17	1	2	1
841	39	9	10	2	1	3
842	553	11	13	1	2	1
843	548	6	9	1	2	2
844	872	1	3	2	1	1
845	928	9	11	1	3	3
846	586	9	10	3	1	3
847	753	14	15	1	3	1
848	629	10	13	3	4	2
849	869	8	10	2	2	2
850	848	6	9	3	3	2
851	288	11	13	3	1	3
852	625	17	19	1	1	2
853	816	9	11	1	1	1
854	712	14	17	1	4	1
855	682	11	14	3	2	1
856	333	11	13	2	4	2
857	709	11	13	3	3	1
858	349	15	17	1	1	2
859	57	16	17	3	2	2
860	796	10	13	2	2	1
861	881	4	7	2	1	2
862	880	7	8	1	3	1
863	813	2	4	2	1	1
864	335	10	11	1	4	1
865	361	14	17	3	2	2
866	129	14	16	3	2	2
867	734	16	18	1	2	2
868	545	3	5	2	4	3
869	256	6	8	3	4	3
870	226	15	16	3	3	2
871	724	2	5	3	1	2
872	421	9	11	3	3	1
873	567	5	7	1	4	1
874	475	3	6	2	1	1
875	939	5	8	3	3	3
876	82	15	16	2	1	2
877	841	7	8	1	2	1
878	824	6	9	1	2	1
879	559	6	7	3	4	1
880	152	3	6	2	2	1
881	445	9	11	3	1	1
882	225	5	8	1	2	2
883	664	12	14	2	3	3
884	227	8	9	2	1	3
885	167	1	4	3	1	2
886	733	2	5	1	4	1
887	819	14	17	1	3	2
888	338	2	4	3	2	2
889	144	14	16	3	2	1
890	31	2	3	2	4	3
891	259	1	4	1	2	2
892	434	3	5	1	1	2
893	568	12	14	3	1	1
894	618	5	8	2	4	2
895	190	11	13	3	4	2
896	149	15	18	2	1	3
897	730	13	14	2	1	2
898	536	13	16	3	2	1
899	96	14	15	1	4	1
900	240	11	12	2	3	1
901	607	11	14	2	1	1
902	14	11	14	2	1	1
903	348	16	18	1	1	1
904	538	13	15	1	3	1
905	720	13	15	1	1	3
906	803	1	3	1	3	2
907	435	13	16	2	3	3
908	487	4	6	3	3	1
909	370	4	7	1	2	2
910	223	4	5	1	1	1
911	5	1	3	1	2	2
912	71	4	6	2	1	1
913	807	3	6	1	3	1
914	602	10	11	1	1	3
915	458	13	16	3	4	3
916	238	10	11	2	1	1
917	686	8	9	1	2	2
918	950	6	9	3	1	3
919	717	8	11	3	1	3
920	638	3	4	2	1	3
921	431	16	18	1	1	2
922	838	13	14	2	3	3
923	285	11	14	3	1	3
924	496	6	9	1	4	3
925	128	7	9	2	3	1
926	547	17	19	1	3	1
927	754	7	8	1	1	2
928	746	15	18	2	4	1
929	415	8	10	1	1	1
930	534	6	8	1	3	3
931	414	1	3	2	4	1
932	669	12	14	1	1	3
933	540	4	5	1	4	1
934	158	8	11	1	4	1
935	842	7	9	1	4	3
936	886	16	19	1	4	2
937	218	15	17	3	2	1
938	41	13	15	3	1	2
939	393	2	3	2	1	3
940	468	12	15	3	2	1
941	419	17	18	2	1	3
942	853	11	13	3	1	1
943	33	11	14	3	4	2
944	476	11	13	1	3	3
945	582	7	9	2	1	3
946	877	12	14	1	2	1
947	518	8	10	2	3	1
948	254	17	18	2	1	2
949	826	9	11	3	4	3
950	719	13	14	1	3	2
951	707	2	4	1	4	2
952	405	9	12	2	3	3
953	26	13	16	2	2	2
954	940	4	6	1	2	2
955	108	12	14	1	4	2
956	605	11	13	2	3	3
957	923	9	11	1	3	2
958	763	1	3	1	1	2
959	731	11	14	1	2	2
960	173	12	15	1	1	3
961	888	2	3	2	3	3
962	626	8	10	1	2	1
963	398	2	4	3	1	1
964	679	11	14	3	3	2
965	443	12	13	2	4	2
966	543	15	16	2	2	1
967	921	14	16	3	1	2
968	903	8	10	3	1	2
969	535	2	3	2	3	2
970	722	2	5	3	3	3
971	81	4	6	2	1	3
972	635	12	14	2	1	1
973	673	6	8	1	2	2
974	416	16	18	1	4	3
975	347	6	7	1	3	2
976	100	6	8	2	3	3
977	206	9	11	2	2	1
978	526	7	9	2	2	1
979	232	12	14	3	4	3
980	60	15	17	2	3	3
981	689	7	9	1	3	3
982	479	8	11	2	2	1
983	592	1	2	1	2	1
984	75	6	9	2	1	1
985	176	7	10	2	3	3
986	329	12	13	3	4	3
987	546	6	9	2	2	1
988	93	11	14	3	2	2
989	469	12	15	1	2	2
990	252	2	5	2	2	1
991	186	14	16	2	4	2
992	773	2	3	1	2	1
993	346	4	6	2	1	1
994	665	4	5	3	1	1
995	777	12	15	2	4	2
996	600	9	10	2	4	1
997	428	14	16	1	1	2
998	548	17	18	2	1	2
999	108	5	8	1	1	3
1000	619	15	16	3	3	3

