DATASET = ORTEC-hidden instance set VeRoLog competition
NAME = vehicle days over tools over vehicles over distance with 500 requests over 15 days

DAYS = 15
CAPACITY = 35
MAX_TRIP_DISTANCE = 17000
DEPOT_COORDINATE = 0

VEHICLE_COST = 2000
VEHICLE_DAY_COST = 20000000
DISTANCE_COST = 1

TOOLS = 3
1	12	78	200000
2	9	88	200000
3	15	72	400000

COORDINATES = 493
0	7410	5448
1	7450	6132
2	8808	6153
3	8677	8142
4	7513	6197
5	7376	6202
6	8565	6203
7	7470	6207
8	7597	6221
9	7256	6253
10	7870	6264
11	8725	6298
12	6685	7938
13	7805	6322
14	7324	6371
15	4837	2169
16	6698	6406
17	8424	6471
18	4351	6492
19	8330	6491
20	8050	6505
21	8445	6519
22	4287	6534
23	3529	6537
24	3681	6554
25	7480	6561
26	4127	6603
27	4402	3946
28	4055	6650
29	7699	6674
30	8716	6680
31	4072	6690
32	3567	6727
33	7002	6731
34	7758	6775
35	7688	6780
36	3446	6818
37	8529	6837
38	4010	6896
39	8389	6898
40	4198	6903
41	9657	6925
42	7873	6933
43	7462	6948
44	7598	6267
45	8763	6955
46	8730	6960
47	7724	6983
48	8741	7001
49	4309	7025
50	4590	7032
51	7485	7033
52	8157	7058
53	8801	7069
54	6757	8293
55	3899	7097
56	3506	7127
57	4507	7150
58	8646	7168
59	6903	7177
60	8998	7231
61	7576	7249
62	8798	7261
63	7522	7297
64	6610	316
65	6693	7312
66	6689	7320
67	5406	4327
68	4055	7336
69	3490	7346
70	7829	7363
71	3892	7365
72	8137	7385
73	7965	8356
74	9024	7494
75	6403	7511
76	8615	7524
77	8781	7536
78	7732	7540
79	6088	7556
80	7700	7563
81	5696	7980
82	6314	7571
83	8247	7576
84	9667	7584
85	8609	7590
86	5744	4371
87	7694	7631
88	8374	7715
89	5950	7754
90	5429	7774
91	8429	4405
92	8012	7810
93	8362	7816
94	7408	7823
95	7019	7824
96	5248	7826
97	7162	7830
98	6771	7830
99	8414	7831
100	4172	7856
101	5448	7874
102	8300	7876
103	6993	7883
104	5790	7900
105	7123	7911
106	7313	8064
107	7278	8135
108	5563	8146
109	6126	8158
110	5704	6470
111	5861	8168
112	8904	8171
113	5908	8186
114	7418	6483
115	6443	8262
116	7753	8293
117	7501	8298
118	9977	8302
119	9918	8316
120	5601	8333
121	7722	8360
122	8529	4501
123	6537	8376
124	5600	8401
125	3616	8441
126	6778	8451
127	5729	8460
128	6504	8464
129	7838	8480
130	3868	8482
131	6201	8508
132	6729	8516
133	4681	2523
134	6109	8681
135	6390	8686
136	5727	8697
137	5737	8722
138	5664	8727
139	6433	8755
140	5509	8757
141	5828	8761
142	6494	8764
143	7686	4567
144	5625	8789
145	3836	4572
146	7615	8811
147	5815	8835
148	5589	8842
149	3543	3484
150	6446	8859
151	7607	8889
152	8907	8917
153	8759	8935
154	5571	8957
155	7065	8965
156	7374	8967
157	7865	9079
158	6893	8831
159	8185	9094
160	7875	9104
161	7816	5629
162	7739	5229
163	8185	9296
164	7994	9307
165	8315	6663
166	9193	9353
167	8860	9354
168	8146	9366
169	8624	9374
170	6636	9434
171	7808	9466
172	6592	9468
173	6904	9498
174	7001	9525
175	7264	9553
176	8383	9563
177	9167	9580
178	5045	9642
179	4808	2724
180	6458	2742
181	4078	2758
182	5667	4776
183	5108	2786
184	5972	8278
185	6629	2834
186	2466	2862
187	8770	6891
188	4180	2902
189	6952	6913
190	8837	4887
191	3926	6955
192	7246	4951
193	3828	4976
194	8455	6102
195	9142	7004
196	4196	7026
197	3419	4125
198	7352	4303
199	9268	6161
200	8140	5216
201	6405	119
202	6375	128
203	6681	140
204	5409	3131
205	6831	133
206	5261	4290
207	6003	401
208	4384	4541
209	6096	468
210	8939	7196
211	6533	7197
212	8228	6144
213	3648	5196
214	4154	7206
215	5755	5217
216	6732	770
217	7410	5265
218	8268	5273
219	6956	7284
220	8042	5291
221	6435	1187
222	7399	9323
223	5250	5769
224	7844	9337
225	7111	5337
226	6397	9345
227	6461	3350
228	5603	3361
229	7088	5372
230	6282	1592
231	6486	1602
232	6203	1627
233	6335	1636
234	6994	1670
235	6747	1678
236	7094	1733
237	6461	1741
238	1101	1823
239	6738	2010
240	4428	5445
241	4246	3454
242	83	2099
243	6099	2108
244	5743	2134
245	8328	7471
246	5781	2160
247	4733	2174
248	6086	2179
249	5017	2185
250	6138	2209
251	5227	2237
252	6238	2247
253	1573	2309
254	5113	2317
255	3723	7515
256	4847	2470
257	3267	2497
258	6142	2507
259	2454	2523
260	2593	2525
261	4154	2554
262	4543	3536
263	4889	2584
264	5622	3812
265	4158	2649
266	2902	2656
267	4470	2660
268	8671	7558
269	6128	2713
270	4763	2719
271	6124	2720
272	3391	2737
273	5484	3567
274	549	2772
275	8714	5571
276	5235	2803
277	4940	3575
278	430	2835
279	744	2875
280	4081	2881
281	6540	2892
282	3962	2900
283	6186	2901
284	5975	2906
285	2730	2908
286	4832	2910
287	7040	2914
288	4746	2936
289	6417	2953
290	5714	2956
291	2976	2971
292	981	2992
293	9754	8228
294	6055	3039
295	3870	3052
296	6227	3059
297	2293	3061
298	5001	3093
299	3073	3096
300	6535	3115
301	8196	5629
302	5385	3138
303	6705	3140
304	6495	8634
305	6058	3168
306	6028	3189
307	2846	3271
308	6346	3272
309	3569	3280
310	3699	3308
311	2345	3314
312	2797	3316
313	4206	3336
314	5250	3341
315	4321	3350
316	3599	3357
317	4554	3366
318	5569	3388
319	4550	3436
320	6323	3447
321	3372	3451
322	5344	3460
323	8527	5687
324	4499	3475
325	6001	3502
326	4483	3542
327	4646	3584
328	5983	3622
329	6061	3629
330	5529	3671
331	5987	3689
332	4873	3693
333	4737	3694
334	4731	3706
335	3481	3727
336	5969	3731
337	2974	3783
338	5691	6654
339	6436	3815
340	4463	3829
341	2641	3833
342	4433	3928
343	5937	3970
344	5485	3991
345	2381	4001
346	5072	4010
347	3860	4040
348	3705	4081
349	4082	4098
350	5232	4111
351	8044	4118
352	5277	3796
353	8289	4162
354	7274	6266
355	3688	4172
356	4031	4186
357	4794	4217
358	4132	4221
359	8807	4222
360	7088	4245
361	3294	4283
362	4573	4289
363	6365	4297
364	8335	4319
365	3519	4325
366	3643	4328
367	8478	4335
368	6580	4336
369	4294	4338
370	4681	4368
371	9151	5839
372	4642	4393
373	8607	4407
374	3837	4423
375	4373	4429
376	2414	4432
377	8467	4469
378	4139	4471
379	4198	4489
380	5810	4510
381	5014	3076
382	7510	4536
383	8520	4539
384	5311	4565
385	8611	4616
386	5246	4621
387	2538	4630
388	3262	4650
389	8651	4666
390	5571	4668
391	5010	4672
392	8302	4721
393	7573	4728
394	5125	5897
395	8085	4739
396	3752	4746
397	8199	4746
398	8572	4781
399	3810	4846
400	4226	4848
401	4762	4854
402	4056	4863
403	5863	4894
404	8639	4897
405	7116	4905
406	3944	4906
407	2951	4928
408	3488	4972
409	2600	4973
410	5499	4984
411	3737	5025
412	4447	5028
413	3983	5029
414	5446	5043
415	2956	5046
416	3862	5065
417	4583	5068
418	3842	5070
419	8697	5074
420	8750	5093
421	4114	5099
422	7332	5104
423	8245	5111
424	8743	5120
425	3580	5134
426	5090	5156
427	8217	5183
428	4273	5194
429	4307	5199
430	7930	5200
431	7751	5235
432	8507	5241
433	4045	5259
434	8361	5264
435	8697	5302
436	9352	5306
437	8627	5318
438	8151	5323
439	3092	5335
440	6989	5341
441	7688	5379
442	5671	5394
443	3920	5435
444	8881	5439
445	7842	5440
446	4569	4014
447	8174	5466
448	8507	5502
449	3934	5520
450	3919	5530
451	5601	4033
452	8855	5594
453	8436	5598
454	8092	5604
455	8789	5621
456	8471	5660
457	9425	5698
458	4004	5711
459	7917	5717
460	9025	5725
461	7384	5730
462	8226	5772
463	7674	5818
464	9512	5825
465	8976	5827
466	5441	3519
467	7423	5852
468	7297	5872
469	9077	5876
470	9100	5880
471	8293	5899
472	9343	5905
473	7528	5919
474	4181	4094
475	6957	5524
476	8955	5956
477	9040	5966
478	9216	5998
479	9110	5998
480	9592	6000
481	9616	6000
482	9439	6032
483	8561	6032
484	4148	6043
485	8350	6063
486	9178	6073
487	5293	6081
488	5919	6090
489	7656	6109
490	8644	6115
491	9467	6118
492	8343	6126

REQUESTS = 500
1	377	5	8	1	3	1
2	273	3	6	3	2	2
3	250	4	7	1	2	3
4	8	2	3	3	1	1
5	220	1	4	2	2	3
6	468	6	7	3	3	1
7	180	8	10	1	3	1
8	321	2	5	2	3	1
9	38	6	8	1	2	2
10	461	5	8	3	3	1
11	231	5	6	2	3	2
12	84	9	10	3	3	1
13	163	8	10	3	1	2
14	474	6	9	3	3	2
15	399	8	10	1	1	2
16	18	9	12	2	3	1
17	422	5	7	3	2	2
18	322	5	8	3	3	1
19	372	6	7	2	3	1
20	56	2	5	3	2	2
21	405	1	3	3	2	3
22	107	8	10	3	2	1
23	223	11	14	1	1	2
24	204	3	6	2	2	2
25	394	9	10	1	1	2
26	429	7	9	3	2	2
27	237	12	13	1	3	2
28	13	8	10	3	3	2
29	278	2	5	3	2	3
30	421	6	8	3	2	1
31	124	5	7	3	2	3
32	387	8	9	3	1	2
33	68	10	11	2	2	1
34	70	9	11	2	1	1
35	345	1	4	2	2	2
36	373	3	6	2	3	1
37	31	9	11	1	1	2
38	385	7	9	3	1	2
39	33	8	11	3	1	2
40	439	2	4	3	3	2
41	459	1	2	2	1	2
42	259	12	14	1	3	1
43	379	1	4	3	2	2
44	359	8	9	2	3	2
45	253	9	12	2	1	1
46	153	2	3	1	1	2
47	171	7	8	3	2	1
48	166	3	5	3	2	3
49	318	3	6	2	1	2
50	490	2	5	1	3	2
51	117	4	5	1	3	2
52	383	1	3	1	3	1
53	492	2	4	3	1	1
54	100	3	6	1	1	2
55	291	9	11	1	3	2
56	314	9	10	3	1	2
57	106	6	9	2	1	1
58	118	5	7	3	3	1
59	417	9	10	3	3	2
60	145	10	13	1	1	2
61	120	6	9	3	1	2
62	436	7	9	2	3	1
63	488	5	6	1	3	1
64	69	7	9	1	1	1
65	418	9	11	1	2	3
66	17	2	4	3	1	1
67	1	6	9	2	1	1
68	113	5	8	3	3	2
69	483	12	13	2	3	1
70	312	8	11	2	1	2
71	326	11	12	1	1	2
72	157	6	9	1	1	2
73	438	6	7	3	3	1
74	289	5	6	3	3	1
75	249	11	14	1	1	2
76	374	3	6	3	3	1
77	130	6	8	2	1	2
78	330	5	8	1	3	1
79	54	5	8	1	3	2
80	89	9	10	2	1	2
81	24	6	9	2	2	2
82	437	6	9	1	1	1
83	9	9	11	2	1	1
84	334	4	6	3	3	1
85	336	2	5	2	1	1
86	80	12	14	1	3	1
87	135	8	11	2	3	2
88	381	1	3	1	1	2
89	104	5	7	3	1	2
90	102	6	9	2	1	1
91	99	8	11	3	3	2
92	293	4	5	2	3	1
93	258	8	11	3	3	1
94	441	1	2	3	2	1
95	77	8	11	2	1	1
96	193	8	9	2	2	2
97	45	1	4	1	1	2
98	328	5	8	3	2	1
99	123	8	11	1	2	2
100	125	1	4	3	2	2
101	300	8	9	2	1	2
102	40	8	9	1	1	1
103	450	3	6	1	2	2
104	92	1	2	3	1	2
105	27	6	7	2	3	2
106	440	11	13	2	3	2
107	463	3	4	1	3	1
108	108	9	10	3	1	1
109	181	9	12	2	1	1
110	19	6	9	2	2	2
111	263	5	7	2	2	2
112	265	7	10	3	2	3
113	115	5	6	1	2	2
114	139	8	11	2	3	1
115	413	8	11	3	1	2
116	142	1	4	1	1	2
117	462	2	4	3	3	2
118	346	8	11	3	3	1
119	230	3	6	1	3	2
120	156	2	5	3	1	2
121	287	5	6	3	2	2
122	239	12	13	1	3	2
123	32	11	13	2	2	1
124	297	2	4	2	3	2
125	205	5	8	2	1	1
126	454	3	6	1	3	1
127	323	5	8	1	3	2
128	172	4	6	1	3	2
129	365	12	14	1	2	2
130	333	9	11	3	1	2
131	140	10	11	3	2	1
132	369	7	10	1	2	2
133	271	9	10	1	1	1
134	167	10	11	3	1	2
135	325	13	14	1	1	1
136	430	9	11	2	1	2
137	424	4	6	2	1	2
138	400	2	5	2	3	1
139	147	4	6	3	3	1
140	342	5	8	2	2	1
141	128	2	4	2	1	2
142	132	5	7	1	3	1
143	484	9	11	3	1	2
144	72	8	11	1	3	2
145	150	6	9	3	3	2
146	48	9	11	3	1	2
147	363	9	10	3	1	1
148	7	1	2	3	1	2
149	173	8	10	2	2	3
150	411	9	10	1	3	1
151	260	3	6	1	1	2
152	473	10	11	3	3	1
153	184	10	12	2	1	1
154	119	10	12	3	2	2
155	215	2	3	3	3	1
156	281	4	7	2	3	1
157	129	3	4	2	3	2
158	254	10	13	2	3	2
159	290	1	3	1	1	1
160	197	9	11	3	1	2
161	116	9	11	2	2	1
162	471	12	13	1	3	1
163	247	11	12	3	2	1
164	465	6	8	3	3	2
165	217	4	6	1	1	1
166	46	11	12	3	3	1
167	416	4	5	3	2	2
168	348	9	10	3	3	1
169	486	10	13	2	1	1
170	398	11	13	1	2	2
171	241	3	5	3	3	1
172	224	4	5	3	3	1
173	272	2	3	2	1	2
174	467	2	5	2	1	2
175	257	3	4	3	1	2
176	35	9	10	3	1	2
177	245	3	4	3	3	2
178	309	10	11	3	1	2
179	361	1	4	3	3	2
180	63	7	9	3	2	1
181	121	3	4	2	2	3
182	211	1	3	2	2	3
183	446	4	5	1	1	1
184	59	9	12	3	3	1
185	240	1	3	1	2	3
186	419	4	6	2	2	3
187	448	1	4	3	3	1
188	90	8	9	3	2	1
189	447	12	14	1	2	2
190	423	8	11	2	2	3
191	331	9	11	3	2	1
192	136	6	9	2	3	1
193	306	12	14	1	1	2
194	425	3	5	1	3	2
195	432	3	5	1	1	2
196	472	12	13	2	3	1
197	407	2	5	1	1	1
198	105	9	12	1	3	2
199	177	9	11	3	3	1
200	469	9	10	3	1	1
201	412	12	13	1	1	1
202	388	8	9	3	2	1
203	408	5	7	3	2	3
204	182	8	11	2	2	3
205	428	1	3	1	1	1
206	302	10	13	2	2	2
207	16	9	12	2	1	1
208	227	11	13	1	1	1
209	148	2	3	3	1	2
210	341	2	3	1	1	2
211	433	6	8	2	1	1
212	397	1	3	3	2	3
213	482	5	7	1	2	2
214	64	5	7	1	1	2
215	30	10	12	1	1	1
216	362	10	11	2	1	1
217	75	9	10	3	3	1
218	143	3	6	1	2	2
219	62	4	7	3	3	1
220	192	9	12	3	1	1
221	162	4	5	1	1	1
222	350	5	8	1	2	3
223	34	8	11	1	2	1
224	214	2	5	2	1	2
225	109	5	8	3	1	1
226	198	4	6	3	1	1
227	294	8	10	3	2	2
228	212	2	5	3	3	1
229	384	3	4	2	3	2
230	95	12	13	1	2	2
231	61	10	11	1	2	3
232	52	10	11	3	3	2
233	366	6	7	3	3	2
234	479	1	3	3	1	2
235	39	3	6	2	1	2
236	355	3	4	2	2	3
237	391	6	9	1	1	2
238	218	10	12	2	1	1
239	390	12	13	1	2	1
240	270	1	2	3	2	2
241	137	2	3	1	2	1
242	133	6	9	1	2	2
243	426	1	2	2	2	3
244	55	3	4	1	1	2
245	225	1	2	3	1	1
246	304	10	12	3	1	1
247	339	7	10	2	2	3
248	427	4	6	3	2	3
249	85	7	8	1	2	3
250	256	5	8	3	3	2
251	337	5	7	1	3	1
252	313	7	9	3	3	1
253	491	2	4	3	3	2
254	49	10	13	2	2	3
255	268	4	7	2	1	1
256	170	8	10	2	2	3
257	174	2	3	2	3	1
258	402	3	4	1	3	2
259	442	10	11	3	1	2
260	71	1	4	3	1	2
261	455	2	4	1	3	2
262	375	4	5	1	1	2
263	262	7	10	3	1	1
264	347	5	6	3	3	1
265	266	11	13	2	3	1
266	22	7	8	2	3	1
267	76	7	9	3	2	3
268	149	5	7	1	1	1
269	317	10	13	2	1	1
270	301	5	6	3	1	1
271	370	1	2	2	1	2
272	476	13	14	1	2	3
273	10	7	10	3	2	3
274	232	9	11	3	2	3
275	213	6	8	1	2	3
276	200	10	13	2	1	1
277	320	9	12	1	2	2
278	480	3	4	2	1	2
279	445	5	8	3	2	3
280	401	3	5	3	2	1
281	316	9	12	1	1	2
282	435	5	8	1	1	1
283	111	2	5	1	1	1
284	344	9	10	3	2	2
285	114	11	14	1	3	1
286	152	2	4	3	3	1
287	251	6	7	1	2	2
288	41	6	7	1	3	2
289	403	5	6	3	3	2
290	144	4	7	1	2	3
291	138	6	9	1	3	2
292	228	5	7	2	2	3
293	364	8	9	3	2	2
294	159	8	9	3	3	2
295	389	6	8	2	1	2
296	282	11	12	3	2	1
297	415	3	6	2	1	2
298	267	1	4	3	1	1
299	226	8	10	3	2	2
300	60	4	5	3	1	1
301	295	2	4	3	2	2
302	356	5	8	1	3	2
303	175	12	13	1	3	2
304	380	8	10	2	1	1
305	191	2	4	1	1	2
306	28	11	13	1	2	3
307	189	6	9	1	1	1
308	126	5	7	2	3	2
309	87	6	7	1	1	2
310	457	2	5	3	2	1
311	343	5	8	3	1	1
312	246	4	5	1	1	1
313	285	1	2	3	1	1
314	201	9	12	2	2	1
315	393	5	7	2	1	2
316	93	10	13	1	1	2
317	255	2	5	2	3	1
318	243	3	4	1	3	1
319	315	3	4	2	3	1
320	12	4	6	1	2	3
321	158	3	4	3	1	2
322	203	7	8	1	3	1
323	181	4	6	1	1	1
324	487	3	5	2	3	1
325	303	8	11	3	1	2
326	94	1	4	2	1	1
327	229	8	10	1	2	3
328	25	6	9	1	3	2
329	73	9	11	3	1	2
330	382	11	12	1	1	1
331	451	11	13	2	2	2
332	179	3	6	2	3	1
333	169	3	4	1	2	2
334	122	5	6	1	2	3
335	305	1	4	2	3	2
336	324	5	7	2	3	1
337	161	3	4	1	1	1
338	164	12	13	2	3	1
339	202	5	8	3	2	2
340	340	5	7	1	1	1
341	386	9	11	2	1	2
342	190	4	5	3	1	2
343	329	2	5	3	1	1
344	209	1	4	3	3	2
345	82	9	12	2	1	2
346	187	2	5	2	3	2
347	65	1	3	3	3	1
348	477	3	6	1	2	1
349	470	5	6	3	1	1
350	414	8	9	1	2	3
351	14	10	13	2	2	1
352	338	8	9	2	3	1
353	292	6	8	2	2	1
354	288	8	11	3	1	2
355	367	9	11	3	3	2
356	360	5	6	1	1	2
357	276	2	4	1	2	2
358	279	1	4	1	3	1
359	176	9	12	3	3	1
360	47	9	12	2	2	3
361	53	5	8	2	2	3
362	216	1	4	2	3	2
363	78	10	13	2	3	2
364	404	5	8	2	2	1
365	274	12	13	1	3	1
366	353	3	5	1	2	2
367	420	5	8	3	3	1
368	327	9	12	1	3	1
369	358	3	4	2	2	1
370	236	4	7	1	1	1
371	311	1	2	2	3	2
372	110	6	7	3	3	2
373	475	2	4	2	1	2
374	395	3	5	1	1	2
375	141	1	4	2	1	1
376	310	6	7	3	3	1
377	210	12	13	2	3	2
378	194	8	10	1	3	1
379	97	8	11	1	3	2
380	332	7	9	2	1	2
381	127	6	7	2	1	2
382	188	10	12	2	1	2
383	79	4	7	2	1	2
384	74	9	11	1	1	1
385	4	5	7	2	2	3
386	434	2	5	2	2	2
387	335	3	6	3	3	1
388	452	6	7	3	3	1
389	178	10	12	3	1	1
390	308	8	9	2	2	1
391	50	8	10	1	3	2
392	131	8	11	2	2	1
393	319	2	3	1	2	1
394	199	3	5	2	1	1
395	21	9	11	1	1	2
396	219	7	9	1	3	1
397	21	5	7	2	3	1
398	449	4	5	3	1	2
399	376	2	5	2	2	3
400	44	2	4	3	1	2
401	248	4	7	1	1	1
402	168	10	13	2	1	2
403	86	7	9	2	1	1
404	406	9	10	2	3	1
405	238	5	7	1	1	1
406	349	8	10	1	1	2
407	206	1	3	3	3	2
408	264	7	10	3	2	2
409	42	3	4	3	1	1
410	101	1	3	3	1	2
411	235	8	9	2	3	2
412	357	3	4	1	2	1
413	196	3	5	1	3	2
414	134	5	8	1	3	1
415	168	10	12	2	2	1
416	164	5	8	3	3	2
417	146	1	4	1	3	2
418	58	4	5	3	1	1
419	453	4	5	1	3	1
420	431	9	11	1	2	1
421	43	4	5	2	3	1
422	261	8	9	2	1	2
423	88	2	5	3	1	1
424	183	10	11	1	3	2
425	378	11	12	3	1	2
426	98	7	9	2	2	1
427	195	1	4	1	1	2
428	286	4	5	3	2	2
429	91	12	13	2	2	2
430	460	5	8	1	3	1
431	6	9	12	1	3	1
432	23	6	7	1	2	1
433	83	1	3	3	1	1
434	277	1	2	3	2	2
435	81	10	13	2	1	1
436	458	5	7	2	1	2
437	103	3	5	1	3	1
438	234	1	4	2	1	1
439	151	8	9	2	3	2
440	165	3	6	1	2	2
441	485	3	6	2	3	1
442	154	9	10	1	1	1
443	207	5	8	2	1	1
444	430	4	6	1	1	1
445	3	2	3	3	3	1
446	57	9	12	2	1	2
447	352	3	6	3	3	2
448	155	10	11	3	3	1
449	444	7	9	3	3	1
450	20	6	9	2	3	1
451	37	4	6	2	2	1
452	233	11	12	2	2	1
453	222	8	11	1	1	2
454	354	11	13	1	3	1
455	186	12	13	2	1	1
456	66	1	3	1	2	3
457	36	10	11	1	1	2
458	409	9	11	3	2	3
459	67	9	11	2	3	2
460	252	6	9	2	3	2
461	371	9	12	2	2	1
462	160	12	13	1	2	2
463	284	5	8	3	1	2
464	121	6	7	2	1	2
465	2	10	13	1	1	1
466	283	4	5	3	1	1
467	185	7	10	1	1	2
468	298	10	11	1	1	1
469	269	8	11	1	2	3
470	5	4	7	3	3	1
471	51	8	11	3	2	3
472	296	3	6	2	2	1
473	443	3	4	3	2	1
474	221	5	8	3	1	1
475	368	1	3	2	2	2
476	481	2	4	3	2	3
477	242	1	3	3	3	2
478	299	11	12	1	1	2
479	98	2	5	1	1	2
480	11	4	5	1	3	2
481	396	10	12	3	3	2
482	489	6	8	3	3	2
483	456	9	11	3	3	2
484	244	2	4	3	3	1
485	410	3	5	3	3	1
486	112	12	13	2	1	1
487	208	11	13	2	3	2
488	275	7	8	2	1	2
489	464	3	5	2	3	1
490	26	5	6	2	3	2
491	351	4	5	1	2	1
492	358	9	12	1	2	3
493	29	3	6	3	3	1
494	392	10	13	1	3	1
495	15	1	2	2	3	1
496	96	2	5	3	1	2
497	280	9	11	3	3	2
498	466	9	12	1	2	2
499	307	11	12	3	1	2
500	478	4	6	1	1	1

