DATASET = ORTEC-hidden instance set VeRoLog competition
NAME = vehicles over tools over vehicle days over distance with 1500 requests over 30 days

DAYS = 30
CAPACITY = 45
MAX_TRIP_DISTANCE = 20000
DEPOT_COORDINATE = 0

VEHICLE_COST = 10000000
VEHICLE_DAY_COST = 5000
DISTANCE_COST = 1

TOOLS = 2
1	3	170	200000
2	9	166	300000

COORDINATES = 1374
0	7688	8161
1	9492	6138
2	8728	6138
3	6617	7532
4	5701	6147
5	8836	6150
6	4347	6152
7	9361	6153
8	7392	6161
9	7606	6164
10	7802	6168
11	3666	6175
12	8922	6183
13	5472	6193
14	8711	6210
15	7597	6221
16	7750	6226
17	7726	6228
18	8957	6233
19	9491	6245
20	8853	6246
21	8153	6153
22	8275	6267
23	6304	6279
24	7323	6284
25	4030	6288
26	7700	6290
27	8725	6298
28	3475	6309
29	8183	6309
30	8247	6309
31	3925	6319
32	5985	6320
33	7465	6331
34	4058	6337
35	7737	6338
36	7539	6344
37	3985	6351
38	4271	6357
39	8000	6168
40	7324	6371
41	7651	6376
42	7491	6386
43	3548	6393
44	3823	6398
45	7514	6409
46	8647	6413
47	1452	2175
48	7399	6437
49	8590	6455
50	4437	6459
51	8567	6467
52	7538	6188
53	8358	6475
54	4382	6485
55	3845	6487
56	8080	6500
57	8050	6505
58	6020	2188
59	8445	6519
60	7298	6526
61	3351	6528
62	6311	2191
63	3529	6537
64	8687	6544
65	5076	4197
66	8557	6548
67	8160	6550
68	8680	6552
69	7024	8205
70	4220	6559
71	7423	6562
72	8668	6562
73	7954	6566
74	7994	6596
75	7893	6598
76	5939	8213
77	7641	6607
78	8495	6624
79	3341	6625
80	7055	6633
81	8616	6645
82	7030	6653
83	3650	6656
84	4190	6670
85	8051	6671
86	8803	6673
87	7282	6675
88	7880	6677
89	7817	6678
90	7770	6681
91	4236	6223
92	8004	6696
93	8668	6702
94	4235	4223
95	4129	6713
96	4534	4226
97	7978	6724
98	3567	6727
99	3680	6730
100	8743	6734
101	7784	6743
102	6599	6754
103	8712	6784
104	8598	6808
105	3917	6819
106	8581	6835
107	8661	6836
108	7129	6837
109	8680	6841
110	8307	6843
111	3492	6847
112	4140	6859
113	4663	6866
114	3787	6868
115	8069	6870
116	3441	6871
117	8243	6874
118	7749	6876
119	3399	6879
120	6932	6883
121	8522	6885
122	8352	6887
123	3987	6892
124	8188	6923
125	9657	6925
126	9658	6930
127	3930	6931
128	8238	6939
129	7452	6940
130	8490	6946
131	7478	6951
132	4126	4574
133	8023	6961
134	9024	6963
135	7881	6965
136	7372	6969
137	4207	6974
138	4064	6977
139	8412	6979
140	8426	6993
141	9177	6997
142	7185	7000
143	3940	7006
144	9168	7020
145	6925	7034
146	7513	7034
147	7839	7037
148	9362	7055
149	6274	7060
150	4319	4284
151	5985	7070
152	4012	7073
153	3466	7079
154	6793	7082
155	7747	7100
156	7938	7101
157	7153	7116
158	6879	8302
159	6657	7149
160	7790	7152
161	7531	7155
162	8750	7156
163	8916	7159
164	5891	7163
165	7292	7163
166	6733	7175
167	7121	7183
168	5029	3164
169	6502	4304
170	7249	7200
171	7241	7206
172	7101	8315
173	7424	7221
174	3368	7227
175	4097	7228
176	4147	7233
177	7766	7241
178	3345	7245
179	8108	4313
180	8329	7268
181	4042	7271
182	3527	7281
183	5851	7285
184	4023	7294
185	8772	7298
186	7667	7301
187	3945	7304
188	3808	7307
189	3471	7313
190	6909	7317
191	7448	7317
192	7793	7324
193	4062	7325
194	6622	7329
195	7400	7331
196	4965	4328
197	4521	7332
198	9425	7345
199	7516	7358
200	7174	7362
201	8742	7367
202	7280	7376
203	7742	7378
204	3509	7381
205	8268	7391
206	8960	7392
207	7245	7402
208	8895	5974
209	3841	7443
210	3547	7448
211	7309	7458
212	6565	7461
213	3923	7467
214	8979	7472
215	8652	7474
216	6469	7481
217	3645	7488
218	6799	7516
219	7781	7518
220	3775	7520
221	7710	7532
222	8260	7541
223	7099	7553
224	8056	8372
225	8547	7571
226	7836	8376
227	8641	4370
228	4386	7590
229	7497	7597
230	7913	7601
231	7296	7609
232	6389	7609
233	7734	7611
234	7905	7615
235	3797	4780
236	7529	7621
237	6569	7641
238	2500	4380
239	8470	7647
240	7716	7647
241	8699	7670
242	6417	7583
243	5611	7683
244	6823	7694
245	7525	7701
246	8544	7705
247	5292	7716
248	4161	7720
249	7043	4392
250	8559	7736
251	8167	7751
252	8167	7755
253	5348	7763
254	7526	7774
255	3922	4402
256	6652	6406
257	7088	7791
258	8429	4405
259	8277	7806
260	5641	7808
261	5900	7822
262	6213	7853
263	8403	7862
264	6928	7862
265	8706	7868
266	8811	7898
267	5790	7900
268	6783	7913
269	6875	7921
270	6800	7923
271	9879	7932
272	4235	7943
273	6647	7949
274	7142	7958
275	4328	7959
276	6965	7960
277	5334	7965
278	7477	7966
279	6695	7969
280	5364	7980
281	6271	7981
282	5995	7984
283	8602	7990
284	5335	7996
285	8654	7998
286	6624	8005
287	8582	8013
288	5427	8024
289	5448	8042
290	6948	8048
291	5971	8052
292	6120	8058
293	8634	8062
294	6370	8066
295	9339	8072
296	7075	8078
297	7932	8461
298	5866	7998
299	4498	5196
300	7429	8108
301	6539	8109
302	7228	8111
303	7128	8116
304	5562	8126
305	7278	8135
306	6022	8135
307	3619	4463
308	6436	8144
309	5896	8147
310	5850	8149
311	6023	3996
312	8949	8151
313	5861	8168
314	4093	4469
315	8097	5142
316	7054	8193
317	7294	8201
318	7301	8204
319	6406	8207
320	6847	8210
321	5985	8215
322	8979	8228
323	6615	8231
324	9379	6000
325	4170	4479
326	6102	8261
327	6500	8276
328	7643	8492
329	5405	8282
330	7576	8293
331	7327	8294
332	5361	8302
333	5391	8312
334	7087	8313
335	7930	8405
336	5788	8324
337	7006	8326
338	5601	8333
339	6879	8342
340	7694	8344
341	9951	8345
342	2549	4498
343	9351	8361
344	7696	8506
345	6310	8397
346	8118	4505
347	3578	8402
348	7756	8405
349	8841	8408
350	7459	8412
351	9303	8414
352	6653	8415
353	5580	8416
354	7302	8419
355	7578	8420
356	5646	8426
357	8025	8443
358	6089	8455
359	6384	8467
360	7396	8471
361	5884	8471
362	6748	8525
363	5985	8479
364	3868	8482
365	7697	4519
366	6018	8485
367	6269	8490
368	7581	8498
369	5873	8508
370	8271	8512
371	3684	8516
372	7834	8517
373	7092	8522
374	6874	8534
375	9552	8539
376	5572	8542
377	7210	8551
378	6141	8557
379	5571	8559
380	5669	8565
381	8528	8566
382	6332	8568
383	3948	8575
384	7376	8577
385	7761	8578
386	5809	8591
387	6296	8596
388	4575	4539
389	9269	8599
390	5527	8548
391	5591	8615
392	7489	8628
393	5651	8631
394	3770	8634
395	7922	8638
396	8266	8643
397	6305	8653
398	7520	8657
399	9086	6015
400	6937	8678
401	8273	8681
402	5841	8682
403	6173	8685
404	6205	8694
405	7540	8738
406	8984	8738
407	6378	8739
408	5612	8743
409	5683	8747
410	5404	8752
411	5437	8754
412	6211	8759
413	5876	8760
414	7764	8763
415	7360	8765
416	4097	4567
417	8930	6018
418	7480	8774
419	5415	8784
420	6967	8801
421	7723	8802
422	8020	8806
423	5815	8835
424	5861	8851
425	6941	8852
426	7739	8872
427	7669	8895
428	7080	8895
429	9854	8897
430	7531	8901
431	4584	4022
432	5847	8924
433	8753	8949
434	6051	8952
435	7851	8953
436	9336	8963
437	8801	8973
438	7706	8609
439	6788	8985
440	9179	8986
441	7367	8991
442	7240	8993
443	7330	9006
444	7965	9022
445	7453	9023
446	7661	9031
447	3820	4614
448	7360	9056
449	6051	8623
450	8201	9064
451	5694	9067
452	6668	9072
453	8002	9074
454	7492	9078
455	7931	9079
456	5949	9081
457	6458	9092
458	7675	9095
459	9670	9100
460	6008	9111
461	6860	9116
462	6890	9127
463	7508	9132
464	7675	9136
465	8123	8635
466	6550	9141
467	8749	9144
468	5966	9163
469	8586	9168
470	9737	8641
471	6177	9177
472	6678	9183
473	8778	9183
474	7661	9185
475	4773	2633
476	9315	9198
477	9466	9205
478	7058	2636
479	8625	9230
480	8918	9240
481	5700	8653
482	8967	9242
483	7326	9246
484	9298	5234
485	7212	9250
486	7176	9253
487	7998	9255
488	7468	9256
489	8941	9258
490	8364	9260
491	7994	9274
492	3816	6656
493	7471	9282
494	8683	9283
495	8551	9287
496	8732	9290
497	8272	9304
498	6488	9308
499	6855	9309
500	8814	9312
501	8930	9314
502	8010	9323
503	9006	9326
504	6373	9330
505	8289	9333
506	6389	9338
507	6921	9347
508	6550	9360
509	9347	9362
510	6655	9373
511	9081	9378
512	6420	9382
513	8467	9408
514	6207	9409
515	4059	4678
516	6636	9434
517	9175	9438
518	8491	9461
519	8505	9468
520	8391	9478
521	8213	8694
522	7102	9496
523	7928	9504
524	8219	9514
525	7017	9519
526	9087	9523
527	7665	9535
528	9199	9540
529	8885	9550
530	8136	9552
531	7772	9559
532	8383	9563
533	8407	9581
534	4976	9605
535	7819	9626
536	8793	9658
537	7901	9686
538	8110	4721
539	3467	4734
540	8632	9780
541	8847	9789
542	4752	4751
543	6453	9874
544	3502	2757
545	4078	2758
546	7417	4764
547	9481	8059
548	6951	8774
549	7351	9976
550	4228	4771
551	7127	8862
552	8431	4781
553	5664	4783
554	4218	4596
555	8754	5956
556	8165	6808
557	4256	2805
558	7398	8337
559	4130	5078
560	4730	2844
561	8714	4852
562	2427	2853
563	8354	4859
564	6552	8875
565	7609	4875
566	8746	4905
567	6160	2903
568	8840	4907
569	8837	4887
570	6342	2920
571	6179	2937
572	4065	4945
573	6455	2092
574	9501	7643
575	3027	2894
576	5867	2953
577	4320	6966
578	5844	4968
579	3828	4976
580	5299	4978
581	7932	4980
582	4098	4992
583	9142	7004
584	5499	3003
585	8134	7016
586	7903	6109
587	7960	5021
588	5610	5022
589	4196	7026
590	3559	7029
591	6314	3024
592	6003	8516
593	7066	3319
594	3011	3096
595	8140	5216
596	4528	7106
597	3894	5105
598	5389	5106
599	4676	3104
600	6717	9117
601	3968	5112
602	6677	3113
603	6395	66
604	5431	5123
605	3511	5125
606	7910	7129
607	3966	4530
608	6681	140
609	8718	6132
610	3501	4770
611	7225	7147
612	6262	220
613	4282	5148
614	6539	278
615	6451	319
616	5261	4290
617	8961	9174
618	7187	5168
619	6886	9093
620	6632	3170
621	7048	9184
622	3606	7183
623	6519	435
624	6604	8213
625	8726	5187
626	6860	4543
627	4712	3193
628	7657	6145
629	7910	5202
630	6322	633
631	6460	634
632	5755	5217
633	8334	7228
634	3986	3226
635	7400	5229
636	8271	6151
637	4144	7248
638	3324	3241
639	7202	5248
640	8378	5249
641	7400	5250
642	6120	3262
643	8778	7271
644	9093	5274
645	5236	3273
646	6273	1018
647	3935	5282
648	9413	5284
649	7111	9300
650	8764	6164
651	3519	4164
652	8636	5365
653	7567	7311
654	5798	3304
655	6471	1223
656	7284	9321
657	9049	7332
658	7111	5337
659	8141	5344
660	7065	5347
661	6848	1434
662	6933	1470
663	4207	3355
664	3779	3355
665	8669	5365
666	7648	5371
667	6934	3387
668	7094	1733
669	6840	1753
670	4679	2983
671	6236	1765
672	6238	3401
673	5661	3402
674	6559	1778
675	1501	1785
676	6841	1813
677	1101	1823
678	6947	3386
679	2943	2779
680	5990	1832
681	6211	1833
682	296	1834
683	7737	7419
684	5762	1839
685	6343	3416
686	4053	7427
687	5079	1926
688	5712	1957
689	6357	1965
690	5375	1970
691	6403	1980
692	5166	1982
693	5797	3444
694	6458	2050
695	1909	2058
696	6237	2063
697	5693	2073
698	4634	2093
699	7170	2093
700	6200	2108
701	4627	2114
702	26	2121
703	5060	2126
704	6202	2127
705	5400	2137
706	1548	2169
707	5175	2176
708	8260	5799
709	4835	2190
710	6085	2191
711	6518	2201
712	6296	2204
713	8181	7480
714	8824	5800
715	6382	2244
716	6351	2277
717	4842	2284
718	7845	5491
719	4809	2300
720	6894	2301
721	6403	2302
722	6751	2309
723	5113	2317
724	7296	7005
725	6310	2325
726	4991	2337
727	6418	2339
728	5041	2343
729	5057	2344
730	9359	5502
731	4026	2376
732	4755	2376
733	6030	2422
734	3599	4224
735	6700	2447
736	4847	2470
737	3200	2471
738	1837	2478
739	3267	2497
740	4539	2507
741	6519	7987
742	3932	2542
743	5026	2543
744	3037	2551
745	4154	2554
746	3845	2554
747	6086	3532
748	6003	2570
749	4241	2577
750	2474	2581
751	6939	2603
752	4159	2611
753	2451	2615
754	6706	2616
755	6259	2641
756	2769	2643
757	2902	2656
758	5619	2657
759	6730	2658
760	2881	2659
761	7271	2668
762	3459	2671
763	2657	2691
764	4958	2706
765	892	2707
766	4561	2714
767	6750	2718
768	4428	2718
769	2841	2740
770	3615	2741
771	5666	2753
772	3618	2760
773	3805	2760
774	740	2768
775	4804	2778
776	5723	2779
777	4703	2784
778	6053	2817
779	5836	2819
780	7645	7583
781	4278	2826
782	4673	2836
783	6635	3579
784	2256	2843
785	5349	2843
786	6425	2845
787	2481	2854
788	5420	2863
789	3698	2865
790	4201	2872
791	6072	2877
792	6414	2891
793	6540	2892
794	5991	2895
795	4767	2900
796	2579	2905
797	4005	2911
798	323	2919
799	2039	2920
800	6388	2930
801	6162	2933
802	3421	2943
803	2796	2946
804	5697	2947
805	6404	2948
806	2974	2961
807	2434	2975
808	3946	2977
809	5725	2985
810	6421	2990
811	5140	2996
812	3004	2999
813	5067	3004
814	8507	5611
815	6260	3014
816	2761	3028
817	6917	3028
818	6026	3029
819	5870	3035
820	4139	7619
821	6540	3037
822	6055	3039
823	2286	3057
824	6227	3059
825	5553	3074
826	6079	3083
827	5493	3090
828	5592	3092
829	5001	3093
830	5011	3097
831	6315	3114
832	6793	3116
833	4851	3122
834	3440	3126
835	2786	3134
836	6058	3168
837	3298	3169
838	4874	3174
839	5628	3188
840	1696	3193
841	4283	3199
842	6313	3208
843	5584	3210
844	5693	3215
845	5560	3216
846	6164	3243
847	5219	4634
848	4025	3256
849	5259	3260
850	6080	3261
851	6003	3266
852	5723	3268
853	4834	3271
854	4144	3274
855	4037	3276
856	3569	3280
857	4466	3653
858	2898	3293
859	5151	3309
860	7117	3310
861	3761	3332
862	4192	3332
863	6375	3333
864	2289	3337
865	5250	3341
866	7582	8640
867	1605	3347
868	5673	3347
869	5557	3349
870	5574	3355
871	1397	3361
872	4714	3361
873	5749	3369
874	7283	5670
875	5762	3386
876	7832	5673
877	5869	3390
878	1738	3392
879	6537	3394
880	4855	3400
881	3971	3403
882	4053	3412
883	5217	3414
884	6679	3430
885	5518	3444
886	4049	3454
887	4176	3683
888	6165	3466
889	6355	3469
890	1253	3472
891	4246	3477
892	5488	3480
893	5467	3489
894	6002	3491
895	5632	3509
896	5686	3519
897	5976	3519
898	4834	3531
899	6924	3531
900	3034	3538
901	6187	3538
902	9532	5844
903	8307	7706
904	4670	3569
905	4265	3584
906	5730	7710
907	5481	3587
908	6157	3589
909	4754	3589
910	4267	3596
911	7931	5711
912	6390	3615
913	4267	3616
914	6271	7716
915	5997	3621
916	5983	3622
917	5926	3629
918	6017	3651
919	6385	3652
920	4847	3653
921	6696	3657
922	8338	6012
923	4954	3671
924	4768	3680
925	6822	3689
926	7219	7728
927	4737	3694
928	4245	3710
929	4007	5730
930	5259	3724
931	4238	3726
932	5767	8654
933	6260	3774
934	5194	3780
935	4802	3781
936	4934	3786
937	5383	3792
938	4828	3797
939	4413	3811
940	6745	3822
941	4463	3829
942	1312	3885
943	5432	3887
944	3942	3924
945	2388	3945
946	5474	3955
947	2097	3956
948	5562	3959
949	5402	3962
950	6865	3963
951	6115	3966
952	5444	3972
953	3774	3985
954	5207	3985
955	3916	3988
956	9384	7777
957	6241	3990
958	3709	3991
959	5257	4007
960	6143	4013
961	6743	4014
962	7294	4016
963	6652	4024
964	3440	4033
965	7009	4035
966	3044	3781
967	4281	4049
968	4110	4049
969	3952	4053
970	3768	4056
971	3970	4064
972	3893	4067
973	6952	4071
974	4020	4075
975	3649	4083
976	5954	4083
977	1957	4091
978	3758	4100
979	1855	4101
980	3679	4106
981	5441	4107
982	4656	4110
983	9482	5863
984	7026	6665
985	3945	4135
986	3515	4138
987	8347	4141
988	6330	4144
989	5868	4146
990	4076	4147
991	6853	4160
992	4842	4664
993	8289	4162
994	5217	4168
995	3633	4180
996	8240	4265
997	4031	4186
998	4297	4202
999	4864	4216
1000	7002	4219
1001	5168	4227
1002	3607	4227
1003	3426	4229
1004	8193	4232
1005	8112	4237
1006	8106	4239
1007	7104	4246
1008	8180	4251
1009	4446	4255
1010	4935	4257
1011	4070	4261
1012	3909	4263
1013	6210	4274
1014	6091	4286
1015	8050	4289
1016	4813	4292
1017	5347	7828
1018	8445	4297
1019	8164	4302
1020	3827	4304
1021	8784	5826
1022	6201	4314
1023	8714	4317
1024	8299	4319
1025	7861	5829
1026	4162	4331
1027	4765	4338
1028	4294	4338
1029	3714	4339
1030	5009	4339
1031	3663	4348
1032	3298	4352
1033	8261	4354
1034	4552	4369
1035	7291	4377
1036	4158	4379
1037	4072	4384
1038	6215	4389
1039	7132	4394
1040	4723	4397
1041	4467	4401
1042	8107	4407
1043	8607	4407
1044	7048	7849
1045	7888	4437
1046	9054	4440
1047	8570	4442
1048	3617	4450
1049	7129	4451
1050	2864	4457
1051	8023	4459
1052	8606	4459
1053	4121	4470
1054	8980	4474
1055	7121	4475
1056	5850	4487
1057	8900	4491
1058	8074	4495
1059	3760	4499
1060	8467	4505
1061	4294	4510
1062	2462	4512
1063	2755	4517
1064	8718	5863
1065	5387	4532
1066	7510	4536
1067	5331	4538
1068	2387	4542
1069	7991	4552
1070	4013	4553
1071	7709	4552
1072	8214	4557
1073	5796	4560
1074	5180	4561
1075	5311	4565
1076	7897	4568
1077	4116	4572
1078	7554	4588
1079	8660	4593
1080	8563	4593
1081	4899	4595
1082	5295	4597
1083	7565	4605
1084	7344	4615
1085	4891	4619
1086	3717	4620
1087	4791	4626
1088	8230	6681
1089	8882	5881
1090	8438	4634
1091	7646	4642
1092	7987	4646
1093	8769	4649
1094	8472	4663
1095	5571	4668
1096	8281	4670
1097	8730	4677
1098	5479	4689
1099	4811	4693
1100	8686	5891
1101	8399	4697
1102	4235	4701
1103	7625	4701
1104	3871	4709
1105	4858	4712
1106	7917	5895
1107	6102	7900
1108	4732	4726
1109	8356	4729
1110	5462	4734
1111	3710	4737
1112	4299	4746
1113	8579	4746
1114	8199	4746
1115	7984	4748
1116	8400	4751
1117	7999	4757
1118	7426	4763
1119	4030	4764
1120	8152	4773
1121	4004	4778
1122	8572	4781
1123	4148	4783
1124	7526	4796
1125	5608	4800
1126	8422	4804
1127	7691	4810
1128	3650	4812
1129	5390	4830
1130	8605	4832
1131	7616	4840
1132	8365	4841
1133	7486	4849
1134	3752	4850
1135	4056	4863
1136	4086	4864
1137	8538	4865
1138	3833	4880
1139	3002	4883
1140	8601	4887
1141	3864	4890
1142	5465	4894
1143	3480	4902
1144	8409	4916
1145	7748	4918
1146	5441	4924
1147	7209	4936
1148	8406	4938
1149	8324	4942
1150	5385	4947
1151	8762	4951
1152	4110	4953
1153	5405	4955
1154	3488	4972
1155	3622	4974
1156	3663	4984
1157	8758	4985
1158	8566	4987
1159	3413	4994
1160	3764	4995
1161	3053	5000
1162	8418	5007
1163	8107	5010
1164	9001	5010
1165	8654	5011
1166	3464	5015
1167	8203	5017
1168	5878	5044
1169	8120	5057
1170	8082	5064
1171	8331	5067
1172	8600	5073
1173	3979	5076
1174	3047	5078
1175	8236	5079
1176	3239	5080
1177	7301	5096
1178	4114	5099
1179	8483	5106
1180	8157	5111
1181	2730	5115
1182	8743	5120
1183	3382	5132
1184	5883	5132
1185	8112	5139
1186	4201	5147
1187	5491	5148
1188	9145	5151
1189	4033	5165
1190	3208	5165
1191	8138	5165
1192	6674	7974
1193	8217	5183
1194	7708	5185
1195	7433	5189
1196	4919	5193
1197	7027	5196
1198	6902	5203
1199	5231	5205
1200	8460	5216
1201	8859	5219
1202	8752	5227
1203	5087	5232
1204	8181	5242
1205	6992	5247
1206	7838	5248
1207	8480	5249
1208	8894	5253
1209	7295	5262
1210	4142	5263
1211	7413	5272
1212	4280	5274
1213	3406	5290
1214	3730	5292
1215	8968	5297
1216	8471	5299
1217	8697	5302
1218	7391	5309
1219	7287	5315
1220	3801	3992
1221	1918	3992
1222	4859	3995
1223	7979	5337
1224	7866	5342
1225	6272	8005
1226	5268	5356
1227	8845	5356
1228	7144	5361
1229	3457	5364
1230	4278	5366
1231	6094	1997
1232	8035	5371
1233	3074	5372
1234	8263	5374
1235	7688	5379
1236	4335	5391
1237	6987	5391
1238	8011	5394
1239	9085	5395
1240	4239	5398
1241	8756	5402
1242	5040	5404
1243	7620	5406
1244	7358	5412
1245	4965	4009
1246	3920	5435
1247	7942	5440
1248	7803	5446
1249	8853	5451
1250	7757	5460
1251	8756	6020
1252	4361	5467
1253	4950	5476
1254	7841	5482
1255	9213	5485
1256	7888	5496
1257	8412	5501
1258	3905	5503
1259	7677	5504
1260	8553	5515
1261	3934	5520
1262	9261	5521
1263	8304	5536
1264	8714	5544
1265	7855	5546
1266	7016	3031
1267	5601	4033
1268	6512	2309
1269	3931	5571
1270	7067	5571
1271	7398	5577
1272	6869	5585
1273	7673	5590
1274	8855	5594
1275	6940	5605
1276	7494	5612
1277	8789	5621
1278	8138	5622
1279	7433	5626
1280	7558	5633
1281	7519	5640
1282	4280	5641
1283	8185	5643
1284	7649	5645
1285	7466	5646
1286	7903	4051
1287	7634	5678
1288	7846	5681
1289	9617	5686
1290	9445	5698
1291	8101	5703
1292	4909	4058
1293	9459	5718
1294	7927	5720
1295	9025	5725
1296	9126	6064
1297	9207	5733
1298	3447	4064
1299	9466	5751
1300	7542	5757
1301	8468	5766
1302	7452	5768
1303	4519	5783
1304	7768	5785
1305	7126	5799
1306	9435	5799
1307	6759	5803
1308	9244	5806
1309	9267	5807
1310	6919	5808
1311	5249	5809
1312	7026	5821
1313	3957	5121
1314	6933	5840
1315	8753	5843
1316	8936	5845
1317	5907	4080
1318	7423	5852
1319	7181	5862
1320	9166	5866
1321	7496	5870
1322	7841	5876
1323	9100	5880
1324	9555	5883
1325	8804	5885
1326	9185	5887
1327	7480	5892
1328	8293	5899
1329	7788	5915
1330	7687	5920
1331	8842	5925
1332	8413	5930
1333	7833	5941
1334	5136	5945
1335	7772	5947
1336	7109	5952
1337	8834	5955
1338	7517	4967
1339	9040	5966
1340	7063	5976
1341	7503	5979
1342	9196	5980
1343	8130	5981
1344	9616	6000
1345	8786	6008
1346	8703	6013
1347	9559	6016
1348	9371	6019
1349	8652	6026
1350	5784	6029
1351	8939	6032
1352	7911	6044
1353	9012	6059
1354	7938	6062
1355	7740	6068
1356	7265	6070
1357	3483	6074
1358	7929	6075
1359	4177	6076
1360	8931	6077
1361	8064	6089
1362	5919	6090
1363	7955	6101
1364	9370	6102
1365	8199	6105
1366	9454	6105
1367	7949	6106
1368	4310	6107
1369	8239	6114
1370	9075	6116
1371	4270	6121
1372	8343	6126
1373	9203	6126

REQUESTS = 1500
1	1276	18	20	3	2	1
2	952	23	24	2	1	1
3	823	25	27	2	1	2
4	110	9	10	2	2	2
5	48	7	9	2	2	3
6	583	23	24	3	2	3
7	890	23	24	2	2	2
8	809	7	8	2	2	3
9	22	4	6	2	1	2
10	828	10	12	1	2	3
11	1225	11	12	2	2	1
12	174	26	27	3	2	2
13	1297	23	26	2	1	3
14	1126	17	18	2	2	1
15	1253	4	5	3	2	3
16	476	23	24	2	2	3
17	1120	2	4	2	2	2
18	141	18	21	1	1	1
19	741	3	5	3	2	2
20	576	6	7	2	1	1
21	221	18	19	2	2	2
22	950	23	26	2	1	1
23	830	24	26	3	1	2
24	665	4	6	2	1	2
25	537	24	27	1	1	3
26	69	17	20	2	2	1
27	853	18	20	3	1	2
28	614	11	14	1	2	1
29	331	20	22	3	2	1
30	71	15	16	1	1	2
31	1219	20	21	3	2	3
32	1136	16	17	2	1	3
33	56	10	11	1	2	3
34	242	2	5	2	2	3
35	839	6	9	2	1	2
36	1295	5	7	1	1	2
37	1373	18	21	2	2	3
38	379	2	3	3	1	2
39	1186	1	2	2	2	2
40	682	23	26	2	2	1
41	1299	17	19	1	2	1
42	1180	11	14	3	1	1
43	567	18	19	2	2	1
44	1226	22	25	2	1	2
45	1200	17	20	3	2	2
46	503	17	19	2	1	3
47	1140	15	16	3	2	2
48	825	21	23	3	2	1
49	334	20	23	2	1	2
50	1048	3	4	3	2	3
51	610	17	20	3	2	2
52	279	26	27	2	1	3
53	214	21	24	1	1	1
54	1021	7	9	2	2	3
55	457	12	13	3	1	3
56	1335	7	10	1	2	2
57	328	18	19	2	2	2
58	1202	18	21	3	2	2
59	1146	18	19	3	1	3
60	289	8	9	1	1	1
61	497	16	19	3	2	2
62	1247	26	27	3	1	3
63	430	14	16	1	1	3
64	1156	5	8	3	2	2
65	401	24	27	1	1	1
66	291	18	21	2	2	1
67	792	18	21	1	2	2
68	329	14	17	2	1	2
69	864	10	11	3	2	2
70	191	23	24	3	1	2
71	84	22	25	3	2	1
72	335	21	24	1	1	1
73	909	3	5	3	2	2
74	694	10	12	2	2	1
75	2	10	12	2	1	1
76	1204	20	23	3	2	2
77	626	11	13	2	2	3
78	1309	8	10	1	1	2
79	642	17	18	2	2	2
80	1304	15	16	1	2	1
81	266	20	23	3	2	3
82	207	4	7	1	1	2
83	192	19	20	2	1	2
84	649	20	21	2	2	2
85	1223	24	27	3	2	1
86	729	20	21	1	1	1
87	911	22	24	2	1	2
88	97	4	6	1	1	3
89	1148	21	23	2	2	3
90	547	8	10	1	1	3
91	1231	25	26	2	2	1
92	854	25	26	3	1	1
93	509	18	20	3	2	1
94	1106	26	28	2	1	2
95	1370	15	16	1	2	3
96	360	18	19	1	1	2
97	681	9	11	1	1	2
98	181	23	25	3	1	3
99	571	14	17	1	2	2
100	1357	17	20	2	2	3
101	1108	6	9	1	1	3
102	980	19	22	3	1	1
103	255	15	17	3	1	1
104	287	4	5	2	1	2
105	818	9	10	2	1	1
106	1111	26	27	2	2	3
107	219	22	24	2	1	2
108	1176	10	11	1	1	2
109	994	21	23	1	1	3
110	943	15	16	2	2	1
111	402	24	26	2	2	2
112	183	10	12	1	2	3
113	896	24	26	2	1	2
114	564	25	27	3	1	1
115	1211	20	23	3	2	1
116	124	11	13	3	1	1
117	679	8	10	2	1	3
118	1017	23	25	2	2	1
119	1070	18	21	3	2	1
120	341	4	6	3	2	1
121	1105	14	16	2	1	3
122	199	2	3	2	1	3
123	356	13	16	2	1	1
124	366	19	20	2	2	2
125	628	15	17	2	1	3
126	1336	20	23	3	2	1
127	434	16	19	3	1	3
128	927	11	13	3	1	2
129	606	19	20	2	2	2
130	162	14	15	3	2	2
131	601	2	3	3	1	1
132	1326	5	7	2	1	3
133	1118	25	28	1	2	2
134	1196	14	16	1	2	3
135	1198	18	21	1	1	3
136	1346	23	25	1	1	2
137	125	8	9	3	1	2
138	308	21	24	2	2	1
139	714	13	16	3	1	2
140	721	9	12	3	1	3
141	984	18	20	2	1	1
142	624	1	2	3	1	1
143	1010	19	21	3	2	2
144	914	11	13	2	1	1
145	970	4	7	3	1	3
146	785	24	27	2	2	2
147	1343	9	10	1	2	3
148	1317	20	21	1	2	1
149	869	26	27	1	1	1
150	502	22	24	2	2	3
151	447	27	28	1	2	2
152	487	26	28	2	2	1
153	958	18	20	1	2	1
154	1341	20	21	2	1	3
155	156	18	20	2	2	1
156	632	17	20	3	1	3
157	965	9	12	1	2	1
158	554	9	12	3	1	2
159	1361	5	6	2	2	3
160	474	1	3	1	1	3
161	292	2	5	1	2	3
162	715	7	10	2	2	3
163	683	20	22	3	1	2
164	427	20	23	2	2	3
165	1261	13	14	2	1	3
166	1191	25	28	2	1	2
167	1282	26	27	3	1	1
168	948	23	24	1	1	3
169	163	13	16	3	1	1
170	874	21	24	3	2	2
171	220	1	2	3	2	2
172	58	12	15	1	1	2
173	1161	15	16	1	2	2
174	50	16	19	3	2	2
175	20	20	21	3	2	1
176	644	15	16	2	1	2
177	974	12	13	1	2	1
178	273	13	14	3	1	2
179	393	18	20	1	2	2
180	1067	3	6	1	2	3
181	1144	3	5	3	1	2
182	358	14	16	1	1	1
183	182	16	17	2	2	3
184	510	10	11	3	1	2
185	239	21	23	2	2	1
186	267	22	24	1	1	1
187	1187	16	18	3	2	2
188	955	3	6	3	1	3
189	257	26	27	2	2	3
190	717	9	11	2	2	2
191	870	13	16	2	2	3
192	1239	5	7	2	1	2
193	1237	9	11	3	1	3
194	758	26	27	1	1	1
195	550	17	18	1	2	2
196	491	23	25	2	1	1
197	252	27	29	1	2	2
198	139	13	14	1	2	2
199	473	5	6	3	2	2
200	817	17	20	2	2	3
201	1102	16	17	1	2	2
202	305	7	10	3	1	2
203	415	4	5	3	2	3
204	161	14	16	3	2	2
205	871	2	4	3	1	1
206	490	21	24	2	2	2
207	933	13	15	3	1	1
208	779	14	17	2	1	1
209	78	23	24	3	1	1
210	1281	8	9	2	1	2
211	609	8	11	3	1	1
212	185	2	3	2	2	3
213	862	4	6	3	1	2
214	1092	11	12	1	2	3
215	1318	21	22	2	1	3
216	1128	16	18	2	2	1
217	806	10	11	1	1	2
218	1095	3	6	3	1	1
219	88	24	27	3	2	1
220	441	22	24	3	1	2
221	442	27	28	1	2	1
222	736	12	15	2	1	1
223	951	10	13	3	1	3
224	1057	10	11	1	1	2
225	842	21	22	2	2	2
226	94	15	16	2	1	2
227	948	3	6	3	2	1
228	798	6	9	1	2	2
229	1138	9	11	2	1	3
230	159	4	5	3	1	2
231	1094	12	15	1	1	3
232	487	5	8	2	2	1
233	588	20	23	2	1	1
234	732	6	9	3	2	1
235	132	19	20	1	2	2
236	363	9	11	2	1	2
237	1155	15	17	3	1	1
238	309	8	10	1	2	2
239	1269	23	24	3	1	2
240	422	15	18	1	2	2
241	180	10	11	2	1	2
242	433	21	22	2	2	1
243	1339	14	15	2	2	2
244	427	12	13	3	1	2
245	130	17	19	3	2	3
246	289	15	16	2	2	1
247	729	3	5	3	2	1
248	879	21	24	1	1	2
249	225	1	2	2	1	1
250	1086	4	7	3	2	2
251	749	12	14	1	1	2
252	781	21	23	3	2	3
253	66	24	27	1	1	2
254	1154	11	12	3	2	2
255	1356	24	27	2	1	1
256	251	16	17	3	2	1
257	111	6	9	3	1	2
258	1203	9	12	2	1	3
259	1009	16	18	2	1	2
260	745	14	16	3	2	1
261	74	9	12	1	1	1
262	1316	12	14	1	1	2
263	374	26	27	3	1	2
264	997	11	12	1	1	2
265	620	15	16	1	2	3
266	851	15	17	2	1	1
267	747	14	15	3	2	3
268	912	4	5	3	1	2
269	8	5	6	1	1	1
270	339	10	11	3	1	2
271	299	19	21	3	2	3
272	286	17	19	3	2	1
273	615	9	12	3	2	2
274	959	27	29	1	2	1
275	1063	6	8	1	2	3
276	897	25	26	3	2	1
277	359	26	29	1	2	3
278	699	3	5	2	1	3
279	829	8	9	3	2	3
280	194	7	9	2	1	1
281	1076	12	13	2	2	2
282	1027	11	13	1	1	1
283	548	8	10	3	1	3
284	593	17	20	3	2	3
285	79	25	27	2	2	3
286	105	1	2	2	1	3
287	515	16	18	1	1	3
288	905	4	6	2	2	3
289	1178	24	26	3	1	2
290	1214	21	22	3	1	1
291	744	15	18	2	2	3
292	1354	13	14	3	1	3
293	444	17	18	3	2	2
294	75	5	6	3	1	3
295	829	5	7	3	1	1
296	1045	2	3	2	2	3
297	116	21	24	1	1	3
298	326	21	24	2	1	3
299	140	24	26	1	2	3
300	932	9	12	3	1	3
301	555	10	13	3	1	1
302	178	8	10	1	2	3
303	78	6	8	1	2	2
304	613	12	15	3	1	2
305	882	25	27	3	2	1
306	531	5	6	1	1	3
307	518	3	6	1	1	1
308	535	18	20	1	2	1
309	697	18	20	3	1	3
310	575	11	14	1	1	2
311	1181	27	29	1	1	1
312	410	3	4	2	2	3
313	296	21	23	1	2	3
314	650	5	7	2	1	3
315	344	17	20	3	1	1
316	617	14	17	1	2	1
317	1	8	10	2	1	1
318	1191	4	6	2	2	2
319	184	3	5	2	2	2
320	659	11	13	1	1	3
321	349	5	8	3	2	3
322	1055	8	11	2	1	1
323	803	24	27	3	2	3
324	360	13	15	1	1	1
325	355	19	22	3	2	3
326	1077	17	20	2	2	1
327	846	3	6	1	1	1
328	137	14	15	1	1	1
329	1259	25	28	2	1	2
330	608	18	20	2	1	1
331	1368	14	16	1	2	1
332	1189	23	26	1	2	1
333	1163	10	12	3	1	3
334	381	11	14	1	1	2
335	406	14	16	1	2	2
336	773	18	21	3	1	3
337	418	2	3	1	1	2
338	187	8	10	3	2	3
339	86	6	9	2	1	2
340	663	10	12	3	1	3
341	104	6	7	3	1	3
342	1030	18	21	2	2	1
343	998	1	2	3	1	3
344	746	21	24	3	2	1
345	124	27	29	1	1	3
346	1155	5	8	2	1	1
347	859	7	8	3	2	1
348	118	22	25	1	1	2
349	250	2	5	2	1	3
350	238	18	21	2	2	3
351	420	15	18	1	1	2
352	109	16	19	1	1	1
353	1169	11	12	3	1	1
354	96	22	24	3	1	3
355	1008	24	26	1	1	3
356	290	10	13	2	2	2
357	1324	12	14	3	1	1
358	1078	17	18	1	2	3
359	710	7	10	3	2	2
360	919	26	27	1	2	2
361	873	12	13	2	1	2
362	302	22	25	2	1	3
363	202	13	16	3	2	3
364	1201	23	25	2	2	1
365	188	24	26	1	1	1
366	1139	5	7	2	1	1
367	1193	14	15	2	2	2
368	1224	20	21	2	2	2
369	39	16	17	2	1	2
370	89	12	15	1	2	2
371	477	2	5	3	1	2
372	1064	24	26	2	2	2
373	81	5	8	1	1	3
374	724	5	7	2	1	2
375	642	9	12	1	1	1
376	1220	26	28	2	1	3
377	149	17	18	1	2	2
378	801	15	18	2	2	2
379	31	4	6	1	1	1
380	417	7	10	1	1	2
381	552	19	22	2	2	2
382	298	21	24	3	2	1
383	1062	11	12	1	2	2
384	143	5	7	1	1	2
385	234	2	4	1	2	1
386	1328	26	27	3	2	2
387	810	19	20	2	2	3
388	209	28	29	1	1	2
389	1113	18	20	1	1	3
390	1224	1	4	3	2	2
391	589	20	21	3	1	2
392	194	22	23	2	2	2
393	906	13	16	3	1	2
394	1320	12	14	3	2	2
395	888	14	17	2	1	2
396	996	2	4	3	1	2
397	782	8	10	2	2	1
398	449	17	19	3	1	1
399	673	2	4	3	2	1
400	435	12	13	3	2	3
401	999	12	15	3	1	1
402	817	4	7	3	2	2
403	303	21	22	1	1	1
404	545	12	14	3	1	3
405	285	10	12	2	1	1
406	1291	11	14	1	2	1
407	816	2	5	2	1	2
408	1260	19	22	2	2	3
409	694	3	4	2	1	3
410	431	5	6	1	2	2
411	253	3	6	2	2	2
412	1166	3	4	3	2	3
413	93	14	17	2	1	2
414	540	20	23	2	2	3
415	893	16	19	2	2	2
416	550	24	27	2	1	2
417	361	19	22	2	2	3
418	1036	9	11	2	2	3
419	856	17	18	2	1	1
420	199	24	25	2	2	2
421	648	20	22	2	2	3
422	370	3	4	2	1	2
423	65	9	11	2	1	2
424	973	1	2	2	1	2
425	1117	1	4	3	1	1
426	4	17	19	1	2	3
427	1000	22	25	3	1	2
428	1359	4	7	2	2	2
429	114	4	6	3	1	1
430	1318	11	12	1	2	3
431	1054	1	3	3	2	3
432	1208	23	25	2	1	2
433	283	4	6	3	1	2
434	1228	8	10	1	2	1
435	1205	14	16	3	2	1
436	293	6	9	1	1	2
437	168	6	8	1	1	1
438	790	16	18	3	1	1
439	1159	16	19	3	1	3
440	1313	23	25	2	2	2
441	1212	24	27	1	2	3
442	693	7	9	2	1	1
443	1281	14	15	3	2	2
444	303	8	10	2	2	2
445	788	11	13	1	1	3
446	440	2	5	2	2	2
447	1251	20	23	1	1	2
448	133	7	10	2	2	1
449	223	22	24	3	1	3
450	868	24	26	3	2	1
451	691	7	8	1	2	2
452	1040	21	24	3	1	3
453	40	2	3	2	1	1
454	992	21	22	1	1	1
455	1170	15	18	2	1	3
456	33	12	13	1	1	2
457	150	5	6	1	2	3
458	948	5	8	1	1	3
459	479	19	22	2	1	2
460	1271	23	24	3	2	3
461	985	15	18	2	1	1
462	1195	26	27	1	1	2
463	1121	22	25	2	1	2
464	144	28	29	1	2	1
465	387	10	11	3	2	1
466	119	13	16	2	2	3
467	660	4	7	3	2	3
468	396	19	22	3	1	2
469	761	10	13	3	2	1
470	981	4	7	3	1	1
471	1129	2	5	2	2	2
472	1151	8	11	1	1	2
473	142	12	14	3	2	3
474	347	27	28	1	2	2
475	872	13	15	2	1	2
476	887	9	11	2	2	1
477	196	13	16	3	1	1
478	9	8	9	2	2	1
479	351	2	3	3	1	1
480	1153	24	26	1	2	3
481	743	15	17	3	2	1
482	878	22	24	2	2	1
483	706	25	26	3	2	1
484	655	15	16	2	2	2
485	832	16	17	3	1	2
486	463	14	15	1	2	1
487	222	4	6	2	2	3
488	1339	18	21	1	1	2
489	784	16	18	2	2	2
490	913	27	29	1	1	3
491	548	9	12	1	2	1
492	284	15	17	2	1	3
493	775	12	13	3	2	1
494	1110	14	17	3	2	1
495	507	24	25	1	1	3
496	42	4	5	1	1	2
497	322	25	27	3	2	1
498	603	5	6	3	2	1
499	260	22	25	2	2	1
500	315	4	5	3	1	3
501	505	10	12	2	1	3
502	316	22	25	1	2	3
503	325	24	26	3	2	3
504	1082	8	11	1	1	1
505	795	12	14	2	1	1
506	522	6	7	2	1	2
507	313	15	18	1	2	2
508	179	6	9	1	1	2
509	1090	2	4	3	1	2
510	763	13	15	2	2	2
511	450	6	7	2	1	1
512	1088	22	24	1	2	2
513	17	18	19	2	1	3
514	24	28	29	1	1	3
515	1042	19	20	3	2	2
516	843	15	18	3	1	1
517	1158	15	16	2	2	1
518	1354	12	15	3	2	3
519	1258	26	27	1	1	2
520	233	21	23	2	1	2
521	1096	13	15	2	1	3
522	485	20	22	1	2	1
523	148	6	9	3	2	2
524	843	8	9	1	2	2
525	1284	18	19	3	1	2
526	59	23	24	3	2	2
527	501	13	16	2	2	1
528	737	16	17	3	1	1
529	704	19	20	1	2	2
530	1025	21	24	1	1	2
531	1301	10	13	1	1	3
532	313	4	6	3	2	2
533	1084	22	24	2	2	3
534	730	5	8	3	1	2
535	26	2	4	2	1	2
536	920	8	10	1	2	2
537	713	22	23	2	1	1
538	770	9	10	2	2	2
539	821	20	22	3	1	3
540	672	24	25	3	2	3
541	437	13	16	2	2	1
542	1183	21	23	2	2	2
543	37	18	21	2	2	1
544	1295	9	12	2	2	3
545	941	21	22	1	2	2
546	1162	13	16	2	1	2
547	838	10	11	1	2	1
548	1006	3	6	2	1	3
549	1124	27	28	1	1	1
550	218	17	20	3	1	2
551	1005	9	10	2	1	1
552	1017	18	19	2	2	1
553	847	5	6	2	1	1
554	1308	22	24	1	1	1
555	235	21	23	1	2	2
556	841	20	22	3	2	1
557	112	6	9	1	2	1
558	256	2	3	1	2	2
559	629	20	21	2	1	3
560	10	23	26	2	1	1
561	527	18	19	3	1	2
562	138	15	18	3	1	3
563	562	6	9	2	2	1
564	519	24	27	3	1	2
565	1026	20	21	1	1	2
566	1107	9	11	3	1	2
567	610	8	10	3	1	1
568	21	21	23	3	1	3
569	957	12	13	2	1	2
570	452	5	6	1	2	2
571	372	16	19	1	1	1
572	623	7	8	2	2	3
573	345	26	27	3	1	3
574	924	15	16	1	1	2
575	553	16	17	2	2	3
576	1248	24	26	2	1	3
577	1071	13	15	2	1	2
578	465	4	7	2	2	3
579	767	18	20	2	2	3
580	586	26	28	1	1	2
581	189	24	25	3	2	3
582	413	1	2	1	2	3
583	566	5	6	1	1	1
584	1243	2	4	2	1	2
585	1014	10	13	2	1	1
586	100	5	8	2	2	3
587	530	22	25	1	1	3
588	619	24	25	2	1	2
589	1307	18	19	2	2	3
590	57	3	5	3	1	1
591	373	12	14	1	2	2
592	64	8	10	2	1	3
593	464	1	4	2	1	1
594	108	7	9	2	1	2
595	268	9	12	1	1	2
596	621	16	18	2	1	2
597	709	1	3	3	1	1
598	436	13	14	3	2	3
599	277	12	15	3	1	2
600	1329	6	8	3	1	1
601	1249	26	27	1	2	2
602	127	25	26	2	1	2
603	631	3	5	2	1	3
604	884	13	15	1	2	1
605	757	8	11	3	1	1
606	889	4	7	3	1	2
607	1348	13	15	2	2	3
608	269	10	12	3	1	1
609	13	6	7	3	2	1
610	380	8	9	2	2	3
611	612	21	24	2	1	1
612	511	24	26	1	1	3
613	446	4	6	2	1	3
614	1068	7	10	1	1	2
615	653	1	2	2	1	3
616	295	2	3	3	1	3
617	559	25	27	1	1	3
618	521	4	7	1	1	3
619	317	6	8	3	1	2
620	645	15	17	2	1	1
621	43	6	8	3	1	3
622	376	10	11	2	2	2
623	1002	23	25	2	1	3
624	1216	19	21	3	2	2
625	136	3	4	2	2	2
626	369	1	4	3	2	1
627	712	1	4	1	2	1
628	735	1	3	3	2	3
629	947	22	25	2	2	2
630	1303	21	22	2	1	1
631	1210	21	23	2	2	2
632	411	22	23	2	1	2
633	1119	16	17	1	1	3
634	858	4	5	3	1	1
635	1257	25	27	2	1	2
636	966	24	26	3	2	2
637	216	5	8	3	1	1
638	1279	17	19	2	1	2
639	719	2	4	1	1	3
640	804	9	10	1	1	1
641	953	15	16	1	1	2
642	281	18	19	2	2	3
643	989	13	15	1	2	2
644	1372	25	27	1	2	2
645	935	13	16	1	2	3
646	1257	1	2	2	2	1
647	426	3	6	2	1	2
648	92	9	11	3	2	3
649	1238	15	16	2	1	1
650	204	5	6	3	2	2
651	888	25	26	1	1	1
652	384	26	29	1	2	1
653	529	23	26	2	2	3
654	1035	6	9	2	2	2
655	228	11	14	1	1	1
656	247	4	6	2	2	1
657	412	12	15	2	2	3
658	797	8	11	2	1	2
659	774	16	19	2	2	2
660	802	8	11	3	2	1
661	1280	24	27	3	2	1
662	385	18	20	1	2	3
663	934	25	26	3	1	1
664	963	1	2	1	1	3
665	120	24	27	1	2	3
666	1173	21	23	2	2	2
667	466	21	23	3	1	1
668	353	4	7	2	1	2
669	750	3	6	1	1	2
670	1352	18	19	1	2	3
671	1246	22	24	3	1	1
672	840	7	10	2	2	3
673	1235	16	18	1	1	2
674	208	26	28	2	1	3
675	622	3	5	2	2	2
676	489	16	19	2	1	2
677	904	1	2	1	1	1
678	1306	22	24	2	2	3
679	423	5	8	3	2	1
680	165	17	18	3	2	1
681	400	8	9	1	1	3
682	1135	21	23	2	2	2
683	389	9	12	3	2	1
684	12	3	4	3	2	3
685	1305	20	22	3	1	1
686	439	21	22	1	2	3
687	453	19	22	1	2	3
688	254	13	15	3	2	2
689	778	22	25	1	2	2
690	166	19	22	2	1	2
691	1344	24	26	2	2	2
692	1332	13	14	3	2	3
693	630	8	10	2	2	2
694	578	23	26	3	2	3
695	1041	19	20	3	2	3
696	546	21	23	2	1	2
697	987	6	9	3	1	1
698	425	24	26	2	1	3
699	1123	2	4	2	2	1
700	1296	12	15	1	2	3
701	669	11	12	2	1	2
702	1300	13	16	3	2	2
703	668	13	14	1	2	3
704	783	14	17	1	1	2
705	1263	20	21	1	1	2
706	876	17	19	2	1	1
707	635	26	27	2	2	1
708	728	15	17	2	1	1
709	386	18	21	1	1	1
710	534	25	26	3	1	3
711	107	24	25	1	1	2
712	1032	7	10	1	1	3
713	156	23	25	3	1	3
714	67	20	21	2	1	2
715	129	18	20	1	1	2
716	272	22	24	1	1	2
717	182	23	26	3	2	1
718	1365	1	2	2	1	2
719	1288	8	11	1	2	3
720	727	17	19	1	1	3
721	967	2	3	2	2	3
722	1172	26	28	2	1	3
723	895	23	25	2	1	1
724	1047	23	26	3	1	1
725	513	9	10	2	1	2
726	686	4	5	2	1	2
727	657	15	18	1	2	1
728	113	22	23	3	1	2
729	1312	9	10	2	2	2
730	1046	9	11	3	2	2
731	573	1	4	3	2	1
732	482	16	19	1	2	3
733	171	3	5	3	1	3
734	525	28	29	1	1	1
735	661	22	25	3	2	1
736	229	4	6	2	2	1
737	1314	6	8	3	1	2
738	1215	8	10	3	1	1
739	1174	2	4	1	2	1
740	220	17	20	3	2	3
741	155	8	11	2	1	2
742	880	24	27	1	1	1
743	160	12	13	3	1	1
744	1270	9	10	1	2	1
745	678	15	17	1	2	1
746	1034	23	25	2	2	3
747	472	1	4	3	1	1
748	1161	7	10	2	2	3
749	1141	21	24	3	2	3
750	55	2	4	1	1	1
751	480	10	12	2	2	2
752	931	13	15	2	1	3
753	73	9	11	3	2	2
754	585	6	9	2	2	2
755	835	8	9	2	1	1
756	407	4	5	2	1	1
757	517	9	11	3	2	3
758	233	15	17	1	1	2
759	625	23	25	2	1	3
760	263	11	13	2	2	3
761	117	13	16	3	2	3
762	131	26	27	2	1	2
763	1287	15	17	2	2	2
764	886	18	19	2	2	1
765	230	9	10	1	1	2
766	701	21	22	1	1	1
767	1330	9	10	2	2	2
768	68	25	28	2	1	3
769	822	11	14	3	2	2
770	647	10	12	1	1	2
771	61	7	10	3	2	1
772	538	22	23	1	2	3
773	304	11	14	3	2	1
774	1363	13	16	2	1	2
775	1285	22	24	2	1	1
776	87	10	11	3	2	1
777	275	21	23	2	1	2
778	1132	19	20	3	1	3
779	918	14	15	2	1	3
780	748	7	10	3	2	1
781	654	7	8	2	1	2
782	53	19	20	3	1	2
783	226	3	6	1	2	3
784	765	11	14	1	1	1
785	680	6	9	1	2	3
786	486	7	10	1	2	2
787	1028	23	26	3	1	1
788	892	9	12	1	1	3
789	1069	14	15	3	2	1
790	702	12	15	3	1	3
791	976	14	17	3	2	1
792	1275	22	23	1	1	3
793	528	17	19	1	1	2
794	1177	8	9	1	2	1
795	337	18	21	1	1	2
796	652	15	17	1	1	3
797	1342	22	25	1	1	1
798	371	16	19	1	2	2
799	606	10	12	1	1	1
800	484	13	14	3	2	3
801	261	9	11	3	2	2
802	390	9	10	2	2	2
803	698	9	11	2	1	2
804	145	13	14	2	2	1
805	1230	1	2	3	1	3
806	1277	18	20	1	2	1
807	397	13	16	3	1	1
808	756	26	28	2	1	3
809	23	3	6	3	1	3
810	978	16	19	2	1	2
811	766	16	17	2	2	2
812	394	4	7	3	2	3
813	18	10	11	2	2	3
814	5	10	12	1	1	2
815	451	24	26	1	2	3
816	768	17	19	2	2	2
817	297	3	4	2	2	3
818	52	10	12	1	2	1
819	368	7	9	3	2	2
820	1315	23	25	3	2	1
821	1355	18	20	1	1	2
822	977	19	21	1	2	2
823	280	12	13	2	1	3
824	414	15	17	1	2	1
825	1127	5	7	3	1	1
826	1289	7	8	3	2	2
827	1097	27	28	1	2	3
828	579	16	18	3	1	2
829	670	24	26	1	1	2
830	812	21	22	1	1	3
831	254	23	26	3	1	2
832	516	18	19	2	1	2
833	569	22	23	3	1	1
834	971	13	14	2	2	1
835	1278	8	10	1	2	1
836	271	7	10	3	1	2
837	475	26	28	2	1	2
838	1192	13	15	1	1	3
839	1294	3	4	1	1	3
840	1286	11	13	2	1	1
841	405	27	29	1	1	1
842	262	11	13	1	1	3
843	1334	13	15	3	1	3
844	246	15	18	3	2	2
845	382	23	25	2	2	1
846	960	26	27	1	2	3
847	1044	6	8	2	2	3
848	930	9	11	3	1	2
849	841	19	21	1	1	1
850	16	25	28	1	1	2
851	1150	6	9	3	1	3
852	1075	21	22	3	2	2
853	60	3	5	3	2	1
854	1182	21	23	3	1	2
855	1142	11	13	2	1	1
856	541	12	14	1	2	2
857	829	13	14	2	1	2
858	186	7	9	1	2	2
859	1037	28	29	1	2	1
860	594	11	14	2	1	1
861	618	26	28	2	1	2
862	592	12	15	2	2	2
863	1256	25	26	2	2	3
864	177	12	13	1	1	1
865	365	17	20	1	1	2
866	783	13	16	2	2	3
867	813	2	4	1	2	3
868	44	6	9	2	1	1
869	1221	23	25	2	1	2
870	1262	19	22	1	2	1
871	760	9	11	2	1	2
872	236	24	25	3	2	2
873	755	9	11	1	2	1
874	445	11	13	2	1	3
875	193	18	19	1	1	3
876	1164	14	15	1	2	2
877	877	21	22	3	2	2
878	819	8	10	1	1	2
879	740	17	18	2	1	2
880	245	4	6	3	1	3
881	594	20	23	1	2	2
882	115	16	17	1	1	2
883	1257	11	13	3	2	2
884	542	14	17	3	1	3
885	1362	16	19	2	1	2
886	189	10	12	1	2	2
887	1013	5	8	2	2	3
888	866	2	3	3	2	3
889	264	5	8	2	2	2
890	936	15	17	1	1	2
891	1347	18	20	2	2	3
892	865	21	23	1	2	3
893	636	22	23	2	1	3
894	1351	9	11	2	1	2
895	536	9	11	2	2	2
896	513	24	26	3	2	3
897	1371	8	9	3	2	3
898	584	4	5	3	1	3
899	340	21	22	3	2	1
900	646	19	22	1	1	3
901	674	13	15	3	1	2
902	147	10	12	2	2	1
903	580	13	15	1	2	1
904	465	17	19	3	2	1
905	342	17	20	2	2	3
906	106	2	4	2	2	2
907	1227	23	26	3	2	3
908	805	27	28	1	2	2
909	969	16	17	2	2	2
910	1167	21	24	1	1	2
911	1298	5	7	1	2	2
912	41	5	7	1	2	3
913	863	5	7	3	2	3
914	1020	21	23	1	1	1
915	215	25	28	2	2	1
916	492	17	19	3	1	1
917	1103	17	19	1	2	3
918	1098	13	15	1	1	3
919	30	26	28	2	1	2
920	1114	6	8	1	1	2
921	707	23	25	1	2	1
922	793	12	15	3	1	2
923	514	20	21	3	2	2
924	323	14	15	3	1	2
925	722	6	8	3	2	2
926	1089	10	12	1	1	2
927	1310	23	25	2	2	3
928	1065	7	9	2	2	2
929	306	11	14	3	1	1
930	591	9	11	2	1	1
931	929	1	3	1	2	2
932	1038	15	17	2	2	3
933	1273	24	27	1	2	3
934	200	26	28	2	1	2
935	1337	22	24	3	2	1
936	1119	14	15	3	2	1
937	504	19	20	1	1	3
938	1024	7	8	2	1	1
939	961	21	23	1	1	3
940	604	5	6	3	2	3
941	494	4	6	1	2	1
942	1060	20	22	2	1	1
943	968	12	13	1	1	1
944	1133	23	24	3	1	3
945	468	14	17	1	2	1
946	1091	14	16	2	2	1
947	158	18	21	3	2	2
948	3	1	4	2	2	1
949	777	20	22	1	1	1
950	690	8	10	1	1	2
951	907	3	4	2	1	2
952	1125	21	23	1	1	1
953	811	18	19	2	1	3
954	939	2	5	3	1	1
955	1033	13	14	1	2	3
956	1022	20	21	3	1	3
957	62	1	2	3	1	1
958	1050	24	27	1	2	3
959	1266	7	9	2	1	3
960	416	11	14	3	1	2
961	1109	9	12	1	1	3
962	794	24	27	3	2	2
963	1164	7	10	2	2	2
964	796	13	16	1	2	2
965	1165	16	18	1	1	1
966	549	6	9	2	1	2
967	91	1	3	1	1	2
968	1349	20	23	2	1	2
969	708	14	15	2	2	1
970	926	24	26	2	1	2
971	366	9	11	1	2	1
972	1149	4	5	3	1	2
973	19	3	6	2	2	3
974	63	21	22	3	1	2
975	222	17	20	3	1	3
976	1197	3	4	2	1	1
977	780	9	10	1	1	2
978	354	10	11	3	2	3
979	175	17	19	2	2	1
980	157	14	17	2	2	1
981	1083	16	18	2	1	2
982	319	6	8	3	2	2
983	277	1	2	2	1	2
984	855	5	8	3	2	2
985	1104	7	9	1	1	1
986	421	26	27	1	1	2
987	398	15	17	3	1	3
988	1072	6	8	1	2	3
989	945	15	18	1	2	1
990	1338	26	28	2	1	3
991	1012	28	29	1	1	3
992	831	13	16	3	1	1
993	1032	25	26	3	2	3
994	1131	12	14	1	2	3
995	544	17	19	2	2	2
996	785	5	6	1	2	3
997	419	18	21	2	2	3
998	881	16	17	1	1	3
999	164	8	10	1	2	2
1000	684	1	3	3	1	2
1001	252	11	14	3	2	1
1002	1265	20	23	3	1	1
1003	738	18	21	3	1	2
1004	676	9	10	1	1	1
1005	432	10	13	3	2	1
1006	1056	5	8	2	1	1
1007	1143	25	27	2	2	2
1008	643	2	5	1	2	1
1009	190	21	24	1	2	3
1010	658	3	4	1	1	2
1011	533	14	16	2	2	3
1012	587	11	12	2	1	3
1013	1185	18	20	1	2	2
1014	173	13	14	2	1	2
1015	598	24	27	2	2	1
1016	1051	24	26	2	2	1
1017	915	25	28	1	1	1
1018	627	13	16	2	2	2
1019	1039	17	18	1	1	2
1020	845	14	17	1	2	3
1021	36	16	18	3	2	1
1022	1240	12	15	1	2	2
1023	1283	25	28	2	2	1
1024	689	23	26	2	2	3
1025	946	10	13	2	2	3
1026	975	8	11	2	1	2
1027	522	14	16	3	2	1
1028	227	15	16	2	1	1
1029	815	1	4	1	2	1
1030	47	2	4	3	2	1
1031	949	28	29	1	2	3
1032	1157	7	10	2	1	1
1033	151	15	18	3	2	2
1034	231	8	10	2	2	1
1035	438	20	21	1	1	2
1036	172	1	4	2	2	3
1037	1325	16	19	1	1	3
1038	1007	21	23	3	2	3
1039	1053	7	10	2	2	3
1040	1004	12	13	1	2	1
1041	1260	14	17	1	1	3
1042	891	8	9	3	2	2
1043	29	4	5	2	1	3
1044	1358	28	29	1	2	3
1045	1318	25	27	3	1	3
1046	1100	4	5	3	2	1
1047	1093	4	7	2	1	3
1048	733	12	15	3	2	2
1049	1140	23	24	3	1	3
1050	716	10	12	3	2	1
1051	1218	12	15	2	1	1
1052	675	10	13	3	2	2
1053	467	13	14	3	1	3
1054	471	18	20	2	2	3
1055	54	21	22	1	2	3
1056	70	3	6	1	2	1
1057	944	22	23	2	2	3
1058	1061	6	9	2	1	2
1059	1250	14	17	1	1	2
1060	850	21	22	2	1	1
1061	1171	4	6	2	1	1
1062	478	1	3	1	1	1
1063	883	22	23	2	1	3
1064	551	1	3	3	1	3
1065	403	4	5	2	1	1
1066	942	26	28	1	2	1
1067	300	25	28	1	1	1
1068	343	16	18	2	2	1
1069	506	8	9	2	1	1
1070	498	22	24	1	2	3
1071	212	18	20	2	2	2
1072	921	27	28	1	2	1
1073	539	2	3	2	2	2
1074	383	5	6	3	1	2
1075	688	26	28	1	2	2
1076	1074	4	7	1	2	3
1077	1031	11	12	1	1	3
1078	1049	19	21	1	1	2
1079	523	21	24	2	2	2
1080	962	7	9	1	1	3
1081	633	4	7	2	1	1
1082	201	19	20	3	2	1
1083	799	9	11	3	2	3
1084	11	19	22	2	1	1
1085	45	21	22	3	1	2
1086	367	9	12	3	1	3
1087	638	16	17	3	1	2
1088	1160	19	22	3	2	3
1089	1175	7	10	3	2	3
1090	60	12	14	1	2	2
1091	776	23	25	1	2	3
1092	1081	26	28	2	2	1
1093	1079	3	4	2	1	1
1094	49	19	20	1	1	1
1095	406	24	27	2	2	1
1096	500	3	4	2	1	2
1097	198	20	21	2	2	1
1098	656	8	11	3	1	1
1099	601	11	12	3	1	1
1100	28	5	6	1	2	1
1101	1019	9	10	1	1	1
1102	1282	19	20	3	1	2
1103	572	7	10	2	1	3
1104	1018	25	26	1	1	2
1105	894	8	11	3	1	1
1106	307	10	13	1	2	3
1107	512	14	16	2	2	1
1108	1353	5	7	3	2	1
1109	731	9	10	1	1	3
1110	524	19	20	1	1	1
1111	1137	17	20	3	2	1
1112	867	13	14	3	2	1
1113	667	8	10	3	1	3
1114	493	18	20	1	2	3
1115	556	23	24	3	1	2
1116	839	18	20	3	2	2
1117	1022	8	10	3	2	1
1118	1003	15	18	2	1	1
1119	838	14	15	1	2	3
1120	1179	5	7	1	2	2
1121	102	21	24	2	2	1
1122	354	25	26	1	2	2
1123	395	13	16	2	1	1
1124	470	11	14	1	1	2
1125	103	4	6	1	1	2
1126	270	17	19	3	1	3
1127	885	21	22	1	2	1
1128	814	1	4	3	2	1
1129	725	22	24	2	2	3
1130	1367	23	24	2	2	2
1131	671	7	10	3	2	3
1132	1334	24	27	2	2	3
1133	224	25	26	2	1	2
1134	900	17	18	3	1	3
1135	982	11	14	1	1	2
1136	278	11	13	2	1	2
1137	32	21	24	2	1	1
1138	458	1	4	1	1	3
1139	1345	19	22	3	1	2
1140	1001	15	17	3	2	1
1141	35	5	7	3	1	2
1142	764	9	10	2	2	3
1143	437	2	4	3	2	3
1144	1213	12	15	3	2	2
1145	789	28	29	1	2	1
1146	206	8	11	1	1	1
1147	602	2	3	1	1	2
1148	661	2	5	1	1	3
1149	561	4	6	1	1	3
1150	496	15	16	2	1	1
1151	283	23	25	1	2	1
1152	634	8	11	1	2	3
1153	282	16	19	2	1	1
1154	1184	8	11	3	1	2
1155	1145	26	28	1	1	3
1156	508	21	22	3	2	2
1157	658	9	12	3	1	3
1158	378	7	10	3	2	3
1159	1229	19	21	2	1	3
1160	232	7	10	3	1	3
1161	726	10	12	2	2	1
1162	590	26	28	2	2	1
1163	190	23	24	1	1	1
1164	154	20	22	3	2	3
1165	1194	11	14	2	1	3
1166	520	6	8	2	2	3
1167	183	13	16	3	1	1
1168	134	8	11	1	1	2
1169	77	19	21	3	2	2
1170	80	5	6	3	2	2
1171	205	16	17	1	1	1
1172	1096	26	27	2	1	3
1173	1115	23	25	2	2	3
1174	937	4	6	2	2	2
1175	925	17	19	3	2	2
1176	983	7	10	2	2	1
1177	377	6	9	2	2	3
1178	330	1	3	3	1	1
1179	1206	16	19	3	2	3
1180	687	23	26	1	2	2
1181	701	17	20	3	2	1
1182	902	15	16	2	2	2
1183	1310	12	14	1	1	1
1184	844	19	20	2	1	3
1185	600	8	9	1	2	1
1186	824	26	27	1	1	2
1187	101	13	15	1	2	3
1188	324	1	2	1	2	2
1189	85	7	10	2	2	1
1190	560	20	22	3	2	2
1191	695	9	10	1	2	1
1192	1232	14	16	2	2	1
1193	1302	15	17	2	1	3
1194	98	11	12	1	1	1
1195	276	15	17	1	1	1
1196	1360	3	6	3	2	3
1197	121	4	5	3	1	1
1198	923	22	24	3	1	1
1199	581	14	17	3	1	2
1200	34	22	25	2	1	2
1201	1254	13	15	1	2	3
1202	314	9	12	1	2	3
1203	705	23	24	3	2	1
1204	495	4	6	2	2	2
1205	786	10	13	2	1	3
1206	1152	21	24	3	1	3
1207	1327	24	26	1	2	3
1208	459	2	5	3	2	2
1209	146	11	14	1	1	3
1210	167	22	24	3	1	1
1211	1323	17	19	1	2	3
1212	15	8	11	1	1	3
1213	6	25	26	3	2	3
1214	453	21	22	3	1	1
1215	25	9	10	3	2	1
1216	169	13	15	1	2	3
1217	399	4	5	3	1	2
1218	637	19	22	2	1	2
1219	146	24	26	2	2	3
1220	956	23	25	3	1	2
1221	83	8	9	2	1	1
1222	1267	19	20	2	1	3
1223	1292	24	27	2	1	2
1224	641	14	17	2	1	1
1225	754	10	13	2	1	2
1226	362	21	23	1	2	1
1227	833	6	7	3	2	1
1228	964	11	14	1	2	1
1229	123	12	15	2	2	1
1230	1029	24	27	1	1	2
1231	1207	15	17	1	2	2
1232	954	13	16	2	1	3
1233	217	2	3	1	2	1
1234	723	13	15	2	2	3
1235	90	13	16	3	1	2
1236	99	2	4	1	1	1
1237	265	5	7	1	2	1
1238	557	22	23	2	2	1
1239	1311	15	18	1	1	3
1240	1084	4	6	2	1	2
1241	1172	3	6	2	2	2
1242	892	13	15	2	2	1
1243	1015	12	15	2	2	1
1244	815	26	29	1	2	3
1245	1252	18	20	2	1	2
1246	938	18	19	2	2	1
1247	582	23	24	2	2	2
1248	1236	15	18	2	1	2
1249	488	23	26	3	1	1
1250	607	14	17	3	2	2
1251	350	21	23	1	2	3
1252	170	7	8	1	1	1
1253	928	26	28	2	1	3
1254	1073	4	6	1	1	3
1255	21	7	9	2	1	2
1256	759	6	8	1	1	2
1257	176	19	21	1	2	2
1258	734	25	27	3	2	3
1259	385	25	26	1	2	2
1260	753	8	9	3	2	1
1261	213	10	11	2	1	2
1262	577	18	19	3	2	1
1263	346	16	19	1	1	1
1264	14	25	28	2	2	1
1265	687	16	19	1	2	2
1266	775	25	28	1	2	2
1267	1168	7	8	1	1	3
1268	318	10	11	3	2	1
1269	206	2	5	2	1	2
1270	1134	10	11	2	2	2
1271	666	2	3	3	1	3
1272	570	21	22	1	1	2
1273	128	3	6	2	1	1
1274	1319	7	10	1	2	1
1275	883	14	17	2	2	1
1276	1058	16	17	2	2	3
1277	449	28	29	1	2	3
1278	336	20	21	2	2	1
1279	350	11	12	1	1	2
1280	348	11	12	1	1	1
1281	483	8	9	3	1	1
1282	143	16	17	3	1	3
1283	990	6	9	2	1	3
1284	1233	22	24	3	1	1
1285	532	20	22	3	1	1
1286	728	15	16	3	2	3
1287	596	11	12	3	2	1
1288	1264	7	8	2	1	1
1289	375	4	7	1	2	2
1290	616	23	24	2	1	3
1291	1059	7	8	2	1	1
1292	848	18	21	3	1	2
1293	1066	20	23	3	2	1
1294	332	26	27	2	1	1
1295	1099	3	5	1	1	2
1296	885	11	12	3	2	2
1297	95	6	7	3	1	2
1298	910	10	13	2	1	3
1299	957	20	23	1	1	3
1300	244	6	8	3	2	1
1301	477	4	7	3	2	3
1302	321	1	3	2	2	3
1303	837	17	19	2	1	2
1304	462	24	27	1	2	1
1305	408	14	15	2	1	2
1306	685	16	17	3	1	3
1307	1244	2	3	1	2	3
1308	762	4	7	1	2	2
1309	1209	4	7	1	1	2
1310	849	22	24	1	2	2
1311	565	17	20	3	1	1
1312	703	11	13	3	2	2
1313	772	16	17	1	1	1
1314	288	26	28	1	2	2
1315	718	8	10	2	2	3
1316	1052	25	27	1	1	3
1317	861	12	15	3	2	2
1318	1331	13	16	3	1	1
1319	559	10	12	1	2	2
1320	429	20	22	1	2	3
1321	1290	21	23	1	1	1
1322	857	25	28	2	1	2
1323	152	17	19	2	2	3
1324	860	13	14	2	2	1
1325	456	16	17	1	2	1
1326	1268	5	7	1	2	1
1327	611	9	11	2	2	1
1328	392	10	13	2	2	1
1329	424	12	15	3	2	2
1330	526	13	15	2	2	1
1331	993	23	25	1	2	2
1332	1364	6	9	3	1	3
1333	720	21	22	3	2	2
1334	979	14	17	3	2	3
1335	210	22	23	1	1	2
1336	1135	4	5	3	1	2
1337	917	11	12	2	1	1
1338	76	13	14	3	2	1
1339	836	26	27	3	2	3
1340	7	2	4	2	1	1
1341	1304	5	8	2	2	3
1342	1077	7	8	2	2	1
1343	651	24	27	1	1	3
1344	396	13	15	3	2	2
1345	751	11	13	3	1	3
1346	82	5	8	1	1	1
1347	249	14	15	2	2	1
1348	46	3	4	3	1	3
1349	820	3	4	3	1	3
1350	1242	21	24	3	2	1
1351	664	23	25	1	2	3
1352	203	13	14	1	2	3
1353	752	17	20	3	1	1
1354	495	14	15	1	2	3
1355	1322	15	18	2	1	3
1356	1217	5	8	2	1	1
1357	454	24	26	3	1	1
1358	1272	15	16	2	2	2
1359	374	13	14	2	1	3
1360	409	20	22	2	1	3
1361	1087	13	16	3	2	3
1362	352	10	12	3	2	1
1363	771	16	18	1	1	3
1364	921	7	10	1	2	1
1365	850	15	17	3	1	2
1366	51	10	11	3	1	1
1367	908	22	23	2	1	1
1368	807	11	13	3	2	1
1369	700	20	22	3	1	1
1370	640	14	17	2	1	2
1371	364	10	11	3	2	3
1372	499	23	26	2	2	1
1373	1112	6	7	1	1	2
1374	258	26	27	1	1	1
1375	597	26	28	2	2	1
1376	791	25	26	2	2	1
1377	1154	21	23	2	1	2
1378	428	2	3	2	2	3
1379	1225	20	21	3	2	2
1380	543	11	12	3	2	3
1381	1234	18	20	3	1	2
1382	195	11	13	1	1	1
1383	1016	7	8	1	1	2
1384	926	12	14	1	1	1
1385	126	3	4	1	2	2
1386	574	15	16	1	2	1
1387	248	8	11	2	2	2
1388	72	26	27	3	1	2
1389	769	14	17	2	2	2
1390	922	17	18	2	2	1
1391	125	4	7	1	2	2
1392	852	13	14	3	2	2
1393	461	20	23	2	1	2
1394	481	16	17	3	1	2
1395	10	11	12	3	2	2
1396	940	13	16	2	1	2
1397	1147	25	26	2	2	1
1398	448	27	28	2	2	2
1399	589	7	10	3	1	3
1400	599	13	14	3	2	1
1401	1190	22	23	2	2	3
1402	241	20	23	2	2	2
1403	27	17	20	1	1	2
1404	311	11	13	3	1	3
1405	320	3	4	3	2	1
1406	800	26	27	2	2	1
1407	1116	2	3	3	1	2
1408	153	22	23	1	1	2
1409	1293	24	26	2	2	2
1410	916	15	16	1	1	2
1411	1101	24	25	3	2	2
1412	1188	24	26	3	1	3
1413	1008	5	7	3	2	1
1414	988	20	22	2	2	1
1415	692	24	25	1	1	2
1416	274	2	4	2	1	1
1417	576	20	22	3	1	3
1418	460	5	8	1	2	1
1419	259	20	23	3	1	2
1420	310	18	20	3	1	2
1421	899	25	26	3	2	3
1422	898	7	9	2	2	3
1423	787	3	4	3	2	3
1424	986	5	8	3	2	1
1425	1350	23	25	2	1	2
1426	1023	23	26	2	2	3
1427	391	20	21	2	2	2
1428	444	17	20	2	1	1
1429	357	25	26	2	2	3
1430	1011	16	19	2	2	3
1431	568	27	28	1	1	2
1432	211	12	15	1	2	1
1433	301	23	25	1	2	3
1434	1085	24	26	3	1	1
1435	1274	26	29	1	2	3
1436	197	16	18	1	2	1
1437	122	25	26	1	1	3
1438	662	3	4	3	1	1
1439	739	8	11	1	1	2
1440	1222	18	19	1	1	2
1441	455	6	7	1	1	2
1442	563	3	6	1	2	3
1443	659	20	21	1	2	2
1444	1199	14	17	3	1	3
1445	1122	16	18	1	2	3
1446	333	8	9	1	1	2
1447	327	24	26	1	1	1
1448	240	26	28	2	1	2
1449	112	22	25	3	1	2
1450	639	8	11	2	2	3
1451	319	17	19	3	1	1
1452	388	2	5	3	1	2
1453	740	8	10	3	2	1
1454	1366	24	27	3	2	3
1455	338	3	5	3	2	3
1456	711	18	19	3	1	1
1457	660	18	20	2	1	3
1458	1043	6	8	3	2	1
1459	227	2	3	1	2	2
1460	834	10	11	3	2	2
1461	135	8	10	3	1	2
1462	1321	5	6	3	2	3
1463	605	21	23	1	1	1
1464	595	12	13	3	2	3
1465	558	20	21	1	1	2
1466	903	12	15	3	1	2
1467	742	15	16	1	2	3
1468	995	20	21	2	1	1
1469	237	24	27	2	2	3
1470	677	4	6	3	2	3
1471	875	4	6	3	2	2
1472	808	7	9	3	1	1
1473	1333	9	12	1	2	3
1474	1245	2	5	1	1	3
1475	826	4	6	3	2	2
1476	266	4	7	3	2	3
1477	294	13	15	2	2	3
1478	1340	12	15	2	2	1
1479	1130	9	12	3	1	1
1480	1080	3	5	1	2	2
1481	1241	22	23	1	2	1
1482	404	15	18	1	1	3
1483	443	8	9	3	2	2
1484	243	22	24	2	1	2
1485	312	12	13	3	2	1
1486	1369	25	28	1	1	1
1487	827	5	7	3	1	1
1488	235	20	21	1	1	3
1489	215	18	19	3	1	3
1490	561	11	14	2	2	1
1491	991	21	24	3	2	2
1492	212	19	20	2	1	3
1493	972	14	15	1	1	2
1494	1255	19	22	2	1	3
1495	469	21	22	3	1	2
1496	901	4	6	2	1	3
1497	345	9	12	2	1	2
1498	696	6	8	1	2	2
1499	38	14	16	2	2	2
1500	244	18	21	2	1	2

