DATASET = ORTEC-hidden instance set VeRoLog competition
NAME = vehicles over tools over vehicle days over distance with 1500 requests over 40 days

DAYS = 40
CAPACITY = 50
MAX_TRIP_DISTANCE = 16000
DEPOT_COORDINATE = 0

VEHICLE_COST = 30000000
VEHICLE_DAY_COST = 2000
DISTANCE_COST = 1

TOOLS = 3
1	9	98	400000
2	6	100	100000
3	15	90	100000

COORDINATES = 1368
0	3976	3992
1	9133	6146
2	9011	6155
3	3505	6165
4	8975	6171
5	9144	6183
6	9058	6191
7	4263	6192
8	9092	6192
9	8172	6195
10	7513	6197
11	8317	6142
12	8831	6201
13	7376	6202
14	6168	8008
15	7470	6207
16	7528	6208
17	8482	6217
18	3615	6225
19	8934	6232
20	8007	6236
21	3943	4146
22	4148	6243
23	7894	6264
24	3457	4335
25	4019	6272
26	7679	6273
27	4187	6277
28	8105	6278
29	4030	6288
30	3881	4157
31	3475	6309
32	6685	7938
33	5985	6320
34	8263	6321
35	4168	6326
36	7846	6340
37	8000	6168
38	8235	6363
39	7549	6364
40	6309	2164
41	4020	4170
42	6903	8573
43	3823	6398
44	6698	6406
45	8441	6415
46	3531	6441
47	7928	6470
48	3711	6477
49	7412	6477
50	4073	6488
51	4351	6492
52	7809	6191
53	8080	6500
54	8050	6505
55	7526	6513
56	3777	6522
57	7676	6527
58	8687	6544
59	8453	6548
60	7500	6549
61	7806	6557
62	4220	6559
63	7941	6577
64	8443	6593
65	4032	6597
66	4402	3946
67	8574	6621
68	8369	6623
69	8495	6624
70	8750	6628
71	8872	6631
72	7055	6633
73	3667	6639
74	7176	6649
75	6943	6663
76	4126	6669
77	8803	6673
78	8699	6675
79	4066	6676
80	8680	6680
81	4284	6224
82	3748	6694
83	3790	6700
84	8751	6708
85	4129	6713
86	8388	6713
87	7743	6715
88	7366	6230
89	6909	6733
90	7726	6734
91	8393	6734
92	8479	6736
93	8504	6736
94	7192	6757
95	8625	6763
96	4180	6765
97	3979	6765
98	8550	6776
99	3828	6788
100	8704	6811
101	3446	6818
102	8146	6246
103	7558	6823
104	8153	6845
105	8351	6852
106	8084	6859
107	8069	6870
108	8346	6889
109	4045	6891
110	7400	6912
111	8443	6917
112	7873	6933
113	8490	6946
114	3835	6956
115	4289	6963
116	6777	6969
117	7767	6970
118	5566	8337
119	7432	6981
120	8725	6989
121	8741	7001
122	8373	7004
123	8769	7008
124	4107	7023
125	8678	7028
126	7839	7037
127	4797	7038
128	4570	7041
129	6939	8236
130	3928	7052
131	8759	7067
132	4319	4284
133	8764	7077
134	3466	7079
135	3680	7083
136	7800	7085
137	6757	8293
138	8242	7105
139	5886	7106
140	3923	7110
141	4419	7115
142	8750	7131
143	8732	7139
144	6744	7140
145	4086	7143
146	3985	7146
147	4507	7150
148	7246	7154
149	3518	7158
150	8771	7164
151	8709	7190
152	7939	7191
153	9083	7196
154	8875	7199
155	4353	7203
156	6813	7209
157	6854	7214
158	4416	7223
159	4032	7224
160	4433	7225
161	8016	7231
162	9023	7234
163	7594	7240
164	3345	7245
165	4219	7248
166	7896	7254
167	8539	7256
168	6795	7280
169	3527	7281
170	8002	7288
171	4411	7289
172	8268	7290
173	8210	7299
174	7667	7301
175	4746	2320
176	4054	7307
177	9532	8330
178	6909	7317
179	7448	7317
180	7230	7320
181	7429	7322
182	8018	7325
183	7480	7327
184	6622	7329
185	9629	7341
186	9425	7345
187	8216	7347
188	3449	5972
189	3967	4333
190	3779	7367
191	4056	7371
192	3945	7371
193	7160	8774
194	7742	7378
195	6382	7381
196	8137	7385
197	8351	7401
198	3841	7443
199	8543	4351
200	8096	7476
201	6469	7481
202	6941	7490
203	3746	7492
204	9628	7502
205	8682	7512
206	6799	7516
207	7781	7518
208	8615	7524
209	3807	7532
210	6439	7538
211	7286	7546
212	8056	8372
213	7390	7558
214	3785	7564
215	6484	7569
216	3914	7570
217	6314	7571
218	4513	7581
219	3750	7588
220	7913	7601
221	8553	7610
222	3908	7618
223	6194	7618
224	7112	7627
225	8549	7628
226	8145	7643
227	7264	7649
228	7525	7654
229	372	2818
230	7570	7679
231	6530	7689
232	9458	7697
233	8389	7699
234	9723	8785
235	7841	7716
236	5583	7717
237	7228	7717
238	6804	7728
239	5921	7729
240	6460	7731
241	8410	7741
242	5598	7768
243	8888	7768
244	7986	7784
245	3530	7785
246	6769	7808
247	8188	7808
248	4048	7829
249	6771	7830
250	6942	8420
251	4059	7849
252	4274	7862
253	8403	7862
254	6934	7869
255	5813	7873
256	8300	7876
257	9645	7886
258	7453	7888
259	6757	7893
260	5979	7897
261	7296	7912
262	4654	4425
263	6012	7928
264	6212	7930
265	4328	7959
266	5334	7965
267	5680	7966
268	6260	7967
269	6695	7969
270	7174	7974
271	8401	4435
272	5532	7977
273	8636	4435
274	5445	7982
275	6716	7987
276	6586	7989
277	7136	7998
278	8654	7998
279	7160	8007
280	4297	4441
281	3644	6447
282	6213	8032
283	5448	8042
284	5393	8043
285	7045	8054
286	7349	8055
287	7313	8064
288	7366	8065
289	9339	8072
290	8417	8073
291	6280	8080
292	7667	8088
293	3704	5196
294	3987	3995
295	5683	8100
296	7306	8110
297	8466	4458
298	8246	4460
299	7409	8130
300	6093	8138
301	7487	8149
302	6126	8158
303	5861	8168
304	6168	8169
305	4093	4469
306	9048	8192
307	7400	6475
308	7717	8197
309	7591	8199
310	7084	8202
311	7307	8208
312	8442	4475
313	7359	8217
314	7755	8233
315	7308	8246
316	6326	8250
317	9188	8250
318	8045	8283
319	6137	8286
320	7327	8294
321	7501	8298
322	5902	8302
323	6430	8304
324	7087	8313
325	5371	8319
326	5818	8320
327	7513	8323
328	6879	8342
329	7414	8347
330	6499	8347
331	3641	8356
332	8724	8380
333	5352	8384
334	9358	8387
335	8391	8388
336	8186	8390
337	7212	8514
338	7406	8426
339	8318	8429
340	6868	8436
341	7716	8459
342	8461	8465
343	8328	5865
344	7161	8477
345	7010	8479
346	8887	8486
347	8238	4664
348	5747	8493
349	5786	8497
350	7042	8501
351	6886	8503
352	5873	8508
353	4001	6528
354	6953	8525
355	8209	8536
356	9552	8539
357	5796	4530
358	7210	8551
359	7485	8570
360	9755	8571
361	8460	8573
362	6354	8578
363	8211	8595
364	6697	8605
365	7622	8608
366	3994	4542
367	8942	8631
368	4177	2541
369	8437	8640
370	6305	8656
371	7520	8657
372	7254	8667
373	8273	8681
374	5841	8682
375	7625	8693
376	4586	2414
377	7496	8720
378	5737	8722
379	7152	8731
380	3796	4564
381	6433	8755
382	6624	8764
383	7215	8767
384	7686	4567
385	5441	8773
386	5415	8784
387	5697	8795
388	6967	8801
389	7305	6577
390	8566	8814
391	6602	8819
392	6552	8820
393	8642	4576
394	8103	8828
395	7774	8835
396	5861	8851
397	6593	8854
398	5944	8875
399	6194	8592
400	7607	8889
401	7394	8902
402	5595	8931
403	6765	8939
404	7851	8953
405	8801	8973
406	7252	8977
407	7268	8982
408	7367	8991
409	8802	8997
410	7986	9007
411	7630	9017
412	5496	9020
413	5624	9028
414	7994	9034
415	6119	9050
416	6442	9053
417	7884	4616
418	7837	9070
419	7766	9077
420	7746	9085
421	5171	4620
422	5792	9089
423	7856	9097
424	9254	9110
425	6136	9113
426	6890	9127
427	7970	9128
428	6550	9141
429	7291	9166
430	6233	9170
431	8943	9171
432	7318	9176
433	9737	8641
434	8778	9183
435	5128	4638
436	8601	7633
437	6879	9200
438	8098	9207
439	7311	9208
440	5159	3632
441	7601	9232
442	6336	9237
443	6182	9241
444	7574	9247
445	9298	5234
446	7468	9256
447	7966	9261
448	6579	9263
449	8383	9269
450	8690	9274
451	6348	9281
452	7512	9288
453	6167	9289
454	8732	9290
455	8313	9297
456	7515	9306
457	7994	9307
458	5697	6662
459	8315	6663
460	6892	9328
461	9212	9338
462	6759	9346
463	6921	9347
464	8890	9349
465	6966	9353
466	6550	9360
467	9051	9362
468	8146	9366
469	8972	9381
470	6597	9383
471	7171	9389
472	6447	9394
473	7693	6675
474	8226	9403
475	8467	9408
476	8360	9415
477	8609	9419
478	7898	9435
479	8705	9441
480	7908	4682
481	7203	9470
482	8476	9482
483	8410	9495
484	7102	9496
485	8350	6693
486	7017	9519
487	6778	9519
488	8945	9521
489	6674	9524
490	8442	9528
491	3714	4696
492	7040	9539
493	9199	9540
494	8597	9547
495	8136	9552
496	4078	6704
497	7234	9568
498	8997	9575
499	8407	9581
500	6598	9603
501	4934	9612
502	5037	9648
503	4254	4714
504	8459	9673
505	7901	9686
506	5814	8727
507	7412	9719
508	6187	8737
509	8724	9762
510	3748	4745
511	6090	9847
512	8337	4748
513	6165	9863
514	4894	4762
515	9481	8059
516	6238	8773
517	7402	9981
518	7371	9995
519	7127	8862
520	2567	2779
521	5901	8800
522	3191	2791
523	7395	8678
524	5972	8278
525	8095	8812
526	5581	4807
527	3878	4808
528	5467	8815
529	4818	4814
530	7636	7270
531	7658	8073
532	3463	6843
533	4130	5078
534	2871	4850
535	8714	4852
536	8354	4859
537	6785	7679
538	412	2861
539	2466	2862
540	6913	8480
541	2770	4894
542	5153	5285
543	4646	4085
544	6160	2903
545	8241	6911
546	8296	5687
547	7304	2919
548	8457	4892
549	8774	6144
550	9501	7643
551	7246	4951
552	7500	6962
553	8784	4961
554	4320	6966
555	4273	4498
556	7154	6980
557	5400	4982
558	5805	2980
559	4525	5143
560	4205	7002
561	7960	5021
562	8997	7028
563	6140	5025
564	5929	9032
565	5960	5031
566	8404	5046
567	7945	5051
568	5592	3069
569	8321	9323
570	4060	7084
571	4252	7094
572	8843	7097
573	7854	7100
574	8375	5101
575	3894	5105
576	7711	5120
577	6233	70
578	6355	73
579	5431	5123
580	7599	5125
581	6259	101
582	3966	4530
583	6282	113
584	8670	5129
585	5409	3131
586	8049	9142
587	8893	9144
588	4598	7143
589	6559	223
590	4658	5147
591	6925	253
592	6496	9339
593	6786	9169
594	6881	316
595	6443	319
596	3115	3161
597	9085	5164
598	8582	5165
599	8462	5169
600	6320	364
601	6612	396
602	8729	9183
603	6519	435
604	6604	8213
605	9098	5186
606	9134	5193
607	9066	7200
608	7777	9207
609	5264	5362
610	8064	5203
611	4199	5205
612	6526	582
613	6274	585
614	6154	8548
615	7989	7214
616	7649	6147
617	3324	3241
618	4571	4153
619	7731	5248
620	8378	5249
621	6275	872
622	4008	7270
623	8542	7276
624	8135	5275
625	5236	3273
626	3935	5282
627	6507	9292
628	6297	1062
629	7842	5287
630	8764	6164
631	7888	5300
632	3519	4164
633	6733	1168
634	7057	5068
635	2942	4966
636	7567	7311
637	8933	5308
638	8851	9316
639	7399	9323
640	6485	1246
641	7038	5317
642	8447	4967
643	6814	1256
644	4263	7326
645	6885	1288
646	6461	6170
647	8548	9338
648	3843	7337
649	2980	5335
650	6397	9345
651	6648	3341
652	3850	7359
653	3779	3355
654	6410	1558
655	8510	9381
656	3509	7380
657	6346	1604
658	7397	7981
659	6399	1647
660	5938	1668
661	6490	1677
662	5796	3386
663	6934	3387
664	7614	5392
665	6418	1717
666	9577	5397
667	7094	1733
668	3140	4984
669	6939	1741
670	5668	5402
671	6550	9414
672	3993	3409
673	6947	3386
674	6479	1831
675	6392	1844
676	6817	1872
677	6810	1889
678	4951	1899
679	6535	1906
680	5079	1926
681	6401	1936
682	5135	1956
683	5463	1959
684	8166	5438
685	3035	2991
686	837	2005
687	6385	2006
688	6738	2010
689	6671	2014
690	6340	2024
691	6237	2063
692	5913	2068
693	5882	2071
694	4557	3454
695	4246	3454
696	83	2099
697	6104	3455
698	4627	2114
699	5060	2126
700	5295	2129
701	4244	4597
702	7048	5467
703	5127	2154
704	5175	2176
705	4835	2190
706	6085	2191
707	320	2201
708	6068	2220
709	5939	2228
710	6089	2231
711	6104	2234
712	5194	2239
713	6238	2247
714	4651	2260
715	6351	2277
716	5089	2297
717	6894	2301
718	6363	2302
719	6403	2302
720	5113	2317
721	2296	2328
722	4889	2333
723	9359	5502
724	5098	2365
725	4026	2376
726	4675	2384
727	5426	3505
728	3713	2406
729	6747	2413
730	6030	2422
731	9553	5809
732	4539	2507
733	3835	2516
734	2593	2525
735	6487	2536
736	6663	2567
737	6523	9415
738	3917	2575
739	6934	7542
740	5151	2579
741	6939	2603
742	4674	2608
743	5767	2613
744	6706	2616
745	916	2637
746	7299	7553
747	4674	2648
748	4975	2655
749	4592	2657
750	5619	2657
751	6347	2669
752	6942	2673
753	4702	2674
754	6756	2680
755	5047	2681
756	4893	2694
757	4958	2706
758	6168	7564
759	2801	2710
760	8771	7565
761	3822	2716
762	6641	2728
763	3391	2737
764	3615	2741
765	419	2743
766	3932	2752
767	740	2768
768	2893	2770
769	5148	2770
770	3902	2779
771	4703	2784
772	2955	2789
773	6188	2790
774	5893	2791
775	4802	2792
776	4087	2799
777	5235	2803
778	4920	2812
779	256	2814
780	5836	2819
781	7058	2825
782	430	2835
783	4673	2836
784	4065	2844
785	6425	2845
786	5831	2850
787	6469	2855
788	5402	2862
789	4779	2868
790	6072	2877
791	2502	2883
792	6781	2887
793	633	2890
794	3327	2890
795	6540	2892
796	3402	2897
797	3546	2907
798	5832	2912
799	6134	2921
800	5746	2926
801	2996	2928
802	6756	7601
803	6162	2933
804	6404	2948
805	5917	2954
806	5714	2956
807	6630	2984
808	6077	2996
809	6260	3014
810	6448	3014
811	3834	7616
812	6012	3024
813	5870	3035
814	5884	3036
815	4139	7619
816	1012	3038
817	5474	3040
818	3106	3053
819	6227	3059
820	5981	3064
821	4097	3065
822	2791	3067
823	5940	3079
824	2200	3082
825	6077	3082
826	6341	6230
827	6333	3088
828	6373	3091
829	6360	3106
830	4798	3108
831	5104	3110
832	6498	3111
833	6535	3115
834	5752	3119
835	4933	3128
836	3207	3138
837	4899	3142
838	3331	3160
839	4578	3170
840	7014	3172
841	6766	3185
842	6028	3189
843	1696	3193
844	2753	3204
845	5074	3236
846	3482	3252
847	4114	3253
848	5626	3264
849	3942	3265
850	5723	3268
851	5653	3287
852	2898	3293
853	4762	3305
854	3717	3323
855	5953	3324
856	6821	3326
857	4864	3330
858	2485	3335
859	2289	3337
860	1587	3345
861	1756	3355
862	5574	3355
863	4714	3361
864	3982	3373
865	4158	3374
866	5579	3391
867	3971	3403
868	5230	3408
869	3738	3409
870	4026	3417
871	5518	3444
872	5926	3456
873	6509	3459
874	5344	3460
875	6165	3466
876	5644	3475
877	5481	3481
878	5467	3489
879	5819	4243
880	1247	3529
881	6284	3554
882	6136	3557
883	2246	3567
884	6338	3575
885	4646	3584
886	6154	3586
887	4754	3589
888	5856	3601
889	5299	4472
890	6271	7716
891	5584	4246
892	8076	7716
893	5224	3633
894	4788	3639
895	5262	3644
896	6385	3652
897	5118	3663
898	4224	3667
899	6021	3670
900	5529	3671
901	6394	3676
902	5374	3677
903	5113	3680
904	5448	3686
905	5987	3689
906	8028	5449
907	6766	3702
908	6760	7731
909	4245	3710
910	2057	3712
911	5732	3730
912	4262	3745
913	1809	3765
914	4802	3781
915	4828	3797
916	5792	3741
917	4687	3826
918	5696	3845
919	1655	3876
920	5589	3898
921	4433	3928
922	3761	3936
923	2097	3956
924	6865	3963
925	6681	3976
926	6766	3979
927	4816	3980
928	6241	3990
929	6722	3997
930	3670	3997
931	4994	3999
932	5961	4009
933	6143	4013
934	4273	4028
935	8039	7785
936	3448	4039
937	3728	4045
938	5396	4046
939	3952	4053
940	4248	4055
941	4142	4059
942	2018	4062
943	5869	4067
944	4020	4075
945	1929	4085
946	5257	4092
947	4048	4094
948	1879	4096
949	5232	4111
950	8044	4118
951	3812	4119
952	7987	4125
953	5903	4127
954	7692	4137
955	4052	4138
956	5277	3796
957	6330	4144
958	9112	5800
959	5219	4149
960	4237	4157
961	4599	4162
962	5217	4168
963	8927	7809
964	3520	4190
965	4295	4191
966	5044	4191
967	5009	4196
968	5504	4201
969	6055	8669
970	3858	4217
971	7002	4219
972	6776	4220
973	5168	4227
974	3426	4229
975	8193	4232
976	4151	4236
977	8106	4239
978	4205	4241
979	7088	4245
980	4446	4255
981	4185	4258
982	8250	4258
983	5889	3815
984	4274	4260
985	3938	4266
986	3984	4269
987	4666	4272
988	6227	4273
989	8350	4277
990	4573	4289
991	4813	4292
992	5599	4293
993	8860	4293
994	5347	7828
995	4444	4308
996	8618	4312
997	8258	4316
998	4743	4318
999	7603	5870
1000	4796	4323
1001	4095	4323
1002	4395	4324
1003	8478	4335
1004	4294	4338
1005	5009	4339
1006	3663	4348
1007	4491	4349
1008	7954	4351
1009	6205	4360
1010	4067	4372
1011	8379	4378
1012	4158	4379
1013	8396	4384
1014	8288	4384
1015	8493	4388
1016	6351	4391
1017	8607	4407
1018	6421	4413
1019	8317	4425
1020	7944	4425
1021	3585	4427
1022	2578	4428
1023	7735	4435
1024	3453	4436
1025	7931	4449
1026	3339	4459
1027	8606	4459
1028	7379	4460
1029	8115	4471
1030	3851	4473
1031	8980	4474
1032	7960	4482
1033	7481	4484
1034	4198	4489
1035	3764	4491
1036	3054	4495
1037	4221	4497
1038	8517	4506
1039	3735	4520
1040	3735	4522
1041	2396	4529
1042	3418	4530
1043	8286	4535
1044	7510	4536
1045	7878	4537
1046	8844	4539
1047	4004	4546
1048	8160	4547
1049	4731	4557
1050	6036	8641
1051	4985	4564
1052	6530	7873
1053	7703	4567
1054	4381	4572
1055	4368	4573
1056	3633	4574
1057	3863	4577
1058	8072	4591
1059	8856	4594
1060	7565	4605
1061	4313	4612
1062	4630	4616
1063	3717	4620
1064	7368	4621
1065	4791	4626
1066	7614	4628
1067	8438	4634
1068	8426	4635
1069	4814	4639
1070	8795	4647
1071	4046	4655
1072	8637	4657
1073	4947	4685
1074	7756	4686
1075	8728	4686
1076	4309	4691
1077	7606	4695
1078	8686	5891
1079	8399	4697
1080	7625	4701
1081	7460	4704
1082	8388	4723
1083	7732	4725
1084	4050	4728
1085	8356	4729
1086	8376	4742
1087	8199	4746
1088	7984	4748
1089	8446	4762
1090	8687	4770
1091	5280	4771
1092	7346	4772
1093	8152	4773
1094	8572	4781
1095	6926	5486
1096	7172	4789
1097	7196	4796
1098	8062	4809
1099	8189	4815
1100	8241	4817
1101	7820	4826
1102	3549	4828
1103	5414	4840
1104	3810	4846
1105	3809	4850
1106	7127	4857
1107	3762	4858
1108	3624	4858
1109	7359	4858
1110	4733	4860
1111	7004	8690
1112	3727	4865
1113	3832	4865
1114	2995	4875
1115	8778	4881
1116	8601	4887
1117	4245	4889
1118	8288	4899
1119	8657	4899
1120	8807	4909
1121	9143	5929
1122	8284	4929
1123	7484	4931
1124	8324	4942
1125	3400	4945
1126	4264	4953
1127	3843	4958
1128	8173	4962
1129	3497	4967
1130	8551	4974
1131	3726	4994
1132	3764	4995
1133	3398	4997
1134	5366	5008
1135	5498	5010
1136	7248	5019
1137	9070	5031
1138	7037	5036
1139	3953	5055
1140	3734	3949
1141	9014	5058
1142	8126	5065
1143	8331	5067
1144	3842	5070
1145	4689	5072
1146	3058	5073
1147	3979	5076
1148	3047	5078
1149	3239	5080
1150	5503	5084
1151	8952	5085
1152	8750	5093
1153	2834	4696
1154	8691	5101
1155	8131	5104
1156	8483	5106
1157	7497	5107
1158	3411	5130
1159	3480	5131
1160	3580	5134
1161	4201	5147
1162	9464	5968
1163	6829	9501
1164	9329	5498
1165	8217	5183
1166	5121	5184
1167	5142	5196
1168	7542	5196
1169	8246	5202
1170	7603	5212
1171	7629	5220
1172	7790	5223
1173	4181	5225
1174	8422	5229
1175	8195	5242
1176	7759	5246
1177	6992	5247
1178	4289	5253
1179	4045	5259
1180	8532	5261
1181	7837	4967
1182	5058	5280
1183	3406	5290
1184	5632	8305
1185	4148	5294
1186	7766	5296
1187	8168	4243
1188	8697	5302
1189	5211	5307
1190	1918	3992
1191	8102	5325
1192	6555	8000
1193	4859	3995
1194	4298	5343
1195	7407	5348
1196	3786	5351
1197	3151	5352
1198	3667	4304
1199	5158	5354
1200	8291	5355
1201	8845	5356
1202	7144	5361
1203	4203	5363
1204	4278	5366
1205	7584	5366
1206	7542	5367
1207	4879	5372
1208	7808	5377
1209	7688	5379
1210	8077	5393
1211	8011	5394
1212	8338	4305
1213	5040	5404
1214	7620	5406
1215	7358	5412
1216	8606	5413
1217	8984	6012
1218	5264	4009
1219	7022	5424
1220	8638	5425
1221	6944	5430
1222	7752	5433
1223	8601	5434
1224	5172	5435
1225	3742	5438
1226	7842	5440
1227	8348	5452
1228	8756	6020
1229	8417	5470
1230	8590	5471
1231	3950	5482
1232	8280	5482
1233	8832	5484
1234	4328	5486
1235	6997	5487
1236	8058	5489
1237	4106	5510
1238	4144	5513
1239	4330	5517
1240	8260	5520
1241	8546	5528
1242	3919	5530
1243	5926	4028
1244	7855	5546
1245	5601	4033
1246	7588	5569
1247	3931	5571
1248	8710	5575
1249	7398	5577
1250	7807	5596
1251	8492	5596
1252	8031	5598
1253	4378	5600
1254	9408	6042
1255	7124	5601
1256	7414	5603
1257	8092	5604
1258	7827	5631
1259	7672	5640
1260	8185	5643
1261	7777	5643
1262	8565	5645
1263	4284	5648
1264	9570	5647
1265	7124	5654
1266	6954	5656
1267	8677	5656
1268	9185	5659
1269	5143	5671
1270	7654	5673
1271	7675	5674
1272	7903	4051
1273	7665	5677
1274	7505	5677
1275	9095	5681
1276	7660	5688
1277	8438	5691
1278	4430	5694
1279	8110	5695
1280	9100	5697
1281	8101	5703
1282	8825	5704
1283	7674	5716
1284	9110	5716
1285	7426	5718
1286	9510	5730
1287	4424	5732
1288	8435	5732
1289	9126	6064
1290	9207	5733
1291	8375	5745
1292	7291	5746
1293	9563	5758
1294	8185	5763
1295	9237	5765
1296	7704	5769
1297	7390	5777
1298	4519	5783
1299	9343	5784
1300	9019	5787
1301	7441	5789
1302	6778	5792
1303	6919	5808
1304	7743	5811
1305	7710	5816
1306	3290	5818
1307	3957	5121
1308	3278	5841
1309	9588	5845
1310	9481	5851
1311	8752	5858
1312	8913	5860
1313	7562	5871
1314	4498	3121
1315	8269	5880
1316	9555	5883
1317	9580	5895
1318	8293	5899
1319	9529	5904
1320	9343	5905
1321	8258	5909
1322	8953	5915
1323	7687	5920
1324	7965	5926
1325	7504	5935
1326	8307	5936
1327	8902	5946
1328	7109	5952
1329	5647	5952
1330	7517	4967
1331	7148	5960
1332	9066	5965
1333	9040	5966
1334	9626	5968
1335	8897	6104
1336	6935	5984
1337	8965	6106
1338	5788	4103
1339	8796	5996
1340	9222	5996
1341	9592	6000
1342	9616	6000
1343	5171	6003
1344	8786	6008
1345	9559	6016
1346	8934	6018
1347	9266	6021
1348	7779	6022
1349	8561	6032
1350	8907	6056
1351	8350	6063
1352	7098	6069
1353	7265	6070
1354	9178	6073
1355	7789	6121
1356	8626	6082
1357	3532	6083
1358	8925	6086
1359	9334	6100
1360	3351	6103
1361	7870	6105
1362	8677	6106
1363	9004	6108
1364	7656	6109
1365	4352	6112
1366	7349	6129
1367	8173	6127

REQUESTS = 1500
1	115	5	8	3	3	2
2	235	4	6	3	2	1
3	910	16	17	1	2	1
4	268	5	6	1	2	1
5	608	9	12	3	1	2
6	524	6	9	1	1	1
7	439	13	14	3	1	2
8	935	7	9	3	2	1
9	985	32	33	2	1	2
10	195	6	8	1	1	1
11	1053	5	6	2	3	2
12	936	18	19	3	3	3
13	1125	30	32	2	3	1
14	811	17	20	3	3	1
15	1048	26	29	3	3	1
16	260	36	37	1	2	2
17	1114	23	25	1	2	3
18	459	33	35	3	3	1
19	885	23	24	3	2	2
20	820	29	32	2	3	3
21	182	9	12	2	1	3
22	1205	13	16	3	2	1
23	1004	20	22	3	3	3
24	892	17	18	1	3	2
25	1180	24	26	1	2	2
26	329	36	38	2	1	3
27	736	9	12	2	2	1
28	528	33	35	2	1	3
29	57	7	9	2	3	2
30	1123	22	25	2	3	3
31	1046	19	21	2	3	2
32	322	15	17	3	1	3
33	933	9	12	3	2	2
34	893	31	32	1	3	1
35	1299	17	18	1	3	3
36	904	19	21	3	2	2
37	717	21	22	3	2	2
38	1183	18	20	3	2	1
39	1311	23	24	1	1	1
40	796	34	36	1	2	1
41	94	6	9	3	3	2
42	953	23	24	3	1	2
43	1297	31	33	3	1	1
44	988	12	14	1	2	1
45	168	9	11	2	2	3
46	795	20	23	2	3	2
47	542	10	12	3	3	3
48	163	2	4	3	1	1
49	638	21	24	2	1	2
50	801	22	24	1	3	1
51	1349	19	20	2	2	1
52	1187	9	12	2	1	3
53	1223	16	19	2	3	1
54	155	22	24	2	2	2
55	403	8	9	3	3	1
56	771	7	8	1	1	3
57	1076	5	8	2	2	3
58	14	9	11	2	3	3
59	765	15	17	2	3	2
60	758	4	7	3	1	3
61	1307	26	28	1	3	2
62	680	32	34	1	2	3
63	83	20	23	2	2	1
64	1013	2	4	1	3	3
65	687	24	27	1	2	2
66	739	1	3	3	3	2
67	1177	4	6	2	2	3
68	169	21	23	2	3	1
69	277	15	17	2	1	1
70	861	19	21	2	3	1
71	859	36	38	2	3	3
72	25	23	26	1	1	1
73	940	10	13	2	2	1
74	959	28	31	1	1	3
75	1322	10	13	1	3	1
76	1113	26	29	3	2	1
77	317	5	6	2	2	3
78	1361	17	20	1	2	2
79	1034	28	31	2	3	3
80	148	36	39	1	3	1
81	303	16	17	1	2	2
82	651	20	22	2	3	3
83	707	10	13	1	1	1
84	953	28	31	1	1	2
85	32	23	26	2	3	3
86	384	20	23	3	1	3
87	1122	28	30	1	3	1
88	779	32	34	1	2	3
89	642	3	5	1	3	3
90	144	31	33	2	2	2
91	230	22	24	3	3	3
92	171	24	26	1	2	1
93	1059	2	3	3	1	3
94	791	13	14	2	2	1
95	651	18	19	3	2	3
96	488	36	37	2	1	2
97	1009	15	17	1	1	2
98	905	19	21	2	1	3
99	297	23	24	1	3	2
100	258	28	29	1	1	1
101	447	12	14	2	2	2
102	887	15	16	3	3	1
103	485	20	23	1	3	2
104	971	30	32	1	3	2
105	1109	12	14	1	3	3
106	272	27	30	1	1	2
107	77	4	5	2	2	3
108	199	11	14	3	3	1
109	772	8	11	3	2	3
110	434	10	12	1	1	3
111	500	20	23	1	3	1
112	213	18	19	2	1	3
113	728	33	34	3	3	2
114	822	34	36	1	1	1
115	354	32	34	3	3	2
116	1075	29	32	2	3	3
117	9	34	37	3	1	1
118	783	36	39	1	1	2
119	800	21	22	3	3	3
120	1022	9	11	1	2	3
121	753	19	22	1	3	3
122	729	1	2	1	3	3
123	1093	36	37	1	3	1
124	755	9	10	2	2	1
125	1360	23	24	3	1	2
126	438	18	19	3	1	3
127	371	17	18	3	2	1
128	697	27	29	1	2	1
129	476	8	9	3	1	2
130	1145	29	32	3	3	3
131	1333	20	22	3	1	2
132	212	22	23	1	1	2
133	90	23	26	3	2	1
134	63	17	19	3	2	2
135	387	34	37	3	1	1
136	182	8	11	1	2	3
137	1352	6	7	3	3	3
138	310	38	39	1	2	2
139	127	16	19	1	2	1
140	359	21	24	2	3	2
141	350	25	26	1	2	1
142	806	26	29	1	2	1
143	831	14	16	2	3	3
144	774	6	9	3	3	3
145	30	1	2	2	2	3
146	930	13	16	2	2	2
147	650	22	23	3	2	1
148	700	2	5	1	1	1
149	1292	8	9	3	2	2
150	689	27	28	1	3	1
151	65	30	33	3	2	3
152	789	7	8	1	3	2
153	1208	16	19	3	2	1
154	97	19	22	1	3	1
155	1121	13	16	3	3	3
156	1142	20	23	3	2	1
157	521	30	31	1	3	3
158	587	25	28	3	1	1
159	682	5	6	2	3	3
160	1359	28	29	2	2	3
161	863	21	22	3	3	2
162	1339	16	19	1	2	3
163	1229	1	3	3	3	3
164	453	3	5	2	2	1
165	202	27	29	1	3	1
166	575	6	9	1	2	2
167	1007	23	26	1	3	2
168	370	7	8	3	2	3
169	695	21	22	3	3	1
170	1086	24	26	1	1	2
171	173	9	10	3	2	3
172	1116	24	27	1	1	3
173	746	29	31	3	2	2
174	1091	13	16	1	3	2
175	1111	31	34	3	2	2
176	552	11	13	3	2	3
177	248	30	33	2	1	1
178	446	7	9	3	2	1
179	499	7	9	1	2	1
180	147	19	20	2	1	2
181	372	10	13	2	1	2
182	1006	14	17	2	2	2
183	896	3	4	3	1	1
184	908	18	20	2	3	3
185	116	30	32	3	1	3
186	1237	18	20	2	3	3
187	1291	13	16	2	2	1
188	1200	20	21	3	3	1
189	1330	11	12	2	1	3
190	145	30	31	2	1	1
191	428	9	12	3	2	2
192	1301	11	12	3	3	3
193	1138	8	10	3	3	2
194	330	12	14	1	3	3
195	1332	25	26	2	2	3
196	548	13	16	1	3	2
197	1334	16	18	2	2	1
198	546	21	23	1	2	1
199	141	12	13	2	3	2
200	821	24	25	2	1	2
201	276	30	33	1	3	1
202	1110	7	10	3	2	3
203	1077	25	27	2	2	1
204	1338	4	6	2	3	2
205	18	6	7	2	1	2
206	843	6	9	3	2	2
207	1220	5	7	1	2	3
208	16	22	25	1	2	2
209	255	20	22	2	3	3
210	1343	33	35	3	1	1
211	676	15	18	3	2	3
212	1314	3	4	2	2	3
213	1103	14	17	2	3	2
214	1300	8	11	2	1	1
215	871	25	28	3	2	3
216	30	10	12	1	1	1
217	866	5	8	1	3	2
218	745	17	20	2	1	1
219	1245	28	31	3	1	2
220	181	23	26	1	3	2
221	1017	25	27	2	2	2
222	1258	10	12	3	3	1
223	1320	15	17	1	2	3
224	137	31	34	2	3	2
225	486	25	26	1	2	3
226	311	36	38	1	2	1
227	661	9	10	1	1	2
228	290	8	11	1	2	2
229	1191	23	26	1	3	3
230	192	35	37	1	2	3
231	1024	28	31	2	2	3
232	1006	4	5	1	2	2
233	668	18	21	1	3	1
234	1189	24	26	2	2	3
235	392	30	33	3	2	1
236	1176	6	8	1	1	1
237	601	33	34	3	1	1
238	1167	27	29	3	2	1
239	586	33	34	2	1	2
240	566	1	4	2	3	3
241	401	12	13	2	1	2
242	164	26	27	3	1	2
243	1286	31	33	2	2	2
244	557	32	35	3	3	2
245	686	35	38	1	1	3
246	1083	15	16	2	3	3
247	987	2	5	1	3	2
248	1309	35	38	2	1	1
249	457	6	8	2	3	3
250	131	5	8	2	2	1
251	348	10	13	3	2	3
252	284	16	18	3	1	3
253	152	36	38	2	1	3
254	737	10	11	1	1	1
255	58	17	20	1	1	2
256	880	12	15	1	3	3
257	813	18	20	1	3	2
258	693	13	16	3	2	2
259	576	11	13	1	2	2
260	1143	35	38	1	3	1
261	867	26	29	3	2	1
262	51	25	28	2	1	2
263	1279	17	20	2	3	3
264	397	8	10	3	1	2
265	681	28	31	1	3	2
266	969	14	15	3	3	3
267	1303	18	21	3	3	1
268	281	19	21	3	3	2
269	505	4	7	1	3	1
270	613	24	25	2	1	1
271	118	28	30	1	2	3
272	824	1	4	1	3	3
273	671	20	23	1	3	1
274	1003	24	26	2	3	3
275	1234	29	30	3	1	2
276	581	31	32	3	3	3
277	1115	21	24	2	2	2
278	21	32	34	2	1	2
279	580	31	32	1	3	1
280	358	16	18	2	3	2
281	551	35	36	2	1	3
282	1206	8	11	3	2	2
283	219	32	33	3	1	2
284	948	26	28	1	1	1
285	1054	18	20	2	1	3
286	270	30	32	3	1	2
287	1082	2	4	3	1	2
288	35	23	26	1	3	2
289	1264	32	35	2	3	1
290	856	1	2	3	2	1
291	1068	3	6	1	1	1
292	685	10	12	1	3	1
293	814	24	27	3	1	3
294	531	13	15	2	3	1
295	688	29	32	3	2	3
296	129	34	35	3	1	3
297	360	6	9	1	2	3
298	1243	1	4	3	1	2
299	547	26	28	3	3	1
300	990	23	25	3	1	3
301	1079	6	9	2	1	1
302	522	7	9	2	2	1
303	773	27	28	3	3	1
304	549	36	37	1	2	3
305	1029	2	4	2	1	1
306	1076	7	10	1	1	2
307	226	32	35	1	2	1
308	1063	32	34	2	2	2
309	968	19	21	2	1	3
310	988	19	21	2	2	1
311	280	14	17	1	2	1
312	426	25	28	3	2	3
313	327	11	12	1	3	3
314	901	23	26	1	3	2
315	951	17	18	1	2	2
316	1101	32	35	3	2	3
317	185	34	36	2	3	1
318	513	35	38	2	3	2
319	308	33	35	3	3	2
320	205	8	11	3	2	1
321	244	4	7	1	2	1
322	43	5	6	3	3	1
323	273	21	22	2	3	2
324	219	24	27	1	1	3
325	1296	32	35	2	1	3
326	89	18	19	1	2	2
327	1084	31	34	3	1	3
328	915	15	18	1	1	1
329	1008	17	18	2	3	2
330	739	10	12	3	2	1
331	63	11	14	2	3	3
332	592	8	10	1	1	1
333	449	26	29	3	3	1
334	1287	5	8	2	2	3
335	333	28	31	2	3	2
336	1211	4	7	3	2	3
337	1000	17	18	1	2	3
338	1193	21	24	3	2	2
339	462	13	15	1	3	1
340	27	25	28	1	2	1
341	518	36	39	1	3	3
342	501	2	5	1	2	3
343	719	18	20	1	2	1
344	321	17	19	1	3	3
345	926	13	16	3	3	3
346	934	11	13	3	3	2
347	454	8	11	3	2	1
348	1067	9	11	3	1	2
349	379	12	13	3	1	2
350	988	21	23	3	3	2
351	1310	1	2	1	1	3
352	780	16	18	1	1	3
353	1282	29	32	3	3	2
354	155	19	22	1	1	1
355	464	32	35	2	2	3
356	46	29	32	1	2	1
357	1097	16	19	3	1	3
358	1278	11	12	2	3	2
359	967	9	12	2	2	3
360	1326	32	35	3	2	1
361	862	12	14	1	1	2
362	877	32	35	3	2	1
363	269	8	11	1	2	3
364	218	23	26	3	1	1
365	708	10	13	3	3	1
366	341	9	10	2	2	2
367	1336	34	36	3	3	1
368	5	9	11	3	3	3
369	114	17	18	2	1	1
370	1232	10	13	3	3	3
371	604	27	29	2	3	3
372	991	6	9	2	3	2
373	996	14	15	1	2	3
374	1185	16	19	2	3	2
375	357	15	18	3	1	3
376	363	16	17	3	1	2
377	419	12	15	2	3	2
378	935	5	7	2	1	3
379	541	15	16	1	1	3
380	346	23	24	2	3	1
381	78	20	23	3	1	2
382	376	12	14	2	2	3
383	1315	5	7	2	2	2
384	396	35	36	2	1	3
385	1275	12	15	1	1	1
386	1328	22	23	2	1	1
387	1246	15	16	1	2	3
388	553	30	33	3	1	3
389	479	4	5	2	2	1
390	516	9	12	3	3	3
391	665	2	4	1	2	2
392	81	25	27	2	3	3
393	333	21	24	3	2	3
394	749	9	10	2	2	1
395	1274	31	34	1	3	3
396	882	24	26	2	3	2
397	62	15	16	1	3	1
398	441	12	15	1	1	1
399	416	12	15	1	3	2
400	92	22	24	2	2	2
401	223	26	27	2	2	3
402	889	21	23	1	3	3
403	274	11	14	2	2	1
404	655	24	26	2	1	2
405	530	26	29	3	1	1
406	368	5	6	3	2	2
407	817	29	31	1	1	2
408	430	20	21	2	3	2
409	1286	5	6	2	1	1
410	1173	16	17	2	3	2
411	1155	32	35	3	2	1
412	769	8	9	2	3	1
413	836	30	32	1	2	2
414	1202	5	7	3	1	1
415	61	5	7	2	1	1
416	1340	31	32	2	2	1
417	754	34	35	2	1	3
418	431	31	33	1	3	2
419	460	8	9	2	1	3
420	1158	11	13	3	3	2
421	1212	18	20	1	1	2
422	474	31	34	3	3	2
423	444	33	36	1	3	3
424	238	23	24	2	1	1
425	1186	23	24	3	2	2
426	201	27	30	3	2	1
427	1039	1	4	1	3	3
428	1366	29	32	3	3	1
429	1153	13	16	3	1	1
430	444	30	31	2	1	2
431	468	10	11	1	3	3
432	304	10	12	2	1	2
433	767	5	8	3	3	3
434	617	18	19	2	3	1
435	124	18	20	3	2	1
436	1049	28	31	1	2	1
437	45	27	28	2	2	3
438	267	10	12	2	2	2
439	751	25	26	1	2	2
440	1273	13	16	1	2	3
441	466	31	33	3	2	3
442	691	5	7	2	3	2
443	612	19	22	1	2	2
444	772	25	26	1	2	1
445	1190	1	4	3	2	1
446	480	8	10	1	3	1
447	161	27	30	1	2	1
448	1195	4	5	1	2	2
449	945	16	18	2	1	3
450	504	18	19	2	3	3
451	645	25	28	2	2	2
452	1214	34	37	2	2	3
453	881	27	28	1	2	1
454	767	30	32	1	1	1
455	856	20	23	2	3	3
456	748	23	24	1	2	3
457	136	28	29	2	2	1
458	818	10	12	1	1	1
459	564	37	39	1	1	1
460	586	29	32	3	3	3
461	950	1	2	2	2	3
462	823	17	19	3	3	2
463	328	28	30	2	2	1
464	1201	33	36	3	1	3
465	785	2	3	1	1	2
466	840	2	4	1	3	1
467	11	13	15	1	3	1
468	72	10	11	2	1	1
469	239	33	35	1	3	3
470	1221	1	2	3	1	2
471	876	29	32	2	2	2
472	992	33	35	2	3	1
473	539	13	15	3	2	3
474	715	10	13	2	2	2
475	664	30	33	1	2	3
476	1192	7	8	2	1	3
477	1230	24	26	2	2	1
478	440	10	13	1	2	1
479	1363	34	35	2	2	1
480	545	33	36	2	1	1
481	85	10	13	1	3	2
482	733	33	34	3	1	2
483	677	23	26	2	2	3
484	198	29	31	3	3	2
485	567	17	20	2	3	3
486	80	15	16	3	2	1
487	407	34	35	3	2	2
488	111	6	8	2	3	2
489	349	2	3	2	2	1
490	732	3	6	1	2	3
491	1038	14	15	1	2	3
492	644	4	7	2	2	2
493	240	24	27	3	3	1
494	216	21	22	3	3	3
495	629	15	18	3	1	3
496	1327	23	25	3	2	3
497	1071	29	31	3	3	1
498	699	26	29	3	2	1
499	883	3	4	3	3	3
500	424	13	14	2	1	2
501	1219	8	11	3	1	2
502	1112	20	22	3	3	2
503	1249	18	20	3	2	3
504	125	2	4	3	3	1
505	1074	18	21	2	1	1
506	1178	13	16	2	2	2
507	511	18	20	2	3	1
508	167	22	23	1	3	3
509	489	13	16	3	1	1
510	648	18	21	2	1	3
511	1199	20	23	2	1	1
512	234	7	10	1	2	2
513	336	5	6	2	1	1
514	154	21	24	1	3	2
515	19	11	12	3	2	2
516	730	5	8	1	1	3
517	690	29	31	3	1	3
518	1197	24	27	2	1	3
519	132	14	16	2	1	1
520	1367	15	17	3	3	2
521	366	3	6	2	3	2
522	164	8	10	2	3	2
523	1251	8	9	2	3	2
524	966	27	30	1	1	1
525	361	30	33	1	2	2
526	920	30	33	1	3	3
527	26	22	23	3	1	1
528	122	33	35	3	3	2
529	1133	30	31	1	1	3
530	142	31	34	3	2	2
531	268	26	28	1	1	2
532	1317	35	36	3	1	1
533	119	32	34	1	1	3
534	1151	13	16	2	2	2
535	868	23	26	3	2	2
536	1304	6	9	2	2	3
537	702	30	31	3	3	2
538	494	37	38	2	1	3
539	942	31	33	3	1	3
540	907	9	10	1	3	3
541	554	26	28	1	2	1
542	242	2	5	2	1	3
543	1210	18	20	1	2	1
544	294	7	9	3	1	2
545	924	23	24	3	3	2
546	744	34	35	1	2	3
547	583	14	17	1	3	2
548	79	3	6	2	3	1
549	157	26	27	1	2	3
550	640	20	23	1	1	1
551	1020	4	6	2	3	1
552	939	15	18	2	1	2
553	621	34	36	3	1	3
554	585	20	22	2	3	3
555	1289	15	16	2	2	3
556	487	33	34	3	3	2
557	484	21	23	2	3	1
558	356	26	29	1	3	3
559	42	29	31	1	2	3
560	781	26	29	2	2	3
561	208	26	29	1	3	3
562	229	33	35	3	1	2
563	1233	12	13	3	1	3
564	402	19	21	2	2	3
565	631	35	36	1	2	3
566	927	23	25	1	3	2
567	515	28	29	2	3	2
568	393	10	11	2	2	3
569	262	26	27	1	3	2
570	1261	29	31	2	2	2
571	943	29	32	1	2	3
572	1225	3	6	1	2	1
573	735	30	33	1	1	3
574	399	7	9	2	2	1
575	100	21	23	2	2	1
576	1182	24	26	2	3	2
577	894	34	35	1	2	1
578	231	28	31	3	1	2
579	918	23	24	3	1	2
580	475	18	20	2	2	2
581	1128	2	4	1	3	2
582	1010	20	21	3	1	3
583	830	3	4	3	2	2
584	931	5	6	2	1	1
585	84	10	12	3	3	3
586	29	4	7	1	3	2
587	504	19	22	3	1	2
588	1238	30	31	2	1	1
589	955	10	12	1	1	2
590	851	13	15	1	1	1
591	805	2	4	1	2	1
592	153	18	19	1	1	2
593	451	13	14	3	3	3
594	247	31	32	1	3	3
595	1204	8	9	2	1	1
596	325	22	23	1	1	2
597	271	11	13	2	2	2
598	603	2	5	2	2	1
599	923	4	7	1	3	1
600	188	7	9	3	3	1
601	56	37	38	2	1	1
602	793	3	5	3	1	3
603	1198	12	13	1	3	2
604	1256	32	33	1	3	1
605	944	22	24	2	2	2
606	295	15	17	1	1	3
607	1227	18	20	2	3	1
608	214	5	7	1	1	3
609	1265	10	13	3	1	3
610	1184	22	25	2	2	2
611	673	1	2	3	3	1
612	415	2	3	3	2	3
613	340	31	32	3	3	1
614	1250	7	9	1	3	2
615	362	14	16	1	1	2
616	978	23	24	2	2	2
617	171	12	14	1	3	2
618	406	22	24	1	3	2
619	961	22	23	2	2	3
620	596	14	17	3	3	1
621	870	12	15	2	3	2
622	194	23	24	1	3	1
623	261	12	13	1	1	1
624	1023	26	27	2	3	1
625	579	15	18	3	1	2
626	241	20	23	3	1	3
627	1305	6	8	2	3	1
628	1319	21	22	3	1	2
629	697	8	11	1	2	1
630	1094	3	5	1	2	2
631	606	22	23	3	2	1
632	913	14	16	3	3	1
633	306	36	38	1	2	1
634	580	33	34	3	1	2
635	989	37	39	1	1	3
636	1169	27	28	3	3	1
637	911	26	27	2	2	2
638	347	30	33	1	3	2
639	714	31	32	2	2	2
640	309	3	4	2	1	1
641	684	16	18	2	3	1
642	864	10	12	3	2	1
643	984	28	30	1	1	1
644	70	1	2	3	1	1
645	187	15	18	1	1	2
646	314	29	30	3	3	3
647	1350	32	35	3	2	2
648	741	34	35	3	3	2
649	467	16	17	3	2	3
650	299	34	37	2	1	3
651	1347	25	27	2	2	2
652	298	19	21	3	1	3
653	952	21	24	1	3	1
654	1036	32	35	2	2	1
655	666	27	29	2	1	2
656	841	26	29	1	2	3
657	676	29	31	2	3	2
658	1012	7	8	3	3	2
659	329	2	4	2	3	2
660	490	32	33	2	2	1
661	1358	17	20	1	3	1
662	1357	20	22	1	1	3
663	288	31	32	2	2	1
664	99	15	18	3	3	3
665	1341	35	37	3	3	2
666	692	29	30	3	3	2
667	982	15	18	1	1	1
668	1089	9	10	1	3	1
669	540	33	36	1	2	2
670	405	20	21	2	1	1
671	491	22	23	2	1	2
672	544	32	35	1	2	1
673	279	31	33	1	1	3
674	1144	36	37	2	1	2
675	1293	25	28	1	1	3
676	1096	1	4	3	1	1
677	611	16	18	3	2	1
678	624	5	7	3	2	1
679	374	2	4	2	2	3
680	130	6	9	2	1	1
681	259	15	16	1	3	3
682	369	20	21	2	3	2
683	31	32	34	3	3	1
684	40	31	34	1	2	3
685	636	14	15	2	1	1
686	1030	36	37	1	2	2
687	858	21	22	2	2	2
688	986	3	6	2	2	1
689	928	36	37	3	3	1
690	675	15	17	3	2	3
691	628	35	37	3	2	2
692	646	19	20	1	1	1
693	845	10	12	1	3	3
694	34	25	27	3	3	2
695	233	15	16	1	1	2
696	653	14	16	1	2	3
697	875	37	38	1	1	2
698	1036	32	34	2	1	2
699	30	2	3	2	3	1
700	964	34	37	2	2	3
701	162	30	32	3	1	1
702	164	3	6	1	3	2
703	808	35	38	2	2	2
704	929	31	34	1	1	2
705	505	23	24	3	3	1
706	385	27	29	3	1	1
707	1324	14	16	2	3	3
708	1078	10	13	1	1	3
709	1293	26	28	2	2	2
710	414	10	11	3	1	3
711	305	2	3	1	3	3
712	1321	10	13	1	2	1
713	381	1	2	3	1	1
714	345	16	19	2	1	1
715	1119	4	6	3	2	3
716	1172	12	14	1	2	2
717	994	8	11	2	1	2
718	900	15	17	3	3	3
719	206	33	34	1	3	1
720	726	14	17	1	3	1
721	799	12	15	3	3	3
722	660	13	16	2	2	1
723	790	13	14	1	2	3
724	947	21	23	1	3	3
725	846	4	5	3	3	2
726	1102	20	22	1	1	3
727	48	23	26	2	2	2
728	1253	24	26	3	3	1
729	641	24	25	1	2	3
730	278	22	25	1	2	2
731	478	8	11	1	3	1
732	584	10	11	2	1	2
733	569	13	16	2	3	3
734	1106	3	5	2	2	1
735	493	13	16	2	2	3
736	1331	14	15	1	2	3
737	112	29	30	1	1	3
738	954	19	20	1	2	2
739	828	13	16	2	1	1
740	559	2	3	3	3	2
741	1188	16	19	2	1	3
742	455	33	36	3	1	2
743	855	11	13	2	2	1
744	334	27	30	3	3	2
745	720	23	25	1	3	1
746	958	21	22	2	1	1
747	1068	14	17	3	3	3
748	1117	3	4	3	2	1
749	246	26	27	2	2	3
750	300	26	29	1	2	3
751	408	2	3	2	2	2
752	452	17	20	3	3	3
753	427	29	30	1	3	2
754	578	14	17	2	2	1
755	618	33	34	1	2	2
756	993	9	10	2	3	1
757	591	21	23	2	1	3
758	123	20	21	3	3	1
759	1181	14	15	3	3	3
760	1262	5	6	1	3	3
761	849	36	38	2	1	1
762	210	18	21	1	3	1
763	787	1	2	3	3	2
764	1020	34	37	1	1	3
765	544	23	24	3	2	3
766	421	16	17	1	3	2
767	716	14	16	1	3	3
768	678	15	17	1	3	1
769	365	24	25	1	2	3
770	1269	29	31	2	3	2
771	893	1	3	1	1	3
772	1276	29	32	3	3	3
773	1060	26	29	3	1	2
774	259	5	8	2	2	2
775	1325	1	3	3	3	1
776	404	34	37	1	1	1
777	1266	16	19	3	1	1
778	98	17	20	2	2	2
779	436	12	13	2	1	3
780	256	18	21	3	1	1
781	59	6	7	3	3	2
782	1242	30	31	2	2	2
783	857	26	28	3	2	3
784	897	3	6	1	2	3
785	985	19	20	2	2	3
786	1080	6	9	1	1	2
787	1193	11	13	1	3	2
788	302	32	35	2	1	2
789	891	30	33	2	1	1
790	626	10	11	1	1	2
791	445	9	11	1	1	2
792	1169	30	31	3	1	1
793	146	15	16	3	3	1
794	1306	10	11	2	1	3
795	1118	15	18	3	3	2
796	718	2	5	2	2	3
797	555	5	7	2	2	1
798	139	20	22	1	2	3
799	217	25	28	2	3	3
800	1207	22	24	2	3	3
801	323	36	37	3	2	2
802	829	23	26	3	2	1
803	925	29	30	2	2	1
804	429	23	25	1	1	1
805	287	17	20	3	3	1
806	1105	4	6	1	1	1
807	1311	17	19	1	2	2
808	536	23	25	3	2	1
809	740	23	25	3	1	1
810	1035	19	20	3	1	2
811	1194	22	24	2	2	2
812	156	24	25	2	2	1
813	1071	2	4	3	1	2
814	1037	25	26	2	3	1
815	473	18	21	1	1	1
816	190	26	27	2	2	2
817	1149	15	17	2	1	3
818	73	17	19	2	2	3
819	582	11	13	3	2	1
820	972	30	32	2	2	1
821	1285	34	36	1	3	3
822	519	36	38	1	2	2
823	917	28	31	3	2	2
824	710	35	36	3	2	3
825	1079	2	5	3	2	1
826	679	11	14	1	3	2
827	622	31	34	2	1	3
828	180	9	12	3	2	2
829	827	17	20	3	3	3
830	590	20	22	3	3	1
831	1209	24	27	2	3	3
832	315	26	29	2	3	2
833	707	33	36	3	2	2
834	1107	13	14	1	1	1
835	656	16	19	2	3	3
836	1295	29	30	2	2	3
837	534	23	26	2	2	3
838	442	6	9	1	3	1
839	477	31	34	3	1	2
840	610	18	21	3	2	2
841	1241	24	26	3	3	3
842	187	3	6	2	2	1
843	1026	1	2	3	1	1
844	761	29	31	3	2	1
845	1283	26	27	3	1	1
846	1016	7	9	2	1	3
847	69	20	21	1	1	1
848	937	19	22	1	1	3
849	623	23	26	1	2	1
850	342	25	27	2	1	1
851	275	4	6	2	2	3
852	1272	11	14	2	2	3
853	597	13	16	2	1	1
854	461	2	5	1	1	1
855	1098	34	37	1	1	3
856	674	31	32	2	2	3
857	903	36	38	2	2	1
858	469	4	7	1	3	3
859	471	31	33	2	1	3
860	811	7	8	3	2	3
861	149	30	32	3	3	2
862	1174	5	6	2	2	1
863	24	16	17	1	2	2
864	605	29	32	2	3	2
865	777	15	17	2	1	1
866	126	14	16	3	3	2
867	1222	23	26	2	3	1
868	497	27	30	1	2	1
869	957	35	37	1	3	2
870	850	9	12	2	2	2
871	654	1	3	2	1	2
872	616	18	21	1	1	2
873	332	13	16	2	2	2
874	999	21	24	1	3	1
875	902	26	29	2	2	1
876	1255	23	25	3	1	1
877	670	9	12	2	1	3
878	509	36	38	1	2	3
879	602	3	5	1	1	3
880	698	31	34	2	3	2
881	113	18	20	3	2	3
882	713	16	18	2	1	2
883	628	18	19	2	2	3
884	1215	10	13	3	2	3
885	176	24	26	3	3	1
886	919	26	27	3	2	3
887	105	11	14	3	2	1
888	1070	10	12	1	2	2
889	1320	6	7	3	2	3
890	965	12	14	1	3	2
891	812	28	30	1	1	3
892	778	12	15	3	3	1
893	809	28	30	1	1	2
894	66	19	20	1	2	1
895	847	16	17	3	3	3
896	395	6	7	2	2	3
897	797	27	30	1	1	1
898	296	12	13	2	1	2
899	595	26	28	2	3	3
900	722	17	19	3	3	2
901	422	8	11	2	1	3
902	879	37	38	1	3	1
903	976	34	37	1	3	2
904	517	27	29	2	2	3
905	359	3	5	2	3	1
906	435	19	22	3	2	2
907	82	18	21	1	2	1
908	1281	6	7	1	1	3
909	1064	4	7	2	3	1
910	418	25	28	2	2	3
911	1168	30	32	3	1	3
912	541	30	31	1	3	1
913	52	27	29	2	3	2
914	639	13	14	3	2	1
915	117	14	16	1	1	1
916	620	36	37	1	1	3
917	877	19	22	1	3	3
918	172	15	18	1	3	3
919	750	21	24	3	3	2
920	222	30	33	3	1	3
921	191	35	36	2	2	1
922	356	9	10	2	3	3
923	303	12	13	1	1	1
924	87	38	39	1	2	2
925	1213	31	33	1	1	1
926	1359	12	13	2	1	3
927	1240	9	12	1	1	3
928	91	27	30	2	1	3
929	150	5	8	1	2	1
930	574	6	9	3	1	2
931	747	21	23	2	2	2
932	175	31	33	3	2	3
933	303	11	12	3	2	3
934	355	22	23	1	1	1
935	344	8	10	1	3	1
936	560	11	12	2	1	1
937	712	10	11	2	2	3
938	286	2	3	3	3	3
939	391	27	30	2	1	3
940	1267	6	7	2	2	1
941	196	28	29	2	1	3
942	1088	20	21	1	2	1
943	834	22	23	2	3	1
944	8	25	27	3	3	3
945	143	2	5	2	3	1
946	842	33	35	1	3	1
947	257	26	29	2	2	2
948	1216	33	34	3	3	3
949	120	32	35	2	2	3
950	589	29	32	1	3	2
951	410	18	21	1	2	2
952	1092	33	35	2	1	3
953	658	16	18	3	2	3
954	1026	13	14	1	2	3
955	1257	36	38	2	3	2
956	810	33	36	2	2	3
957	394	8	11	3	1	2
958	836	19	20	3	3	2
959	1042	27	29	1	2	1
960	734	34	37	3	1	2
961	1045	26	27	3	3	2
962	75	33	36	3	1	3
963	852	31	32	2	2	2
964	898	10	11	2	1	3
965	1118	27	29	3	3	3
966	667	26	29	1	1	2
967	837	30	31	3	3	1
968	133	3	6	1	1	2
969	177	15	18	3	2	3
970	64	37	38	2	3	2
971	798	5	8	2	1	2
972	1156	37	38	1	3	2
973	847	18	19	3	1	1
974	437	5	8	1	2	3
975	998	11	13	3	2	3
976	88	28	31	2	1	3
977	243	5	6	1	2	1
978	153	7	10	3	1	2
979	1179	28	30	2	2	1
980	878	28	29	1	1	1
981	110	21	24	3	2	1
982	1056	18	19	3	1	2
983	472	33	36	1	3	3
984	159	30	31	3	2	2
985	1157	32	34	2	2	2
986	506	3	5	2	3	1
987	705	8	9	1	3	2
988	103	2	3	3	3	3
989	1175	32	34	3	3	2
990	1027	7	9	1	2	1
991	41	11	14	1	1	2
992	963	31	34	3	2	3
993	1362	33	36	3	2	2
994	540	36	37	1	1	1
995	949	27	28	1	1	2
996	481	29	32	2	2	1
997	54	1	3	2	2	3
998	1087	22	24	3	2	3
999	254	18	21	1	3	1
1000	703	18	19	3	2	1
1001	752	26	28	3	3	1
1002	183	32	34	2	1	3
1003	614	25	27	2	3	2
1004	1166	17	20	1	2	2
1005	731	23	25	2	3	3
1006	502	15	16	1	1	1
1007	492	27	28	2	1	2
1008	1232	33	34	3	3	3
1009	635	26	29	2	2	1
1010	1164	30	32	1	1	1
1011	269	12	14	1	1	3
1012	533	22	25	3	1	2
1013	3	10	11	2	2	1
1014	1146	11	13	3	3	3
1015	906	16	17	2	2	2
1016	178	4	7	3	1	1
1017	594	20	23	2	3	2
1018	1354	34	35	1	3	1
1019	1150	21	24	3	3	1
1020	307	32	33	2	1	3
1021	1007	14	15	3	2	1
1022	525	34	37	3	3	1
1023	1061	14	17	2	3	2
1024	151	30	33	2	3	1
1025	1161	11	12	3	1	2
1026	1001	26	29	2	3	3
1027	852	13	16	1	1	2
1028	1094	2	5	2	3	3
1029	756	32	35	2	2	1
1030	390	15	16	1	2	2
1031	498	35	36	3	2	1
1032	112	4	7	1	1	1
1033	1047	16	19	3	1	3
1034	956	3	4	2	2	3
1035	420	25	28	3	1	3
1036	1288	29	31	3	2	3
1037	23	12	15	3	2	2
1038	465	18	20	1	3	3
1039	38	6	8	3	2	1
1040	946	25	27	2	2	2
1041	186	21	23	1	2	2
1042	804	29	32	2	1	1
1043	110	23	25	3	3	3
1044	1298	28	29	1	2	2
1045	10	12	15	3	3	2
1046	13	26	27	2	3	1
1047	860	7	8	2	3	2
1048	1228	24	27	1	2	2
1049	209	16	18	2	1	3
1050	352	21	23	3	2	1
1051	30	38	39	1	1	2
1052	896	21	22	1	1	1
1053	221	9	10	3	1	2
1054	538	29	30	2	3	2
1055	102	28	30	2	1	3
1056	586	9	12	3	2	3
1057	1032	23	24	2	3	1
1058	1263	24	26	2	2	3
1059	909	29	32	2	1	1
1060	215	25	26	1	2	2
1061	869	1	3	2	1	3
1062	165	13	15	3	3	1
1063	1033	5	8	3	1	1
1064	12	25	26	2	2	3
1065	1066	12	15	1	1	3
1066	331	19	21	2	3	1
1067	832	33	36	1	3	1
1068	873	22	23	3	3	2
1069	776	19	22	3	2	3
1070	932	8	9	2	3	3
1071	1165	6	8	3	1	1
1072	1364	9	10	2	2	1
1073	1342	35	36	1	2	2
1074	588	14	15	3	3	3
1075	1137	27	30	1	3	1
1076	914	15	16	1	2	2
1077	109	36	38	1	3	2
1078	1041	18	19	3	1	1
1079	506	20	21	1	3	3
1080	709	14	16	2	3	3
1081	1203	6	7	1	3	3
1082	67	7	9	2	1	3
1083	200	33	34	3	2	1
1084	775	8	10	2	3	2
1085	669	37	38	2	1	3
1086	807	35	37	1	3	3
1087	872	20	22	3	2	3
1088	496	7	9	3	1	3
1089	211	1	3	2	3	3
1090	535	34	36	2	2	2
1091	1062	28	29	2	2	2
1092	388	31	34	3	1	1
1093	95	3	4	2	1	3
1094	1345	33	34	1	1	3
1095	263	18	21	2	1	2
1096	1031	34	35	2	2	3
1097	245	21	23	2	2	1
1098	253	20	21	3	3	3
1099	1254	29	30	3	1	1
1100	1231	5	7	2	2	1
1101	149	10	11	1	1	2
1102	865	14	16	2	3	3
1103	143	13	15	2	3	2
1104	256	2	4	3	2	3
1105	593	5	6	3	1	1
1106	293	20	21	3	1	3
1107	975	14	17	2	1	2
1108	922	21	24	1	3	2
1109	696	2	4	3	3	3
1110	382	11	13	3	3	2
1111	312	16	17	2	1	1
1112	60	35	37	1	2	1
1113	22	28	29	2	2	2
1114	121	3	4	2	1	2
1115	495	6	8	1	1	1
1116	356	9	11	3	2	3
1117	730	23	25	3	2	1
1118	1154	20	23	3	1	2
1119	1132	17	18	1	1	3
1120	1011	4	7	3	3	2
1121	1028	28	30	1	3	1
1122	826	14	17	2	2	2
1123	1196	15	16	1	3	1
1124	1049	14	16	1	3	2
1125	318	29	30	2	2	3
1126	1357	9	11	2	2	1
1127	1226	29	31	3	3	3
1128	983	5	8	2	1	1
1129	1040	6	7	2	1	3
1130	638	22	25	3	3	3
1131	138	11	13	3	1	1
1132	179	25	27	2	3	3
1133	1043	18	20	3	1	3
1134	326	26	29	3	2	2
1135	974	11	14	3	2	2
1136	1244	18	19	2	2	3
1137	520	23	26	2	2	1
1138	458	21	23	2	2	2
1139	292	28	31	3	1	3
1140	960	10	11	2	1	1
1141	643	20	22	3	3	3
1142	1344	16	19	3	2	2
1143	203	35	36	2	3	3
1144	1072	33	35	1	3	3
1145	1152	26	29	1	1	3
1146	337	27	28	2	2	1
1147	577	17	18	2	2	3
1148	598	1	3	3	3	2
1149	1346	22	24	3	2	3
1150	189	12	13	1	2	3
1151	417	28	30	2	2	3
1152	71	5	7	3	2	2
1153	980	11	14	1	1	2
1154	207	7	9	1	1	3
1155	250	19	22	3	1	2
1156	1280	19	21	1	2	3
1157	1302	18	20	2	2	3
1158	1136	33	34	2	1	1
1159	107	10	12	3	3	3
1160	899	30	33	3	1	1
1161	1055	22	24	3	1	2
1162	412	30	32	2	3	1
1163	627	28	29	2	3	2
1164	103	9	11	1	2	1
1165	746	12	14	1	2	1
1166	563	22	24	1	1	2
1167	846	34	37	3	3	3
1168	903	15	16	3	3	2
1169	364	4	7	2	3	2
1170	662	6	8	2	3	1
1171	313	21	23	3	2	3
1172	343	17	20	1	3	2
1173	1337	34	37	2	1	2
1174	853	35	37	3	3	3
1175	1019	2	3	3	3	1
1176	1135	33	34	2	2	1
1177	888	32	34	2	2	1
1178	568	1	4	3	2	3
1179	724	36	37	2	1	1
1180	140	30	32	3	3	2
1181	630	6	8	2	2	3
1182	757	25	27	1	3	3
1183	600	19	21	3	1	3
1184	1108	20	23	1	2	2
1185	226	23	24	3	2	1
1186	232	23	26	3	1	2
1187	619	16	19	1	1	3
1188	543	22	25	1	2	2
1189	1226	25	26	2	2	3
1190	819	30	33	3	1	3
1191	74	28	31	2	1	3
1192	1280	29	30	3	1	2
1193	615	31	33	2	2	2
1194	413	10	13	1	1	3
1195	507	32	35	3	1	2
1196	1313	13	14	2	1	3
1197	36	9	11	2	1	3
1198	839	26	28	2	1	3
1199	128	10	13	2	2	1
1200	15	9	12	1	3	3
1201	1335	2	4	2	2	3
1202	1147	19	21	2	2	3
1203	884	24	26	2	3	3
1204	398	2	4	1	3	1
1205	236	1	2	3	2	3
1206	456	25	27	1	3	2
1207	550	13	15	1	2	2
1208	962	11	12	3	3	1
1209	104	22	24	1	3	2
1210	1284	14	17	3	3	1
1211	977	3	5	1	2	1
1212	565	8	11	3	3	2
1213	721	23	26	1	1	3
1214	1256	7	9	2	3	3
1215	701	1	4	2	1	2
1216	995	6	7	2	1	1
1217	1129	24	27	3	2	1
1218	17	34	37	3	3	2
1219	1316	7	9	2	2	3
1220	742	29	30	3	1	3
1221	874	20	21	1	1	3
1222	252	33	35	1	3	2
1223	324	12	13	1	2	2
1224	920	5	6	1	3	1
1225	632	19	21	1	1	2
1226	706	23	26	3	1	1
1227	411	11	13	2	1	1
1228	185	15	18	1	2	1
1229	1029	37	39	1	2	3
1230	762	35	38	2	3	3
1231	283	31	33	3	3	3
1232	637	18	21	3	3	3
1233	1100	7	9	3	1	1
1234	31	8	11	3	3	1
1235	339	28	29	2	2	2
1236	6	17	20	2	2	3
1237	251	9	10	3	1	3
1238	1081	30	31	1	2	2
1239	1163	29	32	3	1	2
1240	367	7	9	2	3	2
1241	37	12	13	2	2	2
1242	738	28	31	1	2	3
1243	228	19	20	3	3	2
1244	23	33	34	1	3	2
1245	782	11	12	2	1	3
1246	483	36	38	2	3	2
1247	657	14	16	3	2	1
1248	725	8	11	1	2	1
1249	788	5	8	1	1	1
1250	1015	34	35	2	1	3
1251	20	10	11	1	1	2
1252	561	28	29	2	3	3
1253	1236	37	38	2	1	3
1254	7	8	11	2	3	3
1255	452	24	27	3	3	3
1256	289	9	11	3	2	2
1257	672	28	29	2	1	1
1258	825	34	35	3	1	2
1259	1159	34	35	1	1	3
1260	33	25	28	1	3	1
1261	433	1	3	2	3	1
1262	570	7	8	2	2	3
1263	443	11	13	1	3	2
1264	1044	24	26	2	2	3
1265	938	27	30	2	3	3
1266	1218	32	35	3	2	1
1267	1056	26	29	3	2	3
1268	723	27	29	2	3	2
1269	997	1	3	3	2	3
1270	852	8	9	2	3	2
1271	571	6	9	3	1	1
1272	458	30	31	2	3	3
1273	979	20	21	2	3	3
1274	1126	3	4	3	1	2
1275	463	21	24	2	3	3
1276	135	24	25	1	1	1
1277	159	32	33	2	1	3
1278	764	22	25	3	1	1
1279	816	31	33	2	3	3
1280	1329	8	11	3	3	3
1281	670	26	28	2	3	2
1282	1104	28	29	2	2	1
1283	1247	11	13	3	1	3
1284	815	30	31	3	2	3
1285	349	24	27	2	1	3
1286	1141	19	21	2	1	3
1287	711	27	29	2	3	3
1288	512	16	19	2	1	1
1289	599	24	25	3	2	3
1290	1331	28	31	3	1	3
1291	1271	17	20	3	2	1
1292	373	16	18	2	3	1
1293	76	17	18	1	3	3
1294	1348	7	9	3	2	2
1295	1021	14	15	2	3	3
1296	285	24	26	1	3	3
1297	1066	18	21	1	1	3
1298	1323	23	26	3	2	1
1299	266	1	3	3	2	1
1300	763	21	24	3	2	2
1301	1131	36	37	1	1	2
1302	844	28	29	2	2	2
1303	523	8	11	2	1	3
1304	1075	24	27	2	2	3
1305	106	24	27	2	3	3
1306	49	1	3	3	2	2
1307	803	3	5	1	2	1
1308	529	26	29	2	3	3
1309	1160	17	19	1	2	2
1310	970	16	17	3	1	3
1311	70	29	32	1	3	1
1312	108	12	14	1	2	1
1313	28	7	9	3	2	2
1314	1248	18	21	3	3	1
1315	901	12	14	3	2	2
1316	409	1	3	1	2	2
1317	1090	26	29	2	1	2
1318	1005	10	12	1	1	2
1319	383	15	17	2	1	1
1320	343	1	4	3	2	1
1321	1308	24	26	2	2	3
1322	225	10	13	2	2	3
1323	378	10	11	1	1	3
1324	560	25	27	1	1	3
1325	2	1	3	2	3	3
1326	527	7	9	1	1	3
1327	1217	28	30	2	2	2
1328	854	32	33	1	1	1
1329	301	30	33	2	2	3
1330	1224	26	27	2	1	1
1331	282	10	12	3	3	1
1332	1353	5	8	1	1	1
1333	1318	13	14	2	1	1
1334	1139	16	17	1	3	1
1335	204	10	12	2	2	3
1336	170	22	25	1	2	2
1337	663	6	7	3	1	2
1338	727	33	34	1	3	3
1339	1294	19	21	1	1	3
1340	13	1	4	3	3	2
1341	572	31	32	3	2	3
1342	526	25	26	3	1	1
1343	1351	19	21	3	2	1
1344	1018	8	11	2	1	3
1345	1162	11	12	1	1	2
1346	1171	7	9	1	3	1
1347	562	20	23	2	2	2
1348	537	5	7	3	1	1
1349	659	6	8	1	2	2
1350	220	35	36	2	2	2
1351	895	22	23	2	1	3
1352	833	15	17	2	3	2
1353	382	21	24	3	2	3
1354	1008	17	20	3	2	1
1355	375	21	22	1	3	1
1356	1015	35	38	2	2	1
1357	93	21	22	1	1	3
1358	1058	20	23	3	2	3
1359	838	10	12	1	1	2
1360	353	9	12	3	3	3
1361	482	17	20	2	3	3
1362	573	2	4	1	3	3
1363	503	35	36	2	2	1
1364	1356	31	32	1	2	3
1365	1125	11	12	3	2	2
1366	39	23	25	3	1	3
1367	760	20	23	2	2	1
1368	425	35	37	1	1	1
1369	1002	26	27	1	2	2
1370	510	14	15	2	3	2
1371	609	16	18	3	3	2
1372	514	23	24	3	1	3
1373	921	10	11	2	3	2
1374	784	12	13	3	2	2
1375	1104	21	22	1	2	1
1376	360	28	30	3	3	3
1377	44	21	24	1	3	1
1378	450	35	37	3	3	2
1379	649	18	21	1	2	1
1380	1051	14	15	3	3	3
1381	1	9	10	2	2	2
1382	792	32	34	1	1	1
1383	470	31	32	3	3	3
1384	1120	19	20	3	2	2
1385	890	26	29	1	2	2
1386	848	24	27	2	2	2
1387	981	36	38	1	2	3
1388	1277	22	23	2	3	2
1389	835	9	10	2	1	2
1390	912	28	31	2	1	1
1391	86	33	36	3	2	1
1392	316	5	7	3	1	3
1393	181	14	16	2	2	3
1394	508	32	33	3	1	2
1395	101	17	19	2	2	3
1396	238	34	36	3	3	1
1397	628	34	36	3	3	1
1398	1073	5	8	2	1	3
1399	1069	5	7	1	3	2
1400	1127	35	37	1	3	3
1401	1270	17	18	2	1	1
1402	786	30	33	3	1	1
1403	1124	11	14	1	1	2
1404	759	16	17	3	2	3
1405	1235	25	28	2	3	1
1406	556	1	3	2	2	1
1407	768	27	29	1	3	3
1408	1099	13	15	1	2	3
1409	972	16	18	3	3	2
1410	558	14	16	1	1	3
1411	770	18	21	1	3	1
1412	1268	19	20	3	1	1
1413	389	29	31	2	2	3
1414	227	18	20	1	1	1
1415	1134	30	32	1	3	1
1416	264	16	19	1	3	3
1417	607	14	16	3	1	1
1418	1014	16	18	1	1	2
1419	1175	15	18	2	2	1
1420	1057	32	33	3	1	3
1421	1108	31	33	3	2	3
1422	197	38	39	1	3	1
1423	377	13	15	3	2	1
1424	160	29	30	3	3	2
1425	941	15	18	2	1	3
1426	633	6	8	2	2	1
1427	986	27	30	2	1	1
1428	835	31	33	3	3	2
1429	1312	22	25	3	1	1
1430	193	26	27	3	2	3
1431	1365	1	4	2	1	1
1432	320	30	33	3	1	2
1433	338	13	15	2	3	2
1434	766	34	37	3	2	1
1435	79	28	30	2	2	1
1436	50	26	28	3	1	1
1437	745	2	4	3	2	2
1438	1259	23	24	1	1	3
1439	625	6	8	3	2	1
1440	174	18	20	2	2	1
1441	1095	13	14	3	2	1
1442	166	30	31	3	1	2
1443	647	37	38	1	3	1
1444	47	16	17	3	3	3
1445	1025	17	19	1	2	3
1446	1148	17	20	2	2	1
1447	335	24	25	1	1	3
1448	916	28	30	3	2	3
1449	729	4	5	3	1	1
1450	68	37	38	2	3	1
1451	908	32	35	1	3	3
1452	53	9	11	2	1	1
1453	1355	25	26	2	3	3
1454	237	30	31	2	1	3
1455	683	23	24	2	2	2
1456	158	12	14	2	1	1
1457	1052	34	35	2	2	1
1458	1309	29	32	3	3	3
1459	1290	10	12	2	2	2
1460	351	25	28	1	3	3
1461	771	36	37	3	3	3
1462	96	1	2	3	3	2
1463	1130	27	30	2	1	1
1464	652	15	16	2	1	1
1465	291	6	9	3	3	1
1466	448	13	15	1	1	2
1467	265	8	11	3	3	1
1468	694	5	6	1	2	1
1469	400	2	3	1	3	2
1470	224	20	22	1	3	3
1471	1085	6	8	3	1	1
1472	206	9	12	1	1	3
1473	1050	34	37	2	2	1
1474	1088	24	26	1	2	3
1475	1252	31	32	1	3	1
1476	802	3	6	3	2	1
1477	743	36	37	3	1	1
1478	319	11	14	2	2	2
1479	432	5	6	2	1	3
1480	249	4	7	2	2	2
1481	886	5	6	1	2	1
1482	423	34	36	2	1	3
1483	1239	1	4	3	2	3
1484	380	8	10	2	2	3
1485	704	10	11	1	1	2
1486	898	31	33	3	2	3
1487	386	12	14	3	1	1
1488	4	25	28	1	2	1
1489	973	9	11	1	1	2
1490	55	15	16	3	3	3
1491	634	21	23	2	2	2
1492	1260	5	8	2	1	1
1493	134	8	10	3	3	3
1494	1065	17	18	3	1	2
1495	1263	7	8	3	2	3
1496	794	35	37	2	3	3
1497	1170	8	10	1	3	2
1498	184	29	30	3	1	3
1499	532	33	36	2	3	2
1500	1140	6	7	2	1	3

