DATASET = ORTEC-hidden instance set VeRoLog competition
NAME = vehicles over tools over vehicle days over distance with 2500 requests over 70 days

DAYS = 70
CAPACITY = 35
MAX_TRIP_DISTANCE = 15000
DEPOT_COORDINATE = 0

VEHICLE_COST = 40000000
VEHICLE_DAY_COST = 3000
DISTANCE_COST = 1

TOOLS = 2
1	15	84	200000
2	12	86	200000

COORDINATES = 2182
0	3917	6819
1	7550	6136
2	7808	6140
3	5505	6141
4	6617	7532
5	5701	6147
6	5534	6148
7	9397	6149
8	8836	6150
9	9361	6153
10	8409	6157
11	7946	6158
12	8275	6163
13	9327	6163
14	5701	6166
15	8695	6166
16	8173	6168
17	8975	6171
18	9134	6173
19	3666	6175
20	4289	6176
21	9432	6187
22	5889	6188
23	7086	6195
24	8172	6195
25	8317	6142
26	7642	6198
27	7376	6202
28	7202	8147
29	6168	8008
30	7528	6208
31	8711	6210
32	8208	6215
33	7730	6217
34	7750	6226
35	7726	6228
36	8929	6147
37	7638	6238
38	3943	4146
39	3500	6242
40	4192	6249
41	6373	6250
42	8582	6262
43	7870	6264
44	6006	6270
45	4019	6272
46	8105	6278
47	6304	6279
48	7788	6295
49	8725	6298
50	6046	6301
51	7462	6312
52	6814	6313
53	7864	6313
54	3410	6163
55	3731	6165
56	7846	6340
57	6788	6348
58	8280	6352
59	7586	6354
60	3490	6356
61	4271	6357
62	8195	6360
63	8269	6368
64	3939	6380
65	7641	6381
66	4020	4170
67	6903	8573
68	7733	6396
69	6329	6398
70	7514	6409
71	3848	6424
72	6909	6430
73	7807	6435
74	6763	2339
75	6852	6456
76	3920	6466
77	7458	6469
78	8565	6469
79	7928	6470
80	8286	6473
81	7538	6188
82	3711	6477
83	7412	6477
84	3459	6483
85	3845	6487
86	6013	6496
87	3929	6497
88	3775	6509
89	9497	6011
90	7546	6512
91	6460	6518
92	8230	6518
93	7733	6519
94	7505	6526
95	7676	6527
96	7528	6534
97	7445	5852
98	4353	6540
99	5076	4197
100	4263	4198
101	7448	6550
102	8262	6560
103	6748	6560
104	8665	6569
105	7824	6573
106	7287	6576
107	7941	6577
108	6960	6588
109	7548	6593
110	3465	6593
111	8443	6593
112	8721	6595
113	7994	6596
114	4032	6597
115	6307	6597
116	4127	6603
117	5939	8213
118	7504	6604
119	8080	6605
120	7641	6607
121	7125	6613
122	8343	6614
123	4402	3946
124	8574	6621
125	8369	6623
126	7804	6627
127	8872	6631
128	8691	6632
129	3556	6217
130	6848	209
131	3411	6663
132	7861	6665
133	8321	6666
134	8631	6669
135	7976	6671
136	3838	6673
137	7685	6673
138	7282	6675
139	3869	4218
140	4066	6676
141	7817	6678
142	8062	6679
143	8642	6679
144	7770	6681
145	7216	6689
146	3748	6694
147	6556	8230
148	7961	6710
149	8388	6713
150	7950	6720
151	7186	8233
152	8488	4226
153	3680	6730
154	7002	6731
155	6909	6733
156	8479	6736
157	7819	6739
158	8701	6741
159	7192	6742
160	7997	6751
161	3508	6757
162	6534	6760
163	8625	6763
164	4180	6765
165	3979	6765
166	8679	6773
167	8546	6786
168	7687	6788
169	3645	6792
170	3708	4752
171	7348	6801
172	8704	6811
173	8205	6813
174	3363	6820
175	3718	6821
176	7558	6823
177	3698	6826
178	4218	6830
179	4032	6832
180	8680	6841
181	8737	6842
182	8479	6842
183	8307	6843
184	9081	8356
185	3492	6847
186	8633	6863
187	4281	4251
188	8758	6876
189	7749	6876
190	6246	4252
191	8681	6885
192	8117	6888
193	4045	6891
194	5019	2754
195	4627	6910
196	8345	6911
197	9547	6913
198	8681	6921
199	9657	6925
200	7452	6940
201	9426	6941
202	7462	6948
203	8516	6950
204	3835	6956
205	4126	4574
206	7531	6959
207	7794	6961
208	3649	4267
209	6777	6969
210	9267	6971
211	9110	6976
212	8412	6979
213	8373	7004
214	6907	7012
215	9155	7015
216	4290	7026
217	7370	7029
218	6395	4278
219	7485	7033
220	8507	4279
221	4570	7041
222	4515	4281
223	8759	7067
224	4795	7071
225	4012	7073
226	3982	7074
227	6886	7074
228	3466	7079
229	8919	7079
230	3995	7081
231	6793	7082
232	8857	7087
233	7533	7091
234	4505	7093
235	8766	7097
236	7938	7101
237	8242	7105
238	4528	2361
239	8923	7121
240	7184	7129
241	9316	7132
242	3938	7135
243	3985	7146
244	7929	7147
245	8140	7148
246	8805	7151
247	8916	7159
248	5891	7163
249	4418	7167
250	8646	7168
251	4779	3964
252	4181	7175
253	6903	7177
254	7324	7180
255	7562	7181
256	4491	7183
257	7121	7183
258	3511	7189
259	9083	7196
260	6726	7197
261	7759	7198
262	7241	7206
263	8985	7209
264	4032	7222
265	2288	4310
266	4097	7228
267	7766	7241
268	4074	7243
269	9124	7246
270	8058	7258
271	7625	7259
272	4140	7267
273	8542	7267
274	4195	7268
275	8329	7268
276	8813	7274
277	7388	7274
278	4458	7277
279	4300	7278
280	6694	7279
281	6719	7299
282	3919	7301
283	3945	7304
284	5631	4324
285	8214	7316
286	6689	7320
287	7090	7322
288	7793	7324
289	4062	7325
290	6671	7329
291	8524	7336
292	9425	7345
293	3449	5972
294	7613	7352
295	7852	7359
296	7332	7359
297	7829	7363
298	3892	7365
299	8742	7367
300	5094	4335
301	7742	7378
302	6382	7381
303	6583	7389
304	7256	7390
305	7102	7391
306	7643	7400
307	7228	7400
308	7245	7402
309	8050	7403
310	3929	7416
311	6549	2338
312	7767	7419
313	8895	5974
314	6494	7576
315	8342	6350
316	9015	7445
317	7309	7458
318	6565	7461
319	7965	8356
320	3857	7466
321	8979	7472
322	8652	7474
323	7282	7476
324	8365	7480
325	6588	7487
326	6845	7488
327	6941	7490
328	9628	7502
329	8259	7513
330	6486	7515
331	3775	7520
332	8119	7528
333	8782	7531
334	8861	7535
335	8781	7536
336	3542	7541
337	6918	7542
338	6448	7544
339	7043	7544
340	7700	7563
341	5696	7980
342	8770	7573
343	6770	7579
344	4513	7581
345	8641	4370
346	6887	7589
347	3796	7596
348	3920	7601
349	8478	7603
350	4388	4373
351	6389	7609
352	8553	7610
353	7734	7611
354	7300	7612
355	7905	7615
356	7920	7617
357	6194	7618
358	7529	7621
359	7112	7627
360	6507	7633
361	8475	7633
362	2908	2779
363	4486	7639
364	2500	4380
365	7400	8386
366	8145	7643
367	3480	7647
368	8519	7654
369	6346	7655
370	7286	7656
371	7994	7657
372	9098	7659
373	7501	7663
374	5712	7665
375	8699	7670
376	7441	7670
377	6938	7678
378	7570	7679
379	8917	7680
380	7059	7692
381	7075	7702
382	8100	7702
383	4323	4390
384	3533	7705
385	8544	7705
386	7206	4390
387	5358	7712
388	4161	7720
389	7043	4392
390	8572	7723
391	6804	7728
392	5429	7731
393	3555	7733
394	5340	7733
395	7156	7744
396	6235	7751
397	5856	7751
398	7180	7757
399	5393	7761
400	5348	7763
401	8782	7763
402	5598	7768
403	6719	7773
404	5429	7774
405	6652	6406
406	8117	7789
407	5620	7793
408	7350	7793
409	6575	7797
410	6625	7797
411	5229	7804
412	6782	7819
413	6816	7820
414	5545	7829
415	7162	7830
416	8414	7831
417	4425	4412
418	8825	7834
419	5358	7841
420	3648	4414
421	8379	7848
422	4172	7856
423	9154	7858
424	6859	7860
425	4274	7862
426	8403	7862
427	6928	7862
428	6025	7865
429	8706	7868
430	8795	8424
431	5293	7873
432	5448	7874
433	5350	7883
434	9645	7886
435	7453	7888
436	6222	7892
437	6757	7893
438	3674	7911
439	7123	7911
440	7296	7912
441	6783	7913
442	6012	7928
443	6496	7930
444	8364	7936
445	8259	7937
446	7625	8437
447	4189	7953
448	6362	7953
449	4263	5591
450	6965	7960
451	4357	4433
452	5440	7964
453	5680	7966
454	6014	7968
455	6955	7973
456	9704	7975
457	5532	7977
458	5364	7980
459	5995	7984
460	7949	7995
461	8468	7997
462	6902	7999
463	5885	8002
464	8663	8003
465	8445	8010
466	5795	8011
467	8197	5593
468	7047	8014
469	5399	8015
470	6402	8016
471	5427	8024
472	7261	8027
473	9276	8030
474	5448	8042
475	6888	8051
476	7487	8053
477	7728	8064
478	7313	8064
479	7521	8068
480	8891	8458
481	9723	8077
482	7075	8078
483	6280	8080
484	8029	7997
485	5543	8082
486	6001	8084
487	6237	8087
488	3704	5196
489	5866	7998
490	7114	8098
491	8143	8099
492	4498	5196
493	7228	8111
494	5469	8117
495	6064	8121
496	6456	8121
497	4999	4459
498	8246	4460
499	6210	8134
500	6022	8135
501	8131	4462
502	4690	3596
503	7581	8143
504	5896	8147
505	7561	8156
506	7639	8156
507	6126	8158
508	5704	6470
509	5447	8171
510	5541	8172
511	7266	8179
512	6909	8180
513	4093	4469
514	6232	8181
515	9730	8188
516	5736	8480
517	9249	8209
518	8442	4475
519	6748	8227
520	7180	8231
521	7544	8234
522	8683	8236
523	5690	8237
524	8803	8239
525	4170	4479
526	5920	8251
527	6307	8255
528	6102	8261
529	6443	8262
530	5746	8277
531	7153	8278
532	8045	8283
533	7753	8293
534	7327	8294
535	6853	8295
536	6962	8296
537	7501	8298
538	6537	8302
539	5361	8302
540	5818	8320
541	5788	8324
542	9555	8326
543	7174	8333
544	9951	8345
545	7791	8346
546	7259	8356
547	9351	8361
548	8073	6503
549	7326	8371
550	8529	4501
551	3589	8378
552	8782	8379
553	5487	8510
554	7890	8386
555	9358	8387
556	8186	8390
557	5623	8393
558	8412	8397
559	6552	8401
560	3578	8402
561	7756	8405
562	9363	8411
563	7212	8514
564	3877	8418
565	8174	8419
566	7578	8420
567	6381	8424
568	6244	8427
569	6678	8439
570	7054	8450
571	5470	8452
572	7839	4515
573	7716	8459
574	8864	8461
575	6504	8464
576	6384	8467
577	5585	8467
578	7799	8467
579	7396	8471
580	5985	8479
581	7697	4519
582	6483	8484
583	7814	8487
584	6269	8490
585	3651	8492
586	6696	8494
587	7180	8494
588	7664	8496
589	6181	8500
590	7042	8501
591	7368	8501
592	6886	8503
593	6128	8509
594	7239	8532
595	7856	8515
596	4001	6528
597	7918	8520
598	7913	8531
599	6874	8534
600	6846	8539
601	6475	8542
602	6272	8546
603	4521	4010
604	5796	4530
605	7210	8551
606	5571	8559
607	7780	8565
608	8829	4533
609	7485	8570
610	7437	8571
611	8460	8573
612	7761	8578
613	7663	8586
614	3519	6541
615	8211	8595
616	6296	8596
617	5891	8603
618	9131	6013
619	6209	8607
620	7622	8608
621	6934	8609
622	7654	8610
623	7792	8621
624	7506	8625
625	6454	8626
626	6283	8630
627	3770	8634
628	3933	6549
629	7794	8637
630	8655	8639
631	5661	8641
632	7401	8642
633	8092	4546
634	8266	8643
635	7750	8650
636	8218	8657
637	9086	6015
638	5605	8666
639	7753	8668
640	8382	8674
641	7964	4552
642	6173	8685
643	6390	8686
644	6514	8692
645	7242	8694
646	9485	6016
647	4586	2414
648	6313	8700
649	6430	8705
650	5961	8710
651	7541	8712
652	5914	8715
653	7496	8720
654	6742	8724
655	8119	8735
656	7222	8737
657	5612	8743
658	5437	8754
659	6195	8762
660	7764	8763
661	6494	8764
662	7215	8767
663	8930	6018
664	5441	8773
665	7495	8777
666	6824	8794
667	5697	8795
668	6318	8799
669	7723	8802
670	8103	8828
671	5815	8835
672	7338	8838
673	7539	8840
674	5589	8842
675	8673	4583
676	5921	8867
677	6068	8870
678	5825	2584
679	8793	8895
680	7080	8895
681	5928	8899
682	7394	8902
683	8480	8903
684	8907	8917
685	6692	8918
686	6103	8919
687	5847	8924
688	4199	4593
689	3764	6597
690	5382	8927
691	5595	8931
692	9469	8949
693	7851	8953
694	7903	8954
695	5571	8957
696	5824	8960
697	7628	8963
698	7711	8969
699	8801	8973
700	7252	8977
701	3986	4268
702	3750	8611
703	6871	9000
704	8795	9004
705	7986	9007
706	7293	9018
707	7888	9019
708	5496	9020
709	7965	9022
710	7453	9023
711	5726	9032
712	7336	9041
713	6666	9042
714	6442	9053
715	6818	9067
716	5791	9069
717	8002	9074
718	7360	9085
719	6334	9087
720	6893	8831
721	8185	9094
722	8548	9096
723	9670	9100
724	8141	9105
725	8214	9108
726	7816	5629
727	9254	9110
728	6860	6628
729	6560	9114
730	9526	9117
731	7545	9129
732	7751	9147
733	6361	9149
734	8269	9174
735	9737	8641
736	6177	9177
737	7535	9181
738	6398	9190
739	5128	4638
740	6316	9204
741	7501	9205
742	6904	9206
743	8098	9207
744	7058	2636
745	7311	9208
746	8611	6644
747	6310	9217
748	5893	9234
749	8756	9235
750	6336	9237
751	7875	9239
752	8918	9240
753	7384	9244
754	7574	9247
755	8198	9248
756	9298	5234
757	7909	9254
758	8941	9258
759	6830	9260
760	8364	9260
761	7966	9261
762	6579	9263
763	7926	9267
764	7994	9274
765	6206	2649
766	8683	9283
767	7512	9288
768	8313	9297
769	8272	9304
770	6719	9311
771	8064	9311
772	8814	9312
773	8597	9314
774	5697	6662
775	8745	9320
776	8951	9321
777	8010	9323
778	9006	9326
779	7051	9331
780	7564	9333
781	8207	6664
782	6462	9336
783	8790	6665
784	6759	9346
785	6921	9347
786	8890	9349
787	7421	9352
788	8860	9354
789	6973	9360
790	9051	9362
791	8868	9369
792	6144	9370
793	8624	9374
794	8707	9376
795	9043	9385
796	6725	9389
797	7693	6675
798	9039	9396
799	8467	9408
800	8389	9414
801	6755	9423
802	7006	9424
803	6521	9429
804	8797	9433
805	6636	9434
806	9175	9438
807	7217	9446
808	8524	9452
809	8301	9455
810	7908	4682
811	6681	9464
812	6592	9468
813	8505	9468
814	7203	9470
815	8995	9471
816	8749	9476
817	8391	9478
818	6935	9479
819	7102	9496
820	6741	9501
821	7171	9503
822	7928	9504
823	7102	9504
824	8302	9512
825	6809	9513
826	8219	9514
827	9176	9517
828	6778	9519
829	8122	8699
830	7001	9525
831	8393	9531
832	5608	2694
833	7234	9568
834	9167	9580
835	8394	9583
836	8286	9586
837	4188	4705
838	6939	8712
839	6322	8715
840	8057	9613
841	3842	2705
842	6796	9621
843	5045	9642
844	5076	9654
845	7222	8723
846	5151	9677
847	4126	5249
848	7412	9719
849	7202	6734
850	8724	9762
851	8752	9765
852	6474	8742
853	8847	9789
854	5162	2737
855	6042	9864
856	6453	9874
857	6391	9876
858	3704	6761
859	4876	2757
860	7417	4764
861	6238	8773
862	8912	7259
863	2192	4058
864	7352	10000
865	9509	8781
866	9451	5660
867	5486	4780
868	3495	2776
869	9400	6061
870	8431	4781
871	6160	2782
872	5901	8800
873	8620	4801
874	5972	8278
875	8165	6808
876	3866	2801
877	5581	4807
878	4162	6821
879	7520	4820
880	2302	2818
881	4016	3269
882	8357	4825
883	5805	2825
884	7658	8073
885	3848	4472
886	7035	2843
887	2871	4850
888	8714	4852
889	8478	4852
890	3820	8478
891	5429	4855
892	5367	2855
893	6169	7680
894	5702	4888
895	8770	6891
896	8626	8899
897	3933	6903
898	3564	4899
899	2788	4905
900	6160	2903
901	3922	2905
902	6952	6913
903	3076	5287
904	5319	4916
905	6342	2920
906	9760	8091
907	8748	4931
908	7457	6943
909	8208	6093
910	7774	6094
911	8490	6947
912	8370	4947
913	3972	4950
914	6405	6961
915	8784	4961
916	4320	6966
917	6675	8971
918	3529	2963
919	8728	4966
920	4273	4498
921	3828	4976
922	5299	4978
923	4079	6984
924	8627	4988
925	7955	6993
926	4205	7002
927	8308	6105
928	3977	7010
929	7724	6506
930	5499	3003
931	9011	5019
932	3848	5020
933	8019	5308
934	7960	5021
935	6140	5025
936	6314	3024
937	7124	9488
938	4766	7035
939	5960	5031
940	7574	5031
941	7352	4303
942	9071	6115
943	1209	3052
944	8446	5055
945	7780	9066
946	6688	3066
947	3231	5078
948	6805	9084
949	4770	3076
950	7066	3319
951	6818	2519
952	9007	5085
953	3374	3088
954	8719	5099
955	4676	3104
956	6648	0
957	5897	3112
958	6876	54
959	6395	66
960	7711	5120
961	6610	87
962	6356	3120
963	3511	5125
964	7910	7129
965	3966	4530
966	6717	115
967	8670	5129
968	6375	128
969	4493	7135
970	6398	134
971	3454	5169
972	7619	7140
973	7765	5489
974	6341	207
975	6438	208
976	6262	220
977	6549	226
978	6539	278
979	6496	9339
980	6809	6537
981	7499	9166
982	6584	313
983	6881	316
984	6443	319
985	6831	133
986	6710	348
987	8643	7175
988	8472	5173
989	8897	8542
990	6878	7742
991	7694	6541
992	6559	426
993	8142	5186
994	8726	5187
995	9225	7192
996	4867	3186
997	6417	498
998	8374	9204
999	5361	8147
1000	2500	3199
1001	7910	5202
1002	6274	585
1003	7989	7214
1004	5755	5217
1005	6560	718
1006	6576	723
1007	8586	5234
1008	6828	811
1009	6083	9253
1010	8498	9254
1011	4591	5248
1012	7202	5248
1013	8378	5249
1014	9333	5253
1015	7375	8616
1016	7353	7259
1017	5592	3253
1018	6429	911
1019	1168	2957
1020	6120	3262
1021	8778	7271
1022	4176	3268
1023	8848	9281
1024	5356	3272
1025	8740	5895
1026	6772	1021
1027	7347	9287
1028	3374	4162
1029	8764	6164
1030	7888	5300
1031	6256	8567
1032	6560	1158
1033	7551	8967
1034	5798	3304
1035	3574	3305
1036	7863	7312
1037	7399	9323
1038	8447	4967
1039	6814	1256
1040	6945	1287
1041	6885	1288
1042	6461	6170
1043	6774	1324
1044	6846	3496
1045	6428	1337
1046	8024	5333
1047	2980	5335
1048	6991	1359
1049	7111	5337
1050	6613	1371
1051	6483	3338
1052	4011	3344
1053	8298	6175
1054	6933	1470
1055	6576	7359
1056	7037	5362
1057	5603	3361
1058	8510	9381
1059	5075	5372
1060	7046	5372
1061	4290	7379
1062	6346	1604
1063	6971	1606
1064	6208	1653
1065	6578	1665
1066	6994	1670
1067	6747	1678
1068	6934	3387
1069	7614	5392
1070	6326	1710
1071	6821	9401
1072	6461	1741
1073	5668	5402
1074	5661	3402
1075	6559	1778
1076	6450	1786
1077	1267	3404
1078	6550	9414
1079	7068	1797
1080	7910	5409
1081	1101	1823
1082	296	1834
1083	7737	7419
1084	4024	5421
1085	6743	1877
1086	6810	1889
1087	6472	1915
1088	6550	1915
1089	5123	1918
1090	6416	1968
1091	7018	7445
1092	5145	2014
1093	5226	2015
1094	4428	5445
1095	6340	2024
1096	7247	2026
1097	8587	5449
1098	6458	2050
1099	6237	2063
1100	405	2069
1101	6005	2069
1102	7687	5456
1103	6213	2088
1104	4246	3454
1105	7155	2089
1106	5325	2094
1107	850	2096
1108	6077	2101
1109	6099	2108
1110	7991	5462
1111	5295	2129
1112	5758	2132
1113	4852	2136
1114	6896	2137
1115	7048	5467
1116	5091	2165
1117	6086	2179
1118	3517	6200
1119	4845	2184
1120	6319	2204
1121	8824	5800
1122	6209	2218
1123	4850	2222
1124	319	2227
1125	6104	2234
1126	703	2253
1127	4651	2260
1128	6942	5487
1129	4786	2269
1130	6351	2277
1131	4842	2284
1132	6537	2297
1133	6363	2302
1134	6403	2302
1135	5113	2317
1136	1607	2320
1137	4611	2324
1138	9061	9503
1139	6518	7502
1140	9166	5499
1141	6418	2339
1142	5041	2343
1143	5057	2344
1144	5098	2365
1145	4678	2366
1146	6531	2371
1147	4755	2376
1148	6332	2383
1149	6314	2394
1150	3723	7515
1151	7542	5511
1152	6747	2413
1153	3686	2414
1154	6700	2447
1155	6878	2448
1156	6860	2450
1157	7621	5520
1158	4847	2470
1159	1120	2476
1160	6790	2499
1161	2622	2503
1162	6277	2503
1163	3835	2516
1164	3061	2518
1165	4180	7533
1166	6208	2519
1167	5982	2528
1168	3126	2532
1169	6229	2535
1170	5950	2538
1171	5161	2539
1172	5019	2546
1173	6911	2548
1174	3845	2554
1175	4968	2559
1176	6086	3532
1177	2598	2561
1178	6523	9415
1179	5151	2579
1180	4543	3536
1181	2474	2581
1182	6492	2587
1183	4826	2588
1184	2741	2599
1185	6939	2603
1186	3995	2608
1187	4180	2612
1188	5767	2613
1189	4220	2615
1190	2451	2615
1191	2839	2624
1192	3970	2627
1193	4244	2630
1194	3318	2635
1195	6792	2635
1196	916	2637
1197	773	2637
1198	6291	2645
1199	6658	2654
1200	2881	2659
1201	6756	2680
1202	4008	2681
1203	3322	2684
1204	4893	2694
1205	6208	2695
1206	4201	2698
1207	4791	2699
1208	2608	2705
1209	4821	2707
1210	6750	2718
1211	4763	2719
1212	4189	2725
1213	5155	2728
1214	5045	2731
1215	3822	2737
1216	2841	2740
1217	6974	7569
1218	3539	2746
1219	3415	2753
1220	2780	2755
1221	5484	3567
1222	4236	2775
1223	4260	3568
1224	5069	2778
1225	6010	2782
1226	393	2783
1227	4457	2784
1228	6188	2790
1229	4802	2792
1230	685	2795
1231	3498	2802
1232	4207	5577
1233	4216	2807
1234	3543	2812
1235	7645	7583
1236	7058	2825
1237	6632	2846
1238	6469	2855
1239	2482	2868
1240	4201	2872
1241	4081	2881
1242	6781	2887
1243	633	2890
1244	6047	2889
1245	6414	2891
1246	3219	2892
1247	4156	2894
1248	2335	2903
1249	6584	2905
1250	4832	2910
1251	2616	2916
1252	5896	2917
1253	5061	2918
1254	6134	2921
1255	251	2924
1256	2996	2928
1257	2517	2932
1258	6756	7601
1259	638	2937
1260	3562	2940
1261	4439	5600
1262	6417	2953
1263	5917	2954
1264	4144	2958
1265	5958	2959
1266	5325	2964
1267	2976	2971
1268	4080	3601
1269	2434	2975
1270	3157	2977
1271	5101	2983
1272	5725	2985
1273	6421	2990
1274	6864	2994
1275	5221	2994
1276	6631	3003
1277	5669	3011
1278	6260	3014
1279	6448	3014
1280	2210	3015
1281	5169	3017
1282	6759	9619
1283	5647	3023
1284	6287	3024
1285	5355	3025
1286	2761	3028
1287	5475	3031
1288	5560	3033
1289	5598	3034
1290	4139	7619
1291	1012	3038
1292	3207	3042
1293	1198	3044
1294	6813	3050
1295	3106	3053
1296	2286	3057
1297	3409	3058
1298	6227	3059
1299	6465	3060
1300	6455	3060
1301	5553	3074
1302	6333	3088
1303	6241	3090
1304	2556	3090
1305	5493	3090
1306	4686	3104
1307	4563	3104
1308	6659	3107
1309	4798	3108
1310	7106	3109
1311	2524	3117
1312	5979	3117
1313	5891	3118
1314	2685	3119
1315	5346	3125
1316	6584	3125
1317	4933	3128
1318	3159	3131
1319	3747	3133
1320	4899	3142
1321	6308	3142
1322	5336	3155
1323	3238	3158
1324	3331	3160
1325	4289	3161
1326	5932	3163
1327	6495	8634
1328	6649	3178
1329	6766	3185
1330	5861	3186
1331	6028	3189
1332	1696	3193
1333	6200	3198
1334	5693	3215
1335	6166	3218
1336	1393	3220
1337	7137	3221
1338	9627	8636
1339	6618	3234
1340	6330	3240
1341	1530	3242
1342	6031	3249
1343	6407	3254
1344	5259	3260
1345	4830	3260
1346	6421	3263
1347	3999	3264
1348	6522	3280
1349	5595	3288
1350	5151	3309
1351	2345	3314
1352	6402	3322
1353	5532	3323
1354	6821	3326
1355	6530	3335
1356	4206	3336
1357	3656	3339
1358	5169	3339
1359	4079	3340
1360	6372	3342
1361	1587	3345
1362	1605	3347
1363	6506	3348
1364	5557	3349
1365	4321	3350
1366	5430	3355
1367	1397	3361
1368	4554	3366
1369	4246	3367
1370	3982	3373
1371	4811	3375
1372	4030	3380
1373	6422	3392
1374	3745	3393
1375	6562	3394
1376	6284	7679
1377	5343	3399
1378	4855	3400
1379	3971	3403
1380	5230	3408
1381	6070	3409
1382	4287	3410
1383	2110	3416
1384	5518	3444
1385	6856	3454
1386	1253	3472
1387	9564	5688
1388	5644	3475
1389	2331	3476
1390	5488	3480
1391	6514	3480
1392	5656	3483
1393	5580	3484
1394	4078	3490
1395	6050	3491
1396	4487	3500
1397	5259	3689
1398	3584	3505
1399	7815	5695
1400	4675	3517
1401	6338	3524
1402	8663	6644
1403	4674	3528
1404	4834	3531
1405	9158	5043
1406	3602	3533
1407	5938	3536
1408	8674	6645
1409	4412	3537
1410	7610	5699
1411	4666	3546
1412	4211	3552
1413	6284	3554
1414	4845	3558
1415	4710	3561
1416	4228	3564
1417	4222	3568
1418	4235	3568
1419	4354	3569
1420	4710	3570
1421	5299	3579
1422	6316	3703
1423	4646	3584
1424	6157	3589
1425	4754	3589
1426	4847	3590
1427	2674	3594
1428	5856	3601
1429	6866	5709
1430	4225	3706
1431	7931	5711
1432	5979	3614
1433	6390	3615
1434	4267	3616
1435	5584	4246
1436	8076	7716
1437	7512	5714
1438	5866	3632
1439	5224	3633
1440	4368	3640
1441	6163	3645
1442	6385	3652
1443	5475	3654
1444	6021	3670
1445	4954	3671
1446	5490	3672
1447	5374	3677
1448	5113	3680
1449	4485	3680
1450	4974	3686
1451	5987	3689
1452	4873	3693
1453	4737	3694
1454	8028	5449
1455	4697	3696
1456	4757	3703
1457	4444	3703
1458	2057	3712
1459	4791	3712
1460	4007	5730
1461	3481	3727
1462	5732	3730
1463	5969	3731
1464	9177	5732
1465	4706	3747
1466	4718	3751
1467	5767	8654
1468	4648	3765
1469	1809	3765
1470	2939	3771
1471	4942	3771
1472	6762	3774
1473	5526	3738
1474	4794	3795
1475	4413	3811
1476	6721	3811
1477	4503	3820
1478	9052	5854
1479	5808	3826
1480	5344	3846
1481	6377	1746
1482	5103	3865
1483	3992	5055
1484	5432	3887
1485	5727	3905
1486	4433	3928
1487	2388	3945
1488	6097	3948
1489	4567	3950
1490	4454	3953
1491	4912	3957
1492	6766	3979
1493	3774	3985
1494	4343	3987
1495	9384	7777
1496	6241	3990
1497	5485	3991
1498	3709	3991
1499	3976	3992
1500	6722	3997
1501	3670	3997
1502	2155	4002
1503	4273	4028
1504	7732	4028
1505	8039	7785
1506	3728	4045
1507	3571	4052
1508	7819	4057
1509	4142	4059
1510	6053	4058
1511	8784	4260
1512	3970	4064
1513	5727	4070
1514	6952	4071
1515	4888	4072
1516	4850	4073
1517	3825	4076
1518	4116	4080
1519	5954	4083
1520	1929	4085
1521	3951	4085
1522	3524	4086
1523	3573	4097
1524	3758	4100
1525	2142	4100
1526	8037	4101
1527	5908	4105
1528	8044	4118
1529	3812	4119
1530	1899	4124
1531	8194	4126
1532	4196	4128
1533	7981	9466
1534	4278	4137
1535	3515	4138
1536	8347	4141
1537	4076	4147
1538	5217	4168
1539	3688	4172
1540	3463	4174
1541	4074	4179
1542	8312	4181
1543	3466	4189
1544	5044	4191
1545	5009	4196
1546	4328	4197
1547	3832	4205
1548	6457	4206
1549	6877	4208
1550	3547	4212
1551	8533	4213
1552	4794	4217
1553	6381	4219
1554	4016	4226
1555	8167	4226
1556	5168	4227
1557	5112	4231
1558	4740	4235
1559	4151	4236
1560	3809	4241
1561	4480	4243
1562	4899	4246
1563	7104	4246
1564	3866	4249
1565	3702	4251
1566	3688	4252
1567	7052	4252
1568	5043	4258
1569	4185	4258
1570	8250	4258
1571	4070	4261
1572	8062	4263
1573	8821	4266
1574	5089	4269
1575	4985	4271
1576	4666	4272
1577	6210	4274
1578	6304	4275
1579	2383	4282
1580	3294	4283
1581	6335	3819
1582	4790	4288
1583	4573	4289
1584	8050	4289
1585	5599	4293
1586	8860	4293
1587	5347	7828
1588	6365	4297
1589	5531	4305
1590	7325	7830
1591	4444	4308
1592	8504	4308
1593	5190	4312
1594	6201	4314
1595	3868	4315
1596	8271	4315
1597	8258	4316
1598	5443	4317
1599	8714	4317
1600	8299	4319
1601	7861	5829
1602	4395	4324
1603	8775	4323
1604	6136	4325
1605	6166	4327
1606	3533	4328
1607	4162	4331
1608	6198	4331
1609	8664	4332
1610	4765	4338
1611	5009	4339
1612	4491	4349
1613	3298	4352
1614	4421	4369
1615	8362	4369
1616	8167	4370
1617	2573	4376
1618	7291	4377
1619	4158	4379
1620	4072	4384
1621	6089	4391
1622	4467	4401
1623	6324	4402
1624	4644	4403
1625	3431	4405
1626	7189	4405
1627	2698	3841
1628	3944	4422
1629	3837	4423
1630	8317	4425
1631	2578	4428
1632	2394	4429
1633	3724	4430
1634	2414	4432
1635	3590	4433
1636	8872	4436
1637	8978	4438
1638	9054	4440
1639	8570	4442
1640	6969	4444
1641	2467	4446
1642	3617	4450
1643	4714	4452
1644	7905	4452
1645	3339	4459
1646	7379	4460
1647	3678	4465
1648	4254	4465
1649	5799	4467
1650	4121	4470
1651	3851	4473
1652	5208	4478
1653	5240	4482
1654	7571	4488
1655	7200	4491
1656	5753	4498
1657	9356	5859
1658	8189	4502
1659	7063	4504
1660	4663	4506
1661	8517	4506
1662	5957	8679
1663	8030	4510
1664	7191	4514
1665	5779	4523
1666	5293	4525
1667	8718	5863
1668	2377	4531
1669	8078	4531
1670	4755	4533
1671	8686	4534
1672	7878	4537
1673	5754	4538
1674	3342	4545
1675	8160	4547
1676	7188	4549
1677	6839	4551
1678	3336	4557
1679	8214	4557
1680	5180	4561
1681	6036	8641
1682	8190	4562
1683	8516	4563
1684	8568	4564
1685	8362	4569
1686	4116	4572
1687	4368	4573
1688	7125	4580
1689	5134	4591
1690	8856	4594
1691	4269	4602
1692	7703	4604
1693	7565	4605
1694	4313	4612
1695	7344	4615
1696	8611	4616
1697	3842	4621
1698	3785	4625
1699	3859	4626
1700	8796	4626
1701	7614	4628
1702	8438	4634
1703	8854	5881
1704	8192	4638
1705	7393	4642
1706	7805	4643
1707	8295	4645
1708	7987	4646
1709	4025	4649
1710	4034	4661
1711	3784	4665
1712	4116	4666
1713	8281	4670
1714	7331	4672
1715	4741	4683
1716	4080	4688
1717	3947	4691
1718	2838	4694
1719	8226	4693
1720	8686	5891
1721	4235	4701
1722	7625	4701
1723	4858	4712
1724	7409	4714
1725	7917	5895
1726	8036	4723
1727	4065	4725
1728	7732	4725
1729	5125	5897
1730	8598	4733
1731	5462	4734
1732	8085	4739
1733	8094	4742
1734	3752	4746
1735	7984	4748
1736	7235	4750
1737	8400	4751
1738	4219	4754
1739	4697	4762
1740	8446	4762
1741	7426	4763
1742	4030	4764
1743	4173	4771
1744	8152	4773
1745	5468	4775
1746	3969	4776
1747	8572	4781
1748	8607	4785
1749	8708	4794
1750	7196	4796
1751	5699	4798
1752	3646	4801
1753	5725	4802
1754	9634	5909
1755	9777	7913
1756	7571	5910
1757	7245	4811
1758	7502	4816
1759	8589	4817
1760	8241	4817
1761	8049	4818
1762	7237	4820
1763	8120	4823
1764	8650	4823
1765	3990	4825
1766	3790	4826
1767	5571	4827
1768	8605	4832
1769	5306	4836
1770	7616	4840
1771	3547	4843
1772	3773	4849
1773	7811	4852
1774	4762	4854
1775	7897	4856
1776	5443	4856
1777	3762	4858
1778	3733	4861
1779	7517	4863
1780	8538	4865
1781	3495	4866
1782	8329	4866
1783	8760	4868
1784	7539	4870
1785	3822	4874
1786	8769	4875
1787	2930	4876
1788	7924	4879
1789	3513	4883
1790	4247	4888
1791	5351	4891
1792	8474	4893
1793	8639	4897
1794	3480	4902
1795	4044	4904
1796	8557	4904
1797	3944	4906
1798	8421	4913
1799	7349	4921
1800	7139	4925
1801	3459	4932
1802	8406	4938
1803	4369	4327
1804	6987	4944
1805	3400	4945
1806	5634	4945
1807	5385	4947
1808	3850	4952
1809	7547	4955
1810	7274	4956
1811	7949	4959
1812	8173	4962
1813	8022	4965
1814	8091	4979
1815	3453	4980
1816	3663	4984
1817	4123	4988
1818	3764	4995
1819	7015	5942
1820	3810	5006
1821	8107	5010
1822	8645	5017
1823	7248	5019
1824	3827	5026
1825	7903	5026
1826	4447	5028
1827	7978	5031
1828	4234	5038
1829	9054	5039
1830	8280	5041
1831	5446	5043
1832	3492	5049
1833	7318	8296
1834	8336	5051
1835	5336	7955
1836	7921	5052
1837	8101	5063
1838	8082	5064
1839	8331	5067
1840	8184	5067
1841	3842	5070
1842	3058	5073
1843	8600	5073
1844	8697	5074
1845	7806	5081
1846	3794	5082
1847	7817	5083
1848	4186	5085
1849	8952	5085
1850	9018	5089
1851	5456	5091
1852	9043	5097
1853	4114	5099
1854	4179	5100
1855	7105	5101
1856	8691	5101
1857	8483	5106
1858	7031	5106
1859	4105	5108
1860	9100	5109
1861	5610	5963
1862	7170	5123
1863	4553	5130
1864	9132	5134
1865	4486	5145
1866	4201	5147
1867	8122	5151
1868	3125	5154
1869	8759	5153
1870	8246	5154
1871	5459	5155
1872	9464	5968
1873	7217	5156
1874	6829	9501
1875	5692	5899
1876	7418	7900
1877	6956	5163
1878	4033	5165
1879	8719	5166
1880	8402	5168
1881	6997	5170
1882	8156	5172
1883	3260	5176
1884	4244	5499
1885	8020	5186
1886	7321	5190
1887	8190	5192
1888	4919	5193
1889	4273	5194
1890	5142	5196
1891	9245	5197
1892	8246	5202
1893	7686	5204
1894	3192	5208
1895	7603	5212
1896	3556	5216
1897	4264	5218
1898	3684	5219
1899	5020	5221
1900	9060	5221
1901	3750	5223
1902	5090	1973
1903	4171	5231
1904	7110	5230
1905	8195	5242
1906	8181	5242
1907	7015	5244
1908	7759	5246
1909	8825	5246
1910	8183	5249
1911	4289	5253
1912	5187	5258
1913	8361	5264
1914	5210	5268
1915	8964	5270
1916	7413	5272
1917	4280	5274
1918	8176	5277
1919	5058	5280
1920	8607	5283
1921	4283	5285
1922	9070	5285
1923	4148	5294
1924	8168	4243
1925	4185	5301
1926	8697	5302
1927	9352	5306
1928	8944	5309
1929	7964	5312
1930	8676	5313
1931	7820	5317
1932	8627	5318
1933	5273	5326
1934	7026	5334
1935	7746	5334
1936	7955	5339
1937	8626	5339
1938	8246	5340
1939	7866	5342
1940	7696	5350
1941	3667	4304
1942	4024	5353
1943	6272	8005
1944	8291	5355
1945	4276	5360
1946	7966	5360
1947	8036	5366
1948	7584	5366
1949	7985	5368
1950	7100	5371
1951	3074	5372
1952	4473	5376
1953	8416	5377
1954	7891	5378
1955	8449	5380
1956	5042	5387
1957	4276	5388
1958	8637	5389
1959	5547	5391
1960	6987	5391
1961	8847	5392
1962	7207	5393
1963	9085	5395
1964	7515	8012
1965	8338	4305
1966	7229	5399
1967	4928	5401
1968	7541	5401
1969	7863	5409
1970	7609	5409
1971	7564	5413
1972	7244	8015
1973	8058	5415
1974	4233	5418
1975	8984	6012
1976	3964	5420
1977	5264	4009
1978	2934	5425
1979	9412	5427
1980	7969	5431
1981	7330	5436
1982	7819	5436
1983	7942	5440
1984	6929	5441
1985	8588	5442
1986	7826	6016
1987	8695	5447
1988	4233	5450
1989	8348	5452
1990	5049	5458
1991	4589	5466
1992	9377	5465
1993	8756	6020
1994	8583	5472
1995	8690	5474
1996	4950	5476
1997	3950	5482
1998	5182	5485
1999	6997	5487
2000	5694	5489
2001	7713	5490
2002	4198	5497
2003	6871	5499
2004	8296	5501
2005	7758	5511
2006	4144	5513
2007	8374	5513
2008	4330	5517
2009	9257	5519
2010	4363	5524
2011	8304	5536
2012	6924	5538
2013	8436	5539
2014	8506	5540
2015	7799	5542
2016	8714	5544
2017	4592	5545
2018	7855	5546
2019	7072	5548
2020	6910	5549
2021	5359	7913
2022	7804	5566
2023	6512	2309
2024	7588	5569
2025	7398	5577
2026	4605	5579
2027	4246	5580
2028	4104	5581
2029	7792	5584
2030	7673	5590
2031	7520	5591
2032	6882	5592
2033	7124	5601
2034	7609	5608
2035	8789	5621
2036	8969	5622
2037	8138	5622
2038	8528	5629
2039	7835	5636
2040	7905	5638
2041	4280	5641
2042	7777	5643
2043	7970	8007
2044	8677	5656
2045	9185	5659
2046	8471	5660
2047	7795	5662
2048	9055	5667
2049	7903	4051
2050	7505	5677
2051	8610	5680
2052	7846	5681
2053	8483	5687
2054	4598	5690
2055	8467	5690
2056	8110	5695
2057	7549	5696
2058	9100	5697
2059	8624	5697
2060	8767	5715
2061	7703	5717
2062	9459	5718
2063	7927	5720
2064	9437	5720
2065	7784	5724
2066	4863	4060
2067	7118	5730
2068	7384	5730
2069	9510	5730
2070	4424	5732
2071	4512	5732
2072	8435	5732
2073	9126	6064
2074	8137	5733
2075	7435	5735
2076	7178	5736
2077	8105	5742
2078	9519	5743
2079	7291	5746
2080	7513	5747
2081	9158	5751
2082	7110	5755
2083	7542	5757
2084	6970	5758
2085	9563	5758
2086	8185	5763
2087	8917	5764
2088	7452	5768
2089	6993	5774
2090	9343	5784
2091	6830	5785
2092	7768	5785
2093	7738	5788
2094	6798	5790
2095	6997	5792
2096	9588	5795
2097	6759	5803
2098	9436	5806
2099	5249	5809
2100	8813	5826
2101	9438	5827
2102	5471	8084
2103	9304	6080
2104	8279	5832
2105	8724	5832
2106	7828	5837
2107	6933	5840
2108	5907	4080
2109	9020	5848
2110	9477	5857
2111	8674	5858
2112	9370	5858
2113	8378	5859
2114	9020	5898
2115	8937	5900
2116	7469	5903
2117	7679	5905
2118	9269	5906
2119	7928	5907
2120	9158	5910
2121	9605	5922
2122	9227	5923
2123	7965	5926
2124	8899	5933
2125	9672	5943
2126	8835	5944
2127	9008	5945
2128	7772	5947
2129	9096	5950
2130	7109	5952
2131	8955	5956
2132	7517	4967
2133	9146	5969
2134	5554	5971
2135	7497	8108
2136	9011	5976
2137	7063	5976
2138	7503	5979
2139	7848	5988
2140	5804	5994
2141	9222	5996
2142	9616	6000
2143	8297	6000
2144	9480	6004
2145	8082	6005
2146	8352	6016
2147	7631	6027
2148	8439	6027
2149	7713	6033
2150	3424	6249
2151	8284	6038
2152	4175	6044
2153	9455	6044
2154	8766	6051
2155	3430	6052
2156	7301	6057
2157	9375	6057
2158	8373	6062
2159	9559	6070
2160	8804	6071
2161	7789	6121
2162	8931	6077
2163	4276	6082
2164	8626	6082
2165	8426	6087
2166	9446	6093
2167	6002	6094
2168	8630	6094
2169	9510	6096
2170	7870	6105
2171	4310	6107
2172	7656	6109
2173	4161	6110
2174	8936	6110
2175	9541	6110
2176	8239	6114
2177	8644	6115
2178	8533	6115
2179	7993	6116
2180	7437	9132
2181	8900	6130

REQUESTS = 2500
1	791	66	68	2	2	1
2	795	51	53	1	2	1
3	352	5	8	2	1	2
4	378	5	7	2	1	1
5	544	18	19	2	2	2
6	331	38	39	2	2	1
7	718	23	25	2	2	1
8	325	13	14	1	1	2
9	36	42	45	3	1	1
10	1913	49	52	3	2	2
11	1214	43	44	3	1	2
12	1873	50	52	3	1	1
13	1625	43	45	2	1	1
14	684	44	46	3	1	2
15	696	25	28	1	2	2
16	586	13	16	1	1	1
17	1710	44	47	3	2	2
18	154	59	60	2	2	1
19	1219	8	10	1	2	1
20	1446	50	53	3	1	1
21	145	64	65	3	2	2
22	1386	29	31	1	1	2
23	1712	43	45	2	1	1
24	55	36	38	2	1	2
25	845	45	46	3	2	1
26	1770	3	5	3	2	1
27	2176	50	53	3	1	1
28	207	10	12	3	1	1
29	615	32	33	1	2	1
30	1352	45	47	3	2	2
31	314	30	32	3	1	2
32	1440	31	33	1	1	2
33	2069	3	4	1	1	1
34	1274	49	50	3	1	2
35	829	13	15	3	1	1
36	506	33	34	3	1	1
37	203	8	10	1	1	1
38	1965	8	10	1	2	2
39	1336	34	36	2	2	2
40	178	43	45	1	2	1
41	2082	7	8	3	1	1
42	581	20	22	1	2	1
43	146	16	17	3	2	1
44	1405	65	67	3	1	1
45	1591	59	62	1	1	1
46	186	52	54	2	1	2
47	1196	30	32	1	1	2
48	1496	34	37	2	1	2
49	354	49	50	1	1	2
50	215	57	58	2	1	2
51	1530	11	12	1	1	1
52	2108	20	23	3	2	1
53	34	11	14	1	1	2
54	1707	23	25	1	1	2
55	1454	51	53	2	1	1
56	441	38	39	3	1	1
57	1800	16	19	2	2	1
58	167	52	53	2	1	1
59	932	55	58	1	1	2
60	1611	8	11	1	1	1
61	1142	45	47	3	2	2
62	398	8	10	1	2	2
63	126	34	35	3	2	2
64	1819	46	49	3	1	2
65	847	46	48	1	1	2
66	1215	21	22	3	2	2
67	723	53	54	1	1	2
68	1224	61	62	2	1	1
69	1716	53	56	1	1	1
70	1619	24	26	1	2	2
71	1753	24	25	2	2	2
72	241	34	36	2	1	2
73	1306	47	50	3	2	1
74	1544	35	37	2	1	1
75	1969	7	10	2	1	1
76	2093	9	12	1	1	1
77	1246	55	58	2	1	2
78	1869	4	5	3	2	2
79	988	53	55	1	1	1
80	1242	36	38	2	1	1
81	283	48	51	1	1	2
82	1685	10	12	1	1	1
83	683	25	28	3	1	2
84	1707	12	15	3	1	1
85	1893	35	38	1	1	2
86	2080	1	3	1	1	2
87	234	16	18	1	1	2
88	1508	27	28	3	1	2
89	601	3	4	1	2	2
90	1119	24	26	1	2	1
91	821	13	16	2	2	2
92	1221	34	37	2	2	1
93	1992	61	62	3	1	2
94	1996	20	22	3	1	2
95	197	29	30	3	2	1
96	1076	53	56	3	1	1
97	1620	20	21	2	2	1
98	1198	62	64	3	2	2
99	2028	60	62	1	2	2
100	939	2	5	3	2	1
101	1721	55	58	2	1	1
102	282	64	66	3	2	2
103	809	65	67	1	1	1
104	5	30	32	3	2	1
105	427	16	19	2	2	1
106	928	11	14	1	2	1
107	495	8	9	3	1	2
108	1442	10	11	1	1	1
109	615	5	8	3	1	1
110	857	52	53	3	1	1
111	1055	15	18	2	1	2
112	2094	1	4	3	1	2
113	1082	9	12	1	1	1
114	1645	12	15	2	1	2
115	1662	10	13	1	2	2
116	621	1	4	1	1	1
117	1332	47	49	2	1	2
118	1890	6	8	1	1	2
119	1565	16	17	1	1	2
120	388	34	35	3	2	2
121	1808	45	47	1	2	1
122	535	33	34	1	2	2
123	345	49	50	1	2	2
124	322	24	26	2	2	1
125	1461	41	44	1	2	2
126	183	12	14	1	1	2
127	1784	36	38	2	1	2
128	777	54	56	2	1	1
129	1737	38	41	3	2	1
130	1443	4	5	3	1	2
131	18	55	56	1	2	1
132	1155	54	56	2	1	2
133	1368	17	18	1	1	2
134	662	42	43	1	1	1
135	2056	15	18	1	2	1
136	1171	32	35	2	1	1
137	1178	58	60	1	1	2
138	988	46	47	3	2	2
139	1537	37	40	2	2	1
140	627	33	36	2	1	2
141	1252	7	10	1	1	2
142	1669	19	21	3	1	2
143	1704	12	14	3	2	1
144	1450	57	59	3	1	1
145	1386	48	51	1	1	2
146	1282	19	22	2	2	2
147	174	47	48	3	1	2
148	1024	21	23	3	2	2
149	978	30	32	2	2	2
150	1137	27	28	3	2	2
151	1559	46	49	1	2	2
152	1830	56	59	2	1	1
153	376	49	52	3	2	1
154	849	37	38	1	1	1
155	1313	3	4	2	2	2
156	778	55	56	2	1	1
157	1369	30	33	1	1	1
158	1891	58	61	2	2	2
159	957	57	58	1	2	2
160	1135	31	32	2	2	2
161	539	19	20	2	2	1
162	534	48	51	1	2	2
163	2041	43	45	3	2	1
164	876	53	54	2	1	2
165	1842	32	33	3	2	2
166	1200	52	53	3	2	2
167	1886	19	22	2	2	1
168	734	63	65	2	2	1
169	643	8	9	2	1	2
170	130	17	20	1	1	2
171	1684	8	9	2	1	2
172	1575	2	4	2	1	2
173	201	20	23	3	2	2
174	1602	52	55	1	2	2
175	927	3	6	1	2	2
176	2055	25	28	3	1	2
177	1891	50	53	3	2	1
178	1323	67	69	1	2	2
179	934	47	48	2	1	2
180	2127	2	3	2	1	2
181	1659	59	62	1	2	1
182	639	39	42	3	2	2
183	873	66	67	2	1	1
184	832	59	61	3	1	2
185	962	47	48	1	2	1
186	245	55	57	3	1	2
187	1905	5	8	2	2	1
188	840	20	21	1	2	1
189	258	27	30	1	1	2
190	606	15	16	3	2	2
191	77	48	49	2	1	1
192	2163	11	13	1	1	2
193	665	34	37	3	1	2
194	802	49	51	2	1	1
195	1394	54	56	3	1	2
196	1476	46	48	3	1	1
197	347	58	61	3	1	2
198	749	23	26	3	2	2
199	1238	46	49	3	1	2
200	1001	60	62	2	1	1
201	1069	32	33	1	1	2
202	395	16	18	1	1	1
203	2022	26	28	3	2	2
204	1719	57	59	2	2	2
205	114	25	26	2	2	2
206	125	20	23	2	1	1
207	572	46	48	3	1	2
208	85	14	15	2	2	1
209	401	12	15	1	2	1
210	1205	13	14	2	1	2
211	602	45	46	3	2	2
212	1057	58	60	3	1	2
213	644	42	43	3	2	1
214	1974	12	15	3	1	2
215	1865	51	54	1	2	2
216	624	2	4	3	2	1
217	509	42	43	1	1	1
218	752	63	64	3	1	2
219	487	6	7	3	1	2
220	1834	37	39	3	1	2
221	1411	12	13	1	1	2
222	1184	34	36	1	2	2
223	910	60	61	1	1	2
224	1165	24	26	2	2	1
225	103	33	36	2	2	1
226	1897	49	50	1	2	2
227	1370	30	32	3	1	2
228	452	8	9	3	1	2
229	1438	13	15	2	1	1
230	482	39	40	1	2	1
231	1146	65	66	1	2	2
232	1299	37	39	3	1	1
233	414	47	49	1	2	2
234	1173	32	35	3	1	2
235	960	50	53	1	1	1
236	1854	49	52	2	2	2
237	1419	17	18	1	2	2
238	708	21	22	3	2	1
239	1769	32	33	1	1	2
240	633	63	66	1	1	1
241	2042	11	13	1	1	2
242	1580	6	7	1	1	1
243	1503	35	36	1	1	2
244	569	65	66	3	2	1
245	2106	48	51	1	2	1
246	1790	21	23	1	2	1
247	420	30	32	1	1	1
248	1192	9	10	3	1	1
249	1314	14	16	2	2	1
250	185	28	29	2	2	1
251	579	10	13	1	1	1
252	715	18	20	3	1	1
253	1932	25	28	1	1	2
254	1566	18	21	3	2	1
255	1935	14	15	2	2	1
256	53	43	46	3	1	1
257	900	16	17	1	1	2
258	333	10	12	1	1	2
259	1978	7	10	2	2	1
260	2114	17	20	3	1	1
261	2035	52	54	3	2	2
262	1477	36	37	3	2	1
263	2141	39	41	2	1	1
264	871	38	40	1	1	1
265	384	62	63	1	2	2
266	1035	21	24	1	1	1
267	1590	8	11	1	1	2
268	153	14	16	3	2	2
269	222	40	42	2	2	1
270	112	26	28	1	1	1
271	714	47	48	1	2	1
272	1867	39	42	2	1	2
273	1500	15	18	3	1	1
274	1154	55	56	1	1	1
275	1791	13	15	1	1	1
276	1545	62	65	1	1	1
277	1931	57	59	2	1	1
278	198	60	61	3	1	1
279	968	8	10	3	1	1
280	1478	45	47	3	2	2
281	1245	5	8	1	2	1
282	1675	23	25	1	1	2
283	1429	5	8	3	1	1
284	61	8	9	1	1	1
285	12	23	24	2	2	2
286	172	28	29	2	2	2
287	1777	15	18	1	2	2
288	218	32	34	2	2	2
289	1722	56	57	3	2	1
290	661	10	12	3	1	2
291	637	36	38	3	2	1
292	464	8	11	3	2	2
293	1635	10	12	2	1	1
294	732	50	52	3	2	1
295	1425	58	59	1	1	2
296	1042	48	51	1	1	1
297	825	20	21	3	2	1
298	1907	5	7	1	1	2
299	264	1	3	2	1	2
300	365	10	12	3	1	1
301	735	43	45	2	1	2
302	498	34	36	2	2	2
303	184	11	14	2	1	1
304	2071	39	40	2	1	2
305	1570	25	28	1	2	1
306	156	21	22	2	2	2
307	213	56	57	1	1	2
308	1903	18	19	3	2	1
309	1128	13	14	2	1	2
310	866	28	31	1	2	2
311	2037	18	19	1	2	1
312	1972	63	64	1	1	2
313	2103	61	63	3	2	1
314	63	36	38	3	2	2
315	1436	18	21	2	1	2
316	2171	7	8	2	2	1
317	939	23	25	2	1	1
318	1941	49	51	3	2	2
319	1841	5	8	2	2	2
320	523	9	11	3	1	2
321	1840	28	30	2	2	1
322	1043	8	10	1	2	2
323	451	37	40	2	2	1
324	2132	46	49	3	2	2
325	242	38	39	1	2	2
326	1339	47	48	1	2	1
327	96	17	18	3	1	2
328	1049	50	52	1	2	1
329	489	57	59	2	1	2
330	610	61	63	3	2	2
331	1234	59	61	3	1	1
332	531	2	4	3	1	2
333	651	24	26	3	2	1
334	622	51	52	3	2	2
335	2032	41	43	1	1	2
336	1324	20	21	3	1	2
337	1618	62	64	2	1	1
338	993	68	69	1	1	1
339	879	25	26	3	1	1
340	1431	51	54	2	2	1
341	741	8	9	1	2	1
342	1182	27	29	3	2	2
343	463	34	35	1	1	2
344	1919	23	26	3	1	2
345	1493	33	35	3	1	1
346	228	32	34	1	2	2
347	107	46	47	3	1	2
348	1003	11	14	3	2	1
349	1346	1	3	3	1	1
350	1486	37	39	2	2	1
351	878	28	29	1	2	1
352	1418	37	38	1	1	1
353	1120	25	28	1	2	1
354	1319	63	66	1	1	1
355	1695	26	29	3	1	2
356	1040	4	7	3	1	1
357	671	6	9	1	2	1
358	1213	59	60	3	1	1
359	854	36	38	1	2	1
360	1583	46	48	1	2	2
361	1711	21	24	2	1	1
362	818	64	67	2	2	2
363	1284	15	18	2	1	2
364	762	48	49	1	2	1
365	1955	18	21	1	1	1
366	235	19	20	1	1	2
367	286	65	67	3	1	1
368	211	1	4	1	1	1
369	1424	49	52	2	1	1
370	1653	32	33	3	1	1
371	1489	66	67	2	2	2
372	1392	54	56	3	2	2
373	2156	52	55	3	1	2
374	1112	66	69	1	2	1
375	1650	3	5	2	1	2
376	1906	27	30	2	2	1
377	364	25	28	3	1	1
378	614	35	37	3	1	1
379	1103	59	61	3	1	1
380	1798	51	53	1	2	1
381	795	11	13	3	2	1
382	1698	24	25	1	1	1
383	447	16	19	1	2	1
384	1572	44	46	2	1	1
385	1295	57	59	3	2	2
386	81	66	69	1	1	2
387	160	66	68	2	1	1
388	933	50	52	1	1	1
389	806	33	34	3	1	1
390	2039	14	17	1	2	2
391	1190	57	58	1	2	1
392	837	60	61	2	2	1
393	1578	43	46	2	2	2
394	553	57	59	2	2	2
395	519	5	8	1	2	2
396	356	28	29	2	2	1
397	313	48	51	2	1	2
398	998	24	27	2	1	1
399	380	38	39	3	1	1
400	976	56	59	1	2	2
401	1133	54	57	1	1	1
402	561	35	36	1	1	1
403	1980	31	33	3	1	2
404	1885	17	19	3	2	1
405	117	49	51	3	2	2
406	994	12	15	1	2	1
407	810	44	45	2	1	1
408	1265	13	14	3	2	2
409	1757	17	18	2	1	2
410	1795	27	29	1	2	2
411	1090	14	17	3	1	1
412	360	58	61	3	1	2
413	649	43	45	2	2	2
414	2169	60	62	3	2	1
415	292	38	39	1	1	1
416	875	3	5	2	1	2
417	691	44	46	3	1	1
418	1475	44	46	1	2	1
419	1262	58	59	1	2	1
420	491	5	8	1	1	2
421	162	34	35	2	2	2
422	1850	35	37	3	2	2
423	383	7	9	3	2	2
424	1094	9	10	2	1	1
425	2074	22	25	3	1	1
426	158	22	24	3	1	1
427	1337	27	30	1	1	2
428	1705	51	54	2	1	1
429	1409	38	40	3	2	2
430	1389	19	21	2	2	2
431	1592	16	19	2	2	1
432	1291	45	47	2	1	1
433	566	9	10	2	2	1
434	1626	21	22	1	2	2
435	135	34	37	3	1	1
436	2016	11	13	1	2	1
437	1183	63	65	1	1	1
438	946	42	45	1	2	1
439	533	8	11	2	1	2
440	1336	55	58	2	2	2
441	1668	10	13	2	2	2
442	1310	64	65	3	2	2
443	1227	11	14	1	1	2
444	1747	1	2	2	1	2
445	403	41	42	3	2	1
446	1933	23	26	2	2	1
447	98	16	18	1	2	1
448	32	49	50	1	2	2
449	176	66	67	2	1	2
450	826	65	68	1	1	1
451	223	21	22	3	2	1
452	699	18	19	3	2	2
453	1009	40	42	1	1	2
454	1097	13	16	3	1	2
455	783	39	42	1	2	2
456	824	29	30	2	1	2
457	1374	16	19	1	2	1
458	1731	12	15	3	2	1
459	1103	59	61	1	2	1
460	2167	25	26	3	1	2
461	173	11	13	1	1	1
462	1302	59	61	1	1	2
463	48	60	63	1	1	2
464	404	11	13	2	1	1
465	1018	33	36	3	2	1
466	1131	59	61	1	2	2
467	518	37	38	3	1	1
468	1334	34	35	2	1	2
469	1557	27	28	3	1	1
470	2014	38	40	3	1	2
471	965	26	29	3	1	1
472	427	23	26	2	1	2
473	493	61	62	1	2	1
474	362	2	4	2	2	1
475	196	38	39	1	1	1
476	1433	54	56	1	1	1
477	1415	15	16	2	1	1
478	157	36	39	2	1	1
479	930	28	31	2	1	2
480	100	44	47	1	1	2
481	1984	17	19	2	1	2
482	470	1	3	1	1	1
483	1786	18	21	1	1	2
484	719	59	61	1	2	1
485	1616	33	34	1	1	2
486	57	7	8	3	1	2
487	1665	40	42	3	2	1
488	617	41	44	1	1	1
489	681	36	37	1	2	2
490	1430	2	4	3	2	1
491	350	56	58	3	2	1
492	1283	57	58	1	2	2
493	2034	23	24	1	2	1
494	472	7	9	2	1	2
495	765	14	17	1	1	1
496	1266	23	26	3	1	2
497	1628	30	31	2	1	1
498	1641	60	62	1	2	2
499	1396	13	15	3	2	1
500	267	60	61	2	1	2
501	1718	50	52	2	1	1
502	1447	16	18	2	2	1
503	919	6	8	2	1	1
504	1959	25	28	3	2	2
505	353	62	65	2	1	1
506	284	5	6	2	2	1
507	1143	44	47	2	2	2
508	963	67	69	1	2	2
509	94	9	11	2	2	2
510	194	10	11	1	1	2
511	1212	46	48	2	1	2
512	343	10	13	2	2	1
513	59	21	22	3	2	1
514	1982	35	38	1	1	2
515	551	34	37	3	1	2
516	896	29	31	3	2	1
517	1475	12	15	1	2	1
518	1806	36	39	3	2	1
519	1358	24	27	1	1	2
520	1363	30	31	2	2	1
521	410	41	42	3	1	2
522	1875	7	10	1	1	2
523	318	6	8	3	1	1
524	1301	46	48	3	2	2
525	1961	9	10	2	2	2
526	1855	1	2	1	2	1
527	2053	29	31	3	2	1
528	1414	44	45	2	2	1
529	1715	18	19	3	1	2
530	959	12	15	1	2	2
531	1387	65	67	3	1	2
532	1070	35	36	2	2	1
533	172	62	63	2	1	2
534	1928	15	17	2	1	2
535	987	14	16	2	2	1
536	1435	56	59	3	1	2
537	2068	36	37	3	2	1
538	359	4	5	2	1	1
539	918	13	14	2	2	2
540	257	40	43	2	1	1
541	436	11	13	2	1	2
542	1239	55	58	2	2	1
543	626	20	21	2	1	2
544	1964	29	32	3	1	1
545	1828	18	20	1	2	1
546	1593	30	32	1	2	1
547	453	54	55	3	2	2
548	1929	38	40	3	1	1
549	1981	16	18	2	2	1
550	1981	17	20	1	1	1
551	1116	43	44	2	2	1
552	118	20	22	2	2	1
553	432	16	17	1	2	1
554	2025	7	9	3	1	2
555	1355	43	44	3	1	2
556	1917	33	35	1	1	1
557	800	41	43	3	1	1
558	476	48	49	1	2	1
559	2170	6	8	2	2	1
560	456	2	4	1	1	2
561	1694	61	64	3	2	2
562	1066	24	26	1	1	2
563	1594	20	22	1	2	1
564	753	21	24	2	2	2
565	389	44	45	1	2	1
566	534	10	11	1	2	1
567	1724	24	25	3	1	2
568	678	23	25	1	2	2
569	16	24	26	3	1	1
570	579	40	43	1	1	2
571	147	45	46	3	1	1
572	882	47	48	1	1	1
573	1697	3	4	1	1	1
574	1249	65	67	3	2	2
575	1416	55	58	1	2	2
576	742	28	30	3	2	1
577	837	39	40	2	1	2
578	1833	38	41	2	2	1
579	238	55	58	1	2	2
580	1438	40	42	3	1	1
581	191	58	59	1	1	1
582	82	51	53	2	2	2
583	1030	67	68	2	1	1
584	1588	9	10	3	2	2
585	541	48	49	3	1	1
586	1729	24	25	3	2	1
587	195	14	16	1	2	1
588	231	17	19	1	1	1
589	1166	1	4	3	2	2
590	945	11	13	1	1	1
591	346	52	54	1	2	2
592	743	66	67	3	2	1
593	589	60	62	1	2	1
594	577	41	42	1	1	1
595	2086	22	24	3	1	1
596	1297	18	21	3	2	2
597	618	21	23	1	1	1
598	2067	19	21	1	2	1
599	1916	30	32	3	2	2
600	359	8	11	1	1	2
601	1493	52	54	2	2	1
602	1758	48	50	2	2	2
603	829	29	32	3	2	1
604	679	10	11	2	1	2
605	525	39	40	1	1	1
606	165	30	31	2	1	2
607	15	46	48	2	2	2
608	1691	8	11	1	2	2
609	2004	23	24	3	2	1
610	1750	67	69	1	2	2
611	621	49	51	1	2	1
612	1702	18	20	3	2	2
613	1523	5	6	3	1	2
614	914	43	44	1	2	2
615	471	4	5	3	1	1
616	1395	56	59	1	2	1
617	1046	13	14	2	1	2
618	1571	12	15	3	2	2
619	979	15	16	3	1	1
620	1639	11	13	1	1	2
621	886	47	48	1	2	2
622	1766	19	22	3	2	2
623	253	56	59	1	2	1
624	1501	37	40	3	2	2
625	1216	51	54	3	2	1
626	485	22	25	1	2	1
627	794	37	40	2	1	2
628	793	16	18	3	2	1
629	1825	17	20	3	2	1
630	1543	57	59	2	1	2
631	399	30	31	2	2	1
632	1626	32	33	2	1	2
633	1132	14	17	2	2	2
634	53	55	58	3	1	2
635	1554	42	43	2	2	2
636	308	21	23	3	1	2
637	92	11	14	1	2	2
638	594	15	18	2	2	1
639	469	18	19	3	1	2
640	232	17	19	2	1	2
641	2013	17	18	1	1	2
642	1744	63	64	3	1	2
643	23	50	51	2	2	1
644	1300	24	26	2	1	1
645	2104	56	58	1	2	1
646	2021	21	23	1	2	1
647	547	26	27	2	1	1
648	58	19	21	1	1	1
649	2092	48	51	3	2	1
650	219	11	14	3	1	1
651	755	45	47	1	1	1
652	1580	37	38	2	2	1
653	1664	17	18	2	2	2
654	313	27	30	3	2	1
655	1811	30	33	3	2	2
656	1794	63	66	2	2	1
657	620	22	25	2	1	1
658	877	3	6	1	1	1
659	1793	28	29	2	2	2
660	659	46	47	2	2	2
661	1065	10	13	2	1	2
662	2088	45	46	1	1	1
663	87	27	28	2	1	1
664	710	28	29	2	1	1
665	1894	10	11	3	1	1
666	2026	8	9	2	1	2
667	1315	53	54	1	2	1
668	155	3	6	2	2	1
669	226	35	36	3	2	2
670	817	49	50	2	2	1
671	821	40	41	1	1	2
672	190	23	26	2	2	1
673	676	55	58	1	1	2
674	1236	50	52	2	1	2
675	881	45	46	2	1	1
676	1751	8	11	1	2	2
677	889	9	12	1	2	1
678	1504	44	47	1	2	1
679	2065	58	61	2	2	1
680	1404	24	26	1	2	2
681	1541	31	34	3	1	2
682	1399	27	28	1	1	2
683	437	58	60	2	1	2
684	1787	62	63	1	2	1
685	41	10	13	1	2	2
686	584	39	42	3	2	2
687	1172	40	41	2	1	2
688	1360	32	35	3	2	1
689	1357	35	37	2	2	1
690	1607	39	42	1	2	1
691	1524	8	11	1	1	1
692	2050	13	14	1	2	1
693	1145	58	59	1	1	1
694	787	30	31	2	1	2
695	2125	58	60	2	2	2
696	125	51	52	3	2	2
697	1882	3	5	1	1	1
698	2093	9	10	3	2	2
699	2012	21	24	3	2	1
700	233	60	61	3	2	2
701	1364	36	39	2	1	2
702	252	51	54	2	1	2
703	759	36	37	3	1	2
704	567	43	44	2	1	2
705	502	39	41	3	2	2
706	645	45	48	1	2	1
707	941	25	26	1	2	2
708	1925	68	69	1	1	2
709	1853	43	46	2	1	2
710	9	36	38	3	1	2
711	951	14	16	2	1	1
712	1796	61	64	1	1	1
713	1923	25	26	1	2	1
714	1540	63	66	3	1	2
715	532	43	45	1	1	2
716	830	5	7	2	2	2
717	1956	59	60	3	1	2
718	89	30	33	3	2	2
719	650	49	51	3	2	1
720	747	24	25	3	1	2
721	878	66	68	2	2	1
722	1538	52	54	3	2	2
723	1275	24	27	1	2	1
724	1354	66	68	1	2	1
725	1331	40	43	1	2	1
726	2159	65	67	2	1	1
727	767	45	48	1	1	1
728	1218	45	48	1	1	1
729	2033	57	58	1	1	2
730	1039	20	21	2	2	2
731	1991	22	25	3	1	1
732	429	63	66	1	2	2
733	332	51	53	3	1	1
734	230	49	52	3	1	1
735	744	28	29	1	1	1
736	134	35	38	1	2	2
737	2111	2	5	1	1	1
738	1279	66	68	2	1	2
739	1887	39	40	3	1	2
740	1378	30	31	2	2	2
741	1749	34	35	1	2	2
742	1327	27	30	3	2	2
743	2155	32	34	3	1	1
744	1422	26	28	2	1	2
745	1104	52	53	3	1	2
746	312	5	7	2	1	1
747	852	44	45	2	1	2
748	28	24	25	2	2	1
749	145	23	24	3	2	2
750	740	12	14	3	1	1
751	1105	28	30	1	1	2
752	1427	13	14	3	2	2
753	2089	44	47	1	1	1
754	758	51	54	2	1	2
755	1045	45	47	2	2	2
756	493	21	23	3	2	1
757	700	44	47	3	1	2
758	1928	25	27	3	1	2
759	30	51	54	1	2	2
760	297	32	33	2	2	2
761	1987	56	57	2	1	1
762	790	57	59	3	1	1
763	1911	22	25	1	1	1
764	1105	59	62	3	2	2
765	1736	49	51	1	2	2
766	1885	8	11	1	2	2
767	725	14	15	2	1	2
768	275	17	20	2	2	1
769	967	22	25	2	2	2
770	450	33	34	1	2	1
771	648	58	61	2	1	2
772	1573	61	62	1	1	2
773	11	6	8	2	2	2
774	1371	50	53	1	1	2
775	1605	15	18	2	2	1
776	43	50	53	3	2	2
777	1676	12	15	1	1	1
778	2151	1	4	1	2	2
779	1822	43	44	2	1	1
780	445	5	7	2	2	1
781	1612	1	4	3	2	1
782	469	21	24	2	2	2
783	520	37	40	1	1	1
784	562	54	56	1	2	1
785	1321	28	30	3	2	2
786	1895	24	26	3	2	2
787	598	32	34	1	1	1
788	2003	48	50	1	2	2
789	38	62	65	1	2	2
790	831	48	51	2	2	2
791	421	4	5	1	2	2
792	1158	3	4	2	2	2
793	1375	21	24	2	1	2
794	635	47	49	2	2	1
795	1258	27	28	3	1	1
796	16	28	29	2	2	2
797	655	31	34	2	2	2
798	24	7	8	3	1	2
799	50	45	47	2	2	2
800	830	52	55	1	2	1
801	2162	66	69	1	1	2
802	1686	45	48	1	2	2
803	202	63	66	2	2	2
804	1682	41	42	2	1	2
805	80	53	56	3	2	1
806	538	29	30	3	1	1
807	1384	19	20	2	2	2
808	1888	34	35	3	1	1
809	1949	61	63	3	1	2
810	2036	6	8	1	2	1
811	1118	25	26	1	1	1
812	796	44	46	3	2	1
813	1087	5	6	3	1	2
814	739	18	19	2	2	2
815	786	15	17	1	1	1
816	1206	6	8	3	2	2
817	2159	61	62	2	2	2
818	1473	57	59	3	2	2
819	841	38	39	2	1	1
820	341	25	26	1	2	2
821	1311	11	14	3	1	1
822	1838	15	18	2	2	2
823	2153	19	22	2	2	1
824	1656	50	53	3	2	2
825	692	24	26	1	2	2
826	28	42	44	1	1	1
827	966	53	54	2	2	2
828	40	42	45	1	2	2
829	2154	26	28	2	2	2
830	411	65	68	2	1	1
831	1635	42	43	3	2	1
832	21	43	45	1	1	1
833	1953	62	64	3	1	2
834	1466	43	44	2	2	1
835	1691	57	60	1	1	1
836	437	62	63	1	2	2
837	2139	45	46	2	2	1
838	1741	21	23	2	2	1
839	1527	36	39	1	1	1
840	658	56	58	3	2	1
841	1785	48	49	1	2	1
842	1338	43	45	3	2	2
843	39	38	41	1	2	1
844	507	50	51	1	1	2
845	581	38	40	1	2	1
846	1672	17	20	2	2	1
847	936	64	65	3	2	1
848	640	62	63	1	2	2
849	596	24	26	1	1	1
850	2042	1	4	1	1	2
851	1225	30	31	3	1	1
852	25	7	8	1	1	1
853	2143	44	45	3	2	2
854	72	24	26	2	1	1
855	250	11	12	1	1	1
856	578	48	51	3	2	2
857	736	51	54	1	1	2
858	1597	38	41	3	2	1
859	983	10	12	3	1	1
860	263	45	48	2	1	2
861	1764	1	4	3	2	2
862	2083	38	39	2	1	1
863	1986	7	10	2	1	2
864	1768	6	9	3	1	2
865	402	58	60	3	1	2
866	272	16	17	2	2	2
867	1071	50	52	2	2	2
868	484	19	20	1	2	2
869	1633	28	29	2	1	1
870	2164	6	8	2	1	1
871	1947	20	21	1	1	1
872	1141	39	42	2	2	1
873	818	13	14	1	1	2
874	212	21	23	3	1	2
875	136	14	17	2	2	1
876	468	63	65	1	1	1
877	1095	5	6	1	2	1
878	448	1	4	1	1	1
879	895	61	64	2	1	1
880	3	13	16	2	2	2
881	917	54	55	3	1	1
882	2019	67	69	1	2	2
883	487	28	31	3	2	1
884	899	63	65	1	2	2
885	1436	34	36	3	2	2
886	1542	1	2	3	2	2
887	277	33	35	1	1	1
888	1539	46	48	2	1	2
889	953	59	62	3	1	1
890	182	1	3	1	2	1
891	1398	56	59	3	2	2
892	276	43	45	3	1	1
893	1117	50	52	2	1	2
894	209	43	45	3	1	1
895	1871	58	60	1	1	1
896	362	53	56	3	1	1
897	1497	66	67	2	1	2
898	517	22	25	3	2	1
899	1743	13	15	3	1	1
900	277	28	31	1	2	1
901	1644	25	27	2	2	2
902	1821	23	26	2	1	1
903	193	20	23	1	2	2
904	1299	56	59	2	2	2
905	751	25	28	2	2	1
906	1243	19	22	2	2	1
907	1778	58	61	2	2	2
908	985	2	4	2	2	2
909	1927	12	15	2	2	1
910	669	21	24	2	2	1
911	533	34	35	2	2	2
912	509	4	6	1	1	1
913	862	51	52	2	2	1
914	1520	16	17	3	2	1
915	2173	14	16	1	2	1
916	1701	50	51	3	1	2
917	121	65	66	2	1	2
918	2066	36	37	3	2	2
919	248	33	34	1	1	1
920	215	29	32	2	2	1
921	301	25	28	3	2	2
922	528	5	7	1	2	2
923	1658	30	33	1	1	1
924	2060	56	57	1	2	1
925	163	39	40	2	1	1
926	349	6	9	2	2	1
927	668	60	61	3	2	2
928	674	24	26	2	1	1
929	71	3	4	2	1	2
930	1687	8	9	3	2	2
931	1663	1	3	2	2	2
932	2031	27	28	2	1	1
933	79	26	29	2	2	2
934	2072	27	29	3	2	1
935	1528	41	44	3	2	2
936	1077	36	39	1	2	1
937	1954	50	53	2	1	2
938	393	47	50	2	2	1
939	815	45	46	2	1	1
940	1703	44	45	1	2	2
941	458	1	3	1	2	1
942	425	27	30	1	2	2
943	612	50	51	1	1	2
944	261	1	3	3	2	1
945	1278	37	40	3	2	1
946	1491	43	45	1	1	1
947	385	38	41	2	2	1
948	1353	63	65	3	1	2
949	1739	50	53	3	1	2
950	348	55	56	3	1	2
951	1096	36	38	3	1	2
952	1412	34	37	2	2	1
953	2052	29	32	1	2	1
954	2023	44	45	2	2	1
955	1365	62	64	3	1	1
956	1381	52	53	2	1	1
957	2015	32	33	2	2	2
958	853	29	32	2	1	2
959	1531	18	21	1	2	1
960	802	36	38	1	1	2
961	1826	44	46	2	1	2
962	1522	4	5	3	2	2
963	1197	54	55	3	2	1
964	127	46	49	2	1	2
965	768	61	62	1	1	1
966	1052	57	60	2	1	1
967	1748	43	44	2	2	2
968	1779	16	17	1	2	2
969	813	53	54	3	1	1
970	2113	19	21	2	2	2
971	944	27	28	1	2	1
972	780	62	64	1	1	1
973	1285	40	42	1	2	1
974	990	23	25	3	1	2
975	605	1	2	1	2	1
976	392	32	35	3	2	1
977	1016	37	38	3	1	2
978	1856	54	55	2	2	1
979	745	3	6	3	1	1
980	500	36	39	1	1	2
981	463	17	18	1	2	1
982	844	40	43	1	1	2
983	513	48	50	2	2	2
984	1203	45	46	1	2	1
985	2095	13	16	1	1	1
986	337	34	35	3	1	2
987	1754	66	67	3	1	1
988	1521	20	23	2	2	2
989	424	22	25	2	2	2
990	230	1	4	3	2	2
991	1162	19	21	2	2	1
992	905	38	39	3	1	1
993	1432	12	14	2	2	1
994	268	48	51	2	1	1
995	510	7	8	3	1	1
996	144	38	40	1	2	1
997	62	57	59	3	2	2
998	449	52	53	1	1	2
999	2180	60	61	1	1	1
1000	1059	31	32	2	2	1
1001	1556	59	61	3	1	1
1002	217	24	25	1	2	2
1003	894	30	33	2	1	1
1004	68	21	23	1	1	2
1005	1507	34	36	1	2	2
1006	486	42	43	1	2	1
1007	629	10	13	2	1	1
1008	1789	52	53	3	2	2
1009	1296	44	45	1	2	1
1010	1499	63	66	1	1	2
1011	576	29	31	1	2	2
1012	456	38	41	3	1	2
1013	1098	50	51	2	2	2
1014	1603	54	55	1	2	2
1015	121	2	4	3	2	2
1016	929	12	13	3	1	1
1017	1512	24	26	3	2	1
1018	770	22	25	2	2	1
1019	1536	65	68	2	1	2
1020	1727	20	21	3	1	2
1021	1004	59	62	3	2	1
1022	1646	40	43	1	2	1
1023	591	38	41	3	1	2
1024	206	63	66	2	2	1
1025	623	37	40	2	2	1
1026	1174	27	28	2	1	1
1027	440	36	37	2	2	2
1028	338	18	21	1	1	1
1029	797	32	34	3	2	2
1030	923	42	43	3	1	1
1031	1874	3	5	2	1	1
1032	903	59	60	2	1	1
1033	748	26	28	2	1	1
1034	1106	63	66	3	1	1
1035	690	14	17	3	1	1
1036	2166	17	18	1	2	1
1037	1100	7	10	1	1	1
1038	595	8	10	1	2	1
1039	536	59	60	3	2	1
1040	1462	42	45	2	1	2
1041	1333	4	7	3	2	2
1042	746	9	10	2	2	1
1043	892	43	45	3	2	1
1044	799	11	12	1	2	2
1045	883	44	47	2	1	2
1046	2145	52	55	2	1	2
1047	1874	49	50	1	2	1
1048	151	12	13	2	1	1
1049	2120	2	5	2	2	1
1050	1989	65	67	1	2	2
1051	769	20	23	2	1	2
1052	96	24	26	1	1	1
1053	2119	30	33	2	2	1
1054	1211	29	32	2	1	2
1055	166	12	14	2	1	1
1056	1835	28	31	1	2	1
1057	1078	37	40	3	1	1
1058	1671	32	35	3	2	1
1059	1156	8	11	2	1	2
1060	1182	8	11	3	2	1
1061	1157	47	49	1	2	1
1062	1093	68	69	1	2	1
1063	370	48	50	3	1	2
1064	680	61	63	1	2	1
1065	1535	55	57	1	2	2
1066	1954	60	63	3	1	2
1067	958	35	36	2	1	2
1068	812	1	4	1	2	1
1069	1714	54	56	1	2	1
1070	546	27	29	1	1	1
1071	556	41	43	2	1	1
1072	1481	22	23	3	2	2
1073	1151	15	18	1	2	2
1074	7	59	61	1	1	2
1075	1519	6	9	2	2	2
1076	505	14	15	1	1	2
1077	1468	37	39	1	1	1
1078	1529	48	50	2	2	1
1079	296	35	36	1	2	2
1080	2137	14	16	2	1	1
1081	663	51	54	1	2	2
1082	1909	61	62	3	1	1
1083	1455	13	14	2	2	2
1084	2150	32	34	3	2	2
1085	2087	55	58	1	2	2
1086	31	25	28	2	1	1
1087	864	45	47	3	2	1
1088	2029	4	5	1	1	1
1089	2138	52	53	1	2	1
1090	701	60	61	2	1	2
1091	1581	24	27	3	2	1
1092	733	4	7	3	1	1
1093	1728	11	12	3	1	1
1094	1810	28	29	2	2	2
1095	6	7	8	1	2	1
1096	1973	13	15	2	2	1
1097	706	27	29	1	2	1
1098	1492	4	7	1	2	1
1099	1780	11	12	3	1	2
1100	2047	10	13	2	2	1
1101	2087	10	13	1	2	2
1102	1844	44	46	2	1	2
1103	2002	5	7	3	2	1
1104	922	11	13	2	2	1
1105	1308	25	26	2	2	2
1106	1341	37	38	1	1	2
1107	700	22	23	2	2	2
1108	1674	33	35	3	1	2
1109	101	37	40	3	1	2
1110	1017	23	26	1	2	1
1111	46	33	36	1	2	1
1112	823	68	69	1	1	1
1113	1514	25	27	1	2	2
1114	17	44	45	1	2	2
1115	924	65	67	3	1	1
1116	12	8	11	3	1	1
1117	948	7	9	3	2	1
1118	1774	44	46	3	2	1
1119	137	3	4	2	2	2
1120	872	11	14	2	1	2
1121	1328	44	45	2	1	1
1122	164	64	66	2	1	1
1123	1629	12	14	3	2	1
1124	1380	28	30	1	1	1
1125	541	59	62	3	2	2
1126	1861	32	34	2	2	2
1127	1558	51	54	1	2	1
1128	1368	37	40	2	1	2
1129	1836	48	51	3	2	2
1130	1617	20	22	3	2	1
1131	19	13	14	3	2	1
1132	642	42	43	3	2	2
1133	1902	38	41	2	2	2
1134	2078	40	43	3	2	2
1135	1452	59	61	1	2	1
1136	29	19	22	3	2	1
1137	1730	4	6	2	1	1
1138	1596	6	9	2	2	2
1139	1074	55	56	2	2	1
1140	1170	3	6	1	2	2
1141	1668	35	38	3	2	2
1142	2008	9	10	3	2	1
1143	1122	20	21	3	2	2
1144	1469	51	52	3	1	2
1145	1995	59	60	1	2	1
1146	1904	47	50	1	1	1
1147	796	38	41	2	2	1
1148	1026	25	27	3	2	2
1149	935	68	69	1	1	1
1150	1951	23	25	2	2	1
1151	1267	17	20	3	2	1
1152	581	51	52	1	1	1
1153	34	4	6	2	1	1
1154	638	15	18	1	2	2
1155	1614	37	39	2	2	2
1156	1037	40	41	2	2	2
1157	999	15	17	3	1	2
1158	1567	14	15	1	2	2
1159	1425	2	4	1	2	1
1160	69	2	4	2	2	2
1161	249	55	57	2	2	1
1162	1167	46	48	1	1	2
1163	1326	22	25	3	1	2
1164	1715	62	65	1	2	1
1165	1350	63	64	3	2	1
1166	246	33	34	2	1	2
1167	254	47	49	3	2	2
1168	868	52	54	2	2	2
1169	628	58	59	3	1	2
1170	1121	32	34	1	2	1
1171	266	43	45	3	2	1
1172	975	10	13	1	1	1
1173	1379	23	25	1	2	2
1174	897	27	29	3	1	2
1175	2177	45	47	3	1	2
1176	434	8	11	1	2	2
1177	356	29	31	3	1	1
1178	1241	29	31	2	2	2
1179	1318	24	27	2	1	1
1180	1599	40	42	1	2	1
1181	565	52	55	3	1	1
1182	2081	58	61	3	1	2
1183	27	46	48	1	1	2
1184	2172	17	18	3	2	2
1185	224	10	13	3	2	2
1186	490	36	38	3	1	2
1187	2070	62	63	1	1	1
1188	512	34	36	2	1	2
1189	1648	44	45	2	2	2
1190	1831	6	7	3	1	2
1191	326	7	10	3	1	1
1192	2091	56	59	3	1	1
1193	94	39	41	3	1	2
1194	1961	61	64	3	2	1
1195	564	43	46	1	1	2
1196	1111	15	18	2	1	2
1197	129	55	56	3	2	1
1198	839	20	21	3	1	1
1199	1194	54	56	2	2	1
1200	1812	4	5	2	2	1
1201	2122	8	9	1	1	2
1202	1306	46	47	2	1	1
1203	1505	24	27	2	2	2
1204	858	10	13	1	1	2
1205	170	58	61	2	1	1
1206	673	22	25	3	2	2
1207	1294	45	48	2	1	1
1208	298	46	48	3	2	2
1209	1892	49	51	3	2	1
1210	175	46	48	2	2	2
1211	1417	30	33	1	1	1
1212	1420	7	8	3	1	1
1213	216	55	57	3	1	2
1214	478	35	37	3	2	1
1215	603	15	16	2	2	2
1216	664	34	37	1	2	1
1217	1342	59	60	3	2	1
1218	1760	37	40	3	1	2
1219	1041	55	58	3	2	2
1220	1423	10	11	3	2	1
1221	632	17	20	1	2	2
1222	1286	14	16	1	1	2
1223	1915	10	13	3	2	2
1224	1391	44	46	1	2	1
1225	93	5	6	1	1	1
1226	611	62	63	2	2	1
1227	2075	52	53	1	1	1
1228	1386	14	17	1	1	2
1229	1734	6	8	1	2	1
1230	1279	37	39	2	2	1
1231	633	38	40	1	2	1
1232	256	11	13	2	2	1
1233	694	32	33	3	1	1
1234	1394	32	35	3	1	1
1235	1294	55	58	2	2	1
1236	1099	62	63	3	2	1
1237	1351	62	63	2	2	2
1238	2172	19	22	2	1	1
1239	1115	59	62	1	1	2
1240	803	22	24	2	1	1
1241	91	38	41	1	2	2
1242	1239	41	44	2	1	1
1243	1666	2	5	2	2	1
1244	169	66	68	1	1	1
1245	1523	24	25	3	1	2
1246	996	42	45	3	2	2
1247	758	33	35	3	2	1
1248	1680	12	14	1	1	2
1249	382	14	17	2	1	2
1250	1148	2	4	2	2	2
1251	2093	63	66	3	1	2
1252	1673	57	58	3	2	1
1253	1855	32	35	3	2	1
1254	948	65	68	1	1	1
1255	1027	50	51	1	1	1
1256	344	11	12	2	1	2
1257	904	46	49	1	1	2
1258	1600	32	33	1	2	2
1259	842	41	42	3	2	2
1260	636	40	43	2	1	1
1261	311	64	66	3	2	1
1262	2165	52	53	1	2	1
1263	423	7	9	2	2	1
1264	1837	28	31	3	1	2
1265	1290	32	35	3	1	1
1266	608	30	33	2	2	2
1267	1367	7	8	3	2	1
1268	1964	64	67	3	2	2
1269	1946	40	42	1	1	1
1270	1972	51	52	2	1	1
1271	851	58	60	1	2	1
1272	2128	54	55	1	2	2
1273	938	49	51	3	1	2
1274	270	15	17	1	1	1
1275	1317	3	6	2	2	2
1276	244	62	65	3	1	2
1277	1919	36	39	2	2	2
1278	2049	42	45	3	1	2
1279	1047	36	38	2	1	1
1280	1805	60	63	1	1	1
1281	1145	11	14	3	2	2
1282	20	45	46	2	2	2
1283	2046	36	37	1	2	2
1284	1598	42	44	2	2	2
1285	522	28	29	2	2	2
1286	274	38	40	2	2	1
1287	1827	65	66	2	1	1
1288	1426	46	47	3	1	1
1289	42	59	60	1	2	2
1290	904	16	19	1	1	2
1291	2001	36	38	2	2	2
1292	1444	22	24	1	1	1
1293	1511	32	34	3	1	2
1294	592	9	11	2	2	1
1295	2051	66	67	2	1	2
1296	1388	18	21	2	1	1
1297	2084	44	46	1	1	2
1298	131	42	43	2	1	2
1299	1823	32	35	2	2	1
1300	1667	15	18	2	1	1
1301	1709	8	11	3	1	2
1302	641	38	41	1	2	2
1303	1107	62	64	2	2	2
1304	390	14	17	2	1	2
1305	153	31	33	2	1	1
1306	497	16	18	1	1	1
1307	2130	64	66	2	2	1
1308	2061	11	14	2	1	1
1309	1960	45	47	3	1	2
1310	471	58	59	1	2	1
1311	2105	52	54	1	2	2
1312	1560	37	39	3	1	2
1313	2118	6	7	1	2	1
1314	1675	35	36	2	2	2
1315	1490	61	63	3	1	2
1316	774	39	40	2	1	1
1317	1762	43	46	3	2	1
1318	642	21	23	2	2	1
1319	950	35	36	2	2	1
1320	1660	39	42	3	2	1
1321	1977	48	50	3	2	1
1322	438	11	14	1	2	1
1323	1397	44	47	2	2	2
1324	757	47	50	2	1	2
1325	1051	33	34	1	1	1
1326	181	59	60	1	1	1
1327	152	18	21	1	2	1
1328	1437	41	42	1	1	2
1329	1619	59	60	1	2	2
1330	700	7	8	2	1	1
1331	1160	9	10	3	2	1
1332	991	59	60	1	1	1
1333	1204	9	11	3	2	2
1334	816	41	43	3	1	1
1335	1007	24	26	2	2	1
1336	697	65	67	2	1	2
1337	1983	47	48	1	1	1
1338	933	15	16	2	2	1
1339	1276	7	8	3	1	1
1340	1860	22	25	3	2	1
1341	127	63	66	3	1	2
1342	1587	37	39	2	2	2
1343	1877	42	45	1	2	2
1344	695	12	13	3	2	2
1345	200	29	30	1	1	2
1346	2127	27	28	3	1	2
1347	881	44	45	2	2	2
1348	950	62	64	2	2	2
1349	977	55	58	3	2	2
1350	88	48	50	2	2	1
1351	1209	22	24	3	2	1
1352	1385	30	33	2	2	2
1353	1259	15	18	2	2	1
1354	1623	30	32	1	2	1
1355	1912	18	20	1	1	2
1356	867	34	37	3	1	1
1357	1048	22	24	3	2	2
1358	693	15	18	1	1	1
1359	1918	36	37	1	1	2
1360	1975	13	14	2	1	1
1361	2006	40	43	1	2	1
1362	1292	37	38	1	1	1
1363	666	62	63	2	2	1
1364	656	36	38	2	2	1
1365	52	49	51	3	2	1
1366	74	15	17	3	2	2
1367	358	60	63	2	2	1
1368	720	49	51	2	2	1
1369	1820	57	58	2	2	1
1370	970	32	35	3	2	2
1371	893	26	27	3	1	1
1372	1232	33	34	1	2	1
1373	1950	61	63	2	2	1
1374	370	28	29	2	2	2
1375	357	21	24	2	2	1
1376	1849	8	10	3	2	1
1377	1371	33	34	1	1	1
1378	2079	37	40	1	1	2
1379	502	34	37	1	1	2
1380	1818	34	35	1	2	1
1381	465	50	52	1	2	1
1382	462	21	22	1	1	2
1383	1358	38	40	1	2	1
1384	920	13	14	3	1	2
1385	2076	2	3	2	1	1
1386	549	9	11	1	1	1
1387	33	29	32	1	1	1
1388	168	34	37	3	1	1
1389	1006	39	41	2	2	1
1390	974	29	32	3	2	1
1391	1269	22	24	1	2	2
1392	1378	32	33	3	1	1
1393	1176	28	30	1	2	2
1394	1289	5	6	1	1	1
1395	187	7	8	3	2	2
1396	1782	39	42	3	2	2
1397	1733	5	7	1	2	2
1398	1553	51	52	1	2	1
1399	2009	33	34	2	2	1
1400	188	25	27	3	1	2
1401	568	37	39	3	2	2
1402	835	52	55	3	1	1
1403	654	4	7	1	1	2
1404	1940	53	54	2	2	2
1405	2098	14	17	2	2	2
1406	1048	6	9	3	1	2
1407	848	27	29	3	1	1
1408	220	49	50	1	2	1
1409	729	31	33	1	2	2
1410	1123	36	38	1	2	1
1411	1482	32	35	1	1	2
1412	1726	31	33	2	2	1
1413	949	5	6	1	1	2
1414	1364	13	16	2	2	1
1415	1348	34	37	2	1	1
1416	1164	46	47	2	2	2
1417	744	9	12	1	2	1
1418	1343	16	19	1	1	1
1419	110	3	5	1	1	1
1420	1263	37	39	3	1	2
1421	727	53	56	3	1	2
1422	1271	8	10	2	2	1
1423	884	5	8	1	2	1
1424	1568	53	56	3	2	1
1425	1293	27	28	3	2	2
1426	775	22	23	3	1	2
1427	1979	37	39	3	1	2
1428	1613	53	56	3	1	2
1429	647	6	7	2	2	2
1430	2157	37	38	1	2	1
1431	2023	23	24	2	2	2
1432	426	35	38	3	1	1
1433	1782	55	57	1	1	1
1434	911	29	31	3	2	1
1435	433	62	64	1	2	1
1436	1661	53	56	1	1	2
1437	680	29	30	3	1	1
1438	1569	37	38	1	2	2
1439	625	50	52	2	2	1
1440	1300	57	59	1	1	1
1441	887	1	4	1	2	2
1442	280	54	55	2	1	2
1443	1708	40	43	3	2	2
1444	442	5	7	1	1	1
1445	496	26	27	1	2	1
1446	113	12	13	3	1	1
1447	559	65	67	1	1	2
1448	1050	7	10	3	1	1
1449	89	62	64	1	1	1
1450	2179	31	33	1	1	1
1451	728	30	31	3	2	2
1452	1720	13	16	2	2	1
1453	1934	40	43	3	2	1
1454	1416	18	20	3	2	1
1455	1742	38	41	3	1	2
1456	191	4	6	3	2	1
1457	609	41	44	1	2	2
1458	1320	64	67	3	2	2
1459	982	58	60	1	1	1
1460	954	19	22	2	2	2
1461	122	42	43	3	2	1
1462	1541	42	43	2	2	2
1463	1678	8	11	1	2	2
1464	1136	39	42	3	1	2
1465	1767	60	63	1	1	2
1466	444	47	50	3	2	2
1467	1410	19	22	2	2	1
1468	1376	12	15	2	1	2
1469	454	51	54	2	2	1
1470	898	35	37	1	1	2
1471	1900	46	49	2	2	1
1472	299	46	48	1	1	2
1473	61	12	15	2	1	2
1474	1595	24	25	1	2	1
1475	1877	16	19	2	1	2
1476	1589	49	52	3	2	1
1477	1761	46	48	1	2	1
1478	1483	28	31	3	1	1
1479	870	1	3	1	1	2
1480	670	30	31	1	1	1
1481	1325	22	23	2	1	1
1482	1061	64	67	3	1	2
1483	1561	25	28	3	1	2
1484	526	40	41	1	1	2
1485	476	44	47	2	1	2
1486	1546	65	67	1	1	2
1487	274	11	12	1	2	1
1488	1740	67	68	2	1	1
1489	1295	28	29	3	2	2
1490	956	25	27	3	2	2
1491	1235	9	12	2	1	2
1492	908	21	24	3	1	2
1493	850	4	6	3	1	1
1494	2017	60	62	1	2	2
1495	323	14	15	1	1	1
1496	70	17	18	2	1	2
1497	1804	18	20	2	1	1
1498	1086	32	34	3	1	2
1499	177	59	61	1	2	2
1500	1173	29	30	3	2	2
1501	1032	56	58	2	1	1
1502	51	35	38	3	1	1
1503	807	33	35	3	2	1
1504	47	29	31	1	1	2
1505	1063	24	27	3	1	1
1506	2147	63	65	2	2	2
1507	335	11	12	2	2	2
1508	573	51	53	1	2	2
1509	721	2	5	3	2	2
1510	1193	45	47	2	1	2
1511	2152	43	45	3	1	1
1512	2064	53	55	3	1	2
1513	1740	40	43	2	1	2
1514	1	14	15	2	2	2
1515	180	40	42	2	2	1
1516	781	45	47	3	1	2
1517	619	1	4	3	2	2
1518	2107	22	23	3	2	1
1519	1124	18	19	1	2	1
1520	148	38	41	1	1	2
1521	377	34	36	3	1	2
1522	205	1	3	1	1	1
1523	524	19	20	3	1	1
1524	1636	65	66	2	2	2
1525	1551	9	10	1	2	2
1526	1706	29	31	2	1	2
1527	124	54	55	3	2	1
1528	142	64	67	3	2	1
1529	1125	48	50	2	1	1
1530	856	45	48	3	2	2
1531	1498	45	47	3	2	2
1532	1456	32	33	2	1	2
1533	1361	32	34	3	1	2
1534	99	3	4	2	1	1
1535	1187	27	28	3	2	1
1536	2133	14	16	2	2	2
1537	133	20	22	2	1	2
1538	1241	53	55	2	2	1
1539	865	54	57	2	1	1
1540	804	50	52	3	1	2
1541	140	66	68	2	2	1
1542	685	56	58	3	1	2
1543	545	36	38	2	1	2
1544	1775	49	52	3	2	1
1545	1509	10	11	3	1	2
1546	711	66	67	2	2	1
1547	405	5	6	3	1	1
1548	916	52	54	3	1	2
1549	1464	39	41	2	1	2
1550	557	42	44	2	2	1
1551	191	33	34	2	1	2
1552	1163	49	50	2	1	1
1553	554	40	42	3	2	2
1554	630	11	12	2	2	2
1555	1912	52	55	2	1	1
1556	2004	20	23	3	1	2
1557	1257	57	58	2	2	2
1558	1896	39	40	1	1	1
1559	766	45	48	1	1	2
1560	1624	62	63	3	1	2
1561	961	41	43	2	2	2
1562	760	15	16	3	2	2
1563	227	63	66	2	1	2
1564	1990	8	11	3	2	2
1565	888	28	31	1	2	2
1566	1476	6	9	2	1	2
1567	467	37	40	1	2	2
1568	375	14	15	3	2	2
1569	1763	14	17	2	1	1
1570	499	36	39	2	1	2
1571	1900	64	66	3	1	1
1572	1390	42	43	1	2	2
1573	419	52	53	3	1	1
1574	1882	2	5	2	2	1
1575	663	15	17	3	2	2
1576	2030	19	22	2	1	1
1577	309	34	36	1	1	2
1578	2011	17	18	2	1	1
1579	913	48	49	2	1	2
1580	2044	29	31	3	2	2
1581	1272	63	66	1	1	1
1582	1268	65	67	1	1	2
1583	722	61	63	1	1	1
1584	1642	40	42	1	2	1
1585	2020	38	41	3	2	2
1586	947	16	18	3	2	1
1587	1745	19	21	2	1	1
1588	355	55	58	2	1	2
1589	1335	6	8	3	1	1
1590	298	37	39	2	1	1
1591	243	20	23	2	1	1
1592	2027	8	11	3	2	2
1593	321	49	52	2	2	1
1594	381	35	38	3	2	2
1595	686	52	55	1	2	2
1596	860	55	57	1	2	2
1597	2101	8	10	2	1	1
1598	819	17	20	1	1	1
1599	1067	62	64	1	2	2
1600	1998	9	12	2	1	1
1601	422	13	14	2	2	2
1602	457	35	38	1	1	2
1603	204	3	6	1	2	1
1604	439	35	38	2	2	2
1605	2160	39	41	2	2	2
1606	77	53	56	3	1	1
1607	2100	35	38	1	2	2
1608	76	67	68	2	1	2
1609	1713	61	63	3	1	1
1610	138	29	32	2	1	2
1611	585	15	18	3	2	2
1612	1220	22	23	2	2	1
1613	1778	19	22	2	2	2
1614	349	63	64	3	2	2
1615	712	15	16	3	1	1
1616	387	60	62	1	1	2
1617	396	34	36	1	1	1
1618	400	48	49	1	1	1
1619	1010	51	54	2	2	1
1620	260	17	19	3	2	2
1621	524	9	10	2	2	1
1622	535	18	21	1	1	1
1623	2116	41	44	3	2	1
1624	1310	53	55	2	2	2
1625	1914	30	31	3	1	1
1626	2107	21	23	3	1	2
1627	1555	31	33	3	1	2
1628	1102	29	32	1	1	1
1629	1962	8	11	3	1	2
1630	1922	18	19	1	2	1
1631	1147	44	45	2	2	2
1632	722	48	49	2	1	1
1633	981	51	54	3	1	2
1634	269	62	63	1	2	2
1635	863	54	56	1	1	2
1636	1939	5	7	1	2	1
1637	515	40	41	1	1	2
1638	1309	26	29	3	1	1
1639	1330	52	54	1	2	1
1640	1556	10	12	1	1	1
1641	1040	36	39	3	2	2
1642	952	3	6	3	1	2
1643	109	49	51	3	2	1
1644	2146	11	13	3	2	1
1645	1479	15	18	3	1	2
1646	797	52	54	3	2	2
1647	1848	44	45	2	2	1
1648	143	56	59	2	1	2
1649	1000	59	60	1	1	2
1650	537	58	61	3	1	1
1651	1179	41	44	1	2	1
1652	1283	3	4	1	1	1
1653	912	12	13	3	1	2
1654	1924	18	19	3	1	1
1655	1379	48	51	3	1	2
1656	1457	64	67	3	1	2
1657	1709	22	25	1	2	2
1658	501	28	31	2	1	2
1659	1525	2	5	1	2	1
1660	1317	22	25	2	1	1
1661	120	27	28	3	1	1
1662	295	47	50	3	2	2
1663	90	27	28	1	1	2
1664	1963	45	46	2	2	1
1665	972	9	11	3	2	2
1666	1014	29	32	2	2	2
1667	761	42	43	1	1	2
1668	621	40	42	1	2	2
1669	1484	56	59	2	1	2
1670	1327	63	66	1	1	2
1671	810	26	29	1	2	2
1672	1273	18	21	1	2	2
1673	2048	6	7	1	1	1
1674	1606	32	34	3	2	2
1675	1564	47	48	2	1	2
1676	406	51	54	3	2	2
1677	1692	58	59	1	1	1
1678	240	58	61	2	1	2
1679	287	39	41	2	2	2
1680	1036	31	33	3	1	1
1681	1908	19	22	3	2	2
1682	1056	10	12	3	1	1
1683	2142	26	27	3	2	1
1684	1696	47	49	3	1	2
1685	132	8	11	2	2	1
1686	14	36	38	1	1	1
1687	994	28	31	3	2	2
1688	1324	51	54	3	1	2
1689	754	61	64	3	2	2
1690	1126	23	25	1	2	1
1691	350	49	50	3	2	1
1692	707	36	39	3	1	2
1693	49	48	51	3	1	1
1694	415	59	62	1	2	2
1695	772	22	24	1	1	2
1696	1079	49	50	2	2	1
1697	483	57	58	2	2	1
1698	680	38	41	1	2	2
1699	1632	56	59	1	1	2
1700	516	54	57	3	2	1
1701	150	2	5	3	2	2
1702	336	15	18	3	2	2
1703	373	16	19	3	2	1
1704	1149	67	68	1	1	2
1705	1033	33	36	1	1	1
1706	529	30	31	3	1	1
1707	599	24	27	2	1	2
1708	1113	3	4	3	2	1
1709	691	13	14	1	1	2
1710	1852	3	4	3	2	1
1711	431	32	34	1	1	2
1712	1233	29	32	1	2	2
1713	1467	17	19	1	1	2
1714	1683	62	65	2	1	1
1715	2170	47	48	3	2	2
1716	1495	36	38	3	1	2
1717	788	37	40	3	1	1
1718	1201	65	66	1	2	2
1719	1651	54	57	1	2	2
1720	102	23	24	1	1	1
1721	1511	55	58	1	1	2
1722	891	53	54	3	2	2
1723	624	52	55	1	2	2
1724	1005	46	47	2	2	1
1725	1434	32	34	3	1	1
1726	241	22	24	2	2	1
1727	1204	47	49	2	1	1
1728	1732	3	6	2	1	1
1729	1999	44	47	1	2	2
1730	279	55	58	2	1	1
1731	689	42	43	2	2	1
1732	1579	4	6	1	1	2
1733	1312	46	47	2	2	1
1734	1631	64	65	3	2	2
1735	1025	16	17	2	2	1
1736	1231	34	37	3	1	2
1737	1012	49	51	1	1	2
1738	1223	22	24	2	1	1
1739	503	47	48	2	2	1
1740	964	31	33	3	2	2
1741	1847	9	12	2	1	1
1742	1889	19	21	3	2	2
1743	776	17	18	1	1	1
1744	1697	61	62	2	1	2
1745	943	32	34	2	2	2
1746	1165	61	64	2	1	1
1747	1672	45	48	3	1	2
1748	108	54	57	1	1	1
1749	1383	13	15	1	2	2
1750	895	55	56	2	1	2
1751	1693	19	21	1	1	1
1752	1185	39	41	2	2	2
1753	2137	51	54	2	1	1
1754	1645	49	50	2	2	2
1755	884	19	20	1	1	2
1756	414	29	30	2	2	2
1757	446	63	64	2	1	2
1758	1357	55	58	3	2	1
1759	1862	24	25	1	2	2
1760	214	48	50	1	2	1
1761	1019	46	47	1	2	1
1762	1226	47	50	3	1	1
1763	1690	33	35	3	1	2
1764	907	22	23	3	1	2
1765	1601	65	67	1	2	1
1766	367	13	16	3	2	1
1767	1144	52	53	3	2	2
1768	1799	45	48	1	2	1
1769	363	56	58	2	1	1
1770	1866	63	66	1	2	2
1771	116	30	31	1	1	1
1772	1060	1	4	3	1	1
1773	1773	44	47	3	2	2
1774	1717	11	14	1	2	1
1775	291	61	63	3	2	1
1776	827	32	33	2	1	2
1777	737	31	33	2	2	2
1778	1221	41	42	2	1	1
1779	255	23	25	3	2	1
1780	1230	29	32	2	1	2
1781	945	20	21	3	2	1
1782	1630	22	23	2	1	2
1783	1460	58	60	2	1	1
1784	83	63	66	3	1	1
1785	1270	56	58	3	1	1
1786	1336	9	11	2	2	2
1787	358	30	32	3	2	1
1788	980	40	42	1	1	2
1789	259	30	33	2	2	2
1790	1604	36	37	3	2	2
1791	1362	49	52	2	2	1
1792	67	38	40	3	1	2
1793	2174	12	15	1	1	1
1794	1377	57	60	2	1	1
1795	428	59	61	3	2	1
1796	2117	11	12	2	2	1
1797	86	29	30	2	1	2
1798	22	38	39	1	2	2
1799	1723	43	46	3	1	2
1800	901	14	16	2	2	1
1801	622	22	25	3	1	1
1802	679	17	20	3	1	2
1803	2011	56	59	2	2	2
1804	2140	8	9	3	1	2
1805	351	40	42	1	1	1
1806	1382	11	13	2	2	1
1807	704	43	45	2	2	1
1808	1222	39	40	3	2	1
1809	1468	4	5	3	2	2
1810	1068	25	28	2	2	2
1811	1083	23	25	3	1	1
1812	1080	56	57	1	2	2
1813	1272	27	28	1	2	2
1814	931	51	52	3	1	2
1815	677	2	4	3	2	2
1816	2024	28	29	1	2	2
1817	971	17	18	1	1	2
1818	1459	46	47	3	1	2
1819	1574	35	37	1	2	1
1820	1400	63	64	1	2	2
1821	328	29	32	1	1	1
1822	1344	17	19	2	2	1
1823	906	51	52	2	2	2
1824	1643	63	64	1	2	1
1825	1688	16	17	2	2	2
1826	417	44	46	1	2	1
1827	521	21	23	3	2	1
1828	509	57	60	2	1	2
1829	1634	62	65	2	1	1
1830	289	59	62	1	1	1
1831	1175	41	44	2	2	1
1832	1858	21	24	3	1	2
1833	1488	2	3	1	2	1
1834	698	15	18	3	1	1
1835	319	27	28	3	1	2
1836	1057	6	8	1	1	2
1837	4	59	62	2	1	1
1838	1899	45	48	3	2	2
1839	1586	49	52	2	1	1
1840	801	13	15	3	2	1
1841	1449	28	30	2	1	2
1842	391	16	17	1	2	2
1843	1207	19	20	1	1	1
1844	1936	22	25	2	1	2
1845	350	57	59	1	1	1
1846	926	29	32	3	2	2
1847	1099	40	42	2	2	1
1848	1738	37	38	1	1	2
1849	1797	32	35	1	1	2
1850	379	6	8	3	1	2
1851	582	41	42	3	2	1
1852	407	44	46	2	2	2
1853	679	60	61	3	2	2
1854	587	68	69	1	2	2
1855	1229	62	63	2	2	1
1856	1011	49	50	1	1	1
1857	897	58	59	3	2	2
1858	2144	45	46	2	1	2
1859	2043	18	19	1	2	1
1860	1275	10	12	2	1	1
1861	2121	37	39	2	1	2
1862	1801	39	40	3	2	2
1863	1345	46	49	1	1	1
1864	1401	28	31	2	2	1
1865	1670	2	4	2	2	2
1866	1002	41	43	3	1	1
1867	165	18	19	3	2	1
1868	1307	17	20	3	2	2
1869	542	52	53	3	2	1
1870	1952	3	5	2	2	1
1871	560	26	27	1	2	2
1872	1208	6	8	1	2	2
1873	408	2	3	2	1	1
1874	2	31	34	3	1	1
1875	466	23	25	2	2	1
1876	716	56	58	3	2	1
1877	1093	46	48	1	1	1
1878	874	20	21	1	1	2
1879	1020	52	55	2	1	2
1880	1966	32	33	2	2	2
1881	811	43	46	3	2	2
1882	1638	32	35	3	1	1
1883	315	41	42	1	2	2
1884	1689	32	33	2	2	1
1885	1637	35	38	3	2	2
1886	1472	22	24	1	2	1
1887	2140	19	21	1	2	2
1888	870	22	24	2	2	2
1889	784	6	9	1	1	2
1890	1654	45	48	2	1	1
1891	660	6	7	1	1	2
1892	1109	37	39	3	2	2
1893	2077	40	41	3	2	2
1894	2073	4	6	3	2	1
1895	1272	25	28	1	1	2
1896	597	44	45	3	1	2
1897	1865	13	14	3	1	2
1898	342	52	54	2	2	1
1899	216	51	54	1	2	1
1900	2054	3	5	3	1	2
1901	473	44	45	1	2	2
1902	128	31	32	3	2	1
1903	1677	41	42	1	2	1
1904	247	47	49	1	2	1
1905	54	1	2	3	2	1
1906	508	7	9	1	2	2
1907	730	58	59	2	1	2
1908	552	57	60	3	1	1
1909	992	33	34	2	2	2
1910	1023	16	18	3	2	1
1911	2141	66	68	1	1	2
1912	1926	28	31	3	1	1
1913	56	30	31	1	2	2
1914	394	63	65	3	2	1
1915	702	59	62	3	1	1
1916	1007	28	31	1	1	1
1917	1080	36	39	3	2	1
1918	582	57	60	2	1	2
1919	652	38	39	2	1	1
1920	2115	55	58	3	1	2
1921	2040	19	21	1	2	1
1922	613	45	48	1	1	2
1923	1181	25	27	3	1	2
1924	857	22	24	2	2	2
1925	631	64	67	3	2	1
1926	1746	13	16	3	2	2
1927	937	4	6	2	2	2
1928	100	19	22	3	1	1
1929	2057	1	4	2	2	2
1930	1767	28	31	3	1	2
1931	588	58	61	3	1	2
1932	192	52	55	1	2	1
1933	1846	12	15	1	1	1
1934	1510	30	33	2	1	2
1935	665	50	51	1	2	1
1936	1529	31	32	2	2	1
1937	1853	31	33	2	1	1
1938	474	5	8	2	2	1
1939	808	33	36	1	2	2
1940	1930	59	61	3	1	1
1941	265	61	64	1	2	1
1942	1248	42	43	1	2	2
1943	1363	15	18	1	2	2
1944	902	49	50	1	1	1
1945	366	61	64	3	1	1
1946	1413	46	49	3	1	1
1947	1175	5	6	3	2	1
1948	995	14	17	2	2	2
1949	838	36	38	3	2	1
1950	756	8	10	3	1	2
1951	705	48	50	2	1	1
1952	2018	26	27	3	1	1
1953	540	32	34	1	1	2
1954	1228	53	56	1	1	1
1955	170	41	42	1	2	2
1956	1649	1	2	3	2	1
1957	1938	66	67	1	2	1
1958	409	36	39	2	1	1
1959	489	4	5	2	2	1
1960	97	49	51	3	2	2
1961	1561	5	6	2	2	1
1962	2123	38	40	1	1	2
1963	372	64	66	1	1	1
1964	386	46	48	1	2	1
1965	1967	30	32	2	2	2
1966	1859	13	15	3	2	1
1967	1202	40	43	1	2	2
1968	65	19	21	2	1	2
1969	112	58	61	2	1	2
1970	492	2	3	3	2	1
1971	1322	12	15	1	2	1
1972	1783	19	22	2	1	1
1973	1831	52	53	1	2	2
1974	329	23	25	1	2	1
1975	317	22	25	1	2	1
1976	667	54	57	1	1	2
1977	204	34	37	3	1	1
1978	369	36	39	3	2	2
1979	1487	24	26	3	2	1
1980	785	23	26	1	2	1
1981	846	29	30	3	2	1
1982	1108	54	57	1	1	1
1983	1771	9	11	3	1	2
1984	2175	42	44	3	2	1
1985	1473	34	37	3	1	2
1986	1703	1	2	3	1	1
1987	726	65	68	1	1	1
1988	1792	49	51	2	2	2
1989	1044	29	31	3	1	2
1990	2131	9	11	2	2	1
1991	1933	4	7	3	2	2
1992	1725	63	64	3	2	2
1993	119	23	24	1	1	1
1994	1298	56	57	1	2	2
1995	1640	47	48	2	1	2
1996	915	39	41	1	1	2
1997	942	32	33	2	2	2
1998	738	35	36	3	2	2
1999	237	49	50	1	2	1
2000	574	48	50	3	2	2
2001	2005	66	68	2	2	2
2002	782	12	13	2	1	2
2003	1567	7	10	2	2	1
2004	1776	6	7	1	2	1
2005	1137	52	53	2	2	1
2006	1152	2	4	2	1	1
2007	1562	52	54	2	1	1
2008	477	63	65	3	2	1
2009	599	63	66	1	1	2
2010	1188	9	11	3	1	1
2011	1957	59	62	3	2	2
2012	63	31	33	1	2	1
2013	430	65	67	3	2	1
2014	1717	59	60	2	1	1
2015	646	11	13	3	2	1
2016	1217	49	51	3	2	2
2017	986	21	23	1	1	1
2018	1359	17	18	2	1	1
2019	443	12	14	3	2	2
2020	469	25	28	3	1	2
2021	504	17	18	2	2	2
2022	1839	3	6	2	2	2
2023	859	56	59	3	1	2
2024	880	66	68	2	2	1
2025	1288	5	7	1	2	1
2026	2126	33	36	2	2	2
2027	2149	8	9	3	2	2
2028	1175	59	62	3	2	2
2029	1884	58	61	2	2	1
2030	2181	12	14	2	2	1
2031	1340	30	31	1	1	1
2032	1356	9	11	3	2	2
2033	1863	25	26	1	2	2
2034	955	51	53	3	1	1
2035	267	32	34	2	2	2
2036	1985	11	13	2	1	1
2037	1759	12	15	3	1	2
2038	1813	3	6	1	1	2
2039	1138	55	56	1	1	1
2040	368	48	49	1	1	2
2041	1191	30	32	1	2	2
2042	1868	8	10	2	2	1
2043	600	12	15	3	1	1
2044	1195	30	31	2	1	1
2045	2047	23	24	2	1	2
2046	720	17	19	1	1	1
2047	1264	46	48	2	1	1
2048	1944	41	43	1	2	1
2049	1445	11	13	3	1	2
2050	2000	7	9	1	2	2
2051	1878	1	3	1	1	2
2052	1536	44	45	2	2	1
2053	1443	47	50	2	1	1
2054	35	58	60	2	2	2
2055	1084	8	11	3	1	2
2056	1752	29	30	1	2	2
2057	1471	1	4	3	1	2
2058	1253	1	2	3	2	1
2059	1756	22	25	1	2	2
2060	1920	65	68	1	2	1
2061	111	51	52	3	2	2
2062	1921	26	27	1	2	2
2063	44	57	59	2	1	1
2064	71	8	9	3	2	1
2065	475	58	61	1	2	2
2066	779	3	6	1	1	2
2067	970	45	47	3	1	1
2068	532	50	53	3	2	2
2069	1910	56	58	1	1	1
2070	1679	57	60	1	1	2
2071	1832	5	6	1	1	2
2072	1879	4	5	1	1	1
2073	1516	58	61	2	2	2
2074	798	62	63	1	2	2
2075	1781	46	48	1	2	1
2076	2168	24	27	2	1	1
2077	225	50	53	1	2	1
2078	1448	57	59	2	2	2
2079	105	19	22	1	2	2
2080	1053	42	45	2	1	2
2081	1244	4	6	2	1	2
2082	989	22	23	1	1	2
2083	1577	42	45	1	1	1
2084	1722	34	36	3	1	2
2085	1627	43	45	1	2	1
2086	1072	21	24	2	2	2
2087	1153	6	7	1	1	2
2088	251	67	68	1	2	1
2089	634	48	49	3	1	2
2090	861	56	59	1	2	2
2091	836	66	69	1	1	1
2092	320	8	9	2	1	1
2093	2112	7	8	2	1	2
2094	324	36	39	1	1	1
2095	813	53	55	1	2	1
2096	1092	26	29	3	1	2
2097	771	62	65	1	1	1
2098	1089	31	32	3	1	1
2099	26	3	4	2	1	1
2100	1824	22	23	1	1	1
2101	616	42	43	3	2	1
2102	1408	39	42	2	2	1
2103	281	60	63	2	2	1
2104	1277	49	52	2	2	2
2105	2096	57	59	1	2	2
2106	2124	20	23	2	2	1
2107	1942	49	51	3	2	1
2108	481	10	12	3	2	1
2109	1547	46	49	3	1	1
2110	1280	17	18	3	2	1
2111	435	37	40	2	1	1
2112	1857	24	26	2	2	1
2113	687	55	56	3	1	1
2114	1809	12	15	2	2	1
2115	2109	64	67	2	1	1
2116	488	33	35	2	2	1
2117	2161	30	33	3	2	1
2118	1421	32	34	2	1	2
2119	355	35	38	1	1	2
2120	1159	30	33	3	1	2
2121	340	34	35	3	1	1
2122	1735	5	8	3	1	1
2123	1029	50	53	2	1	1
2124	1374	31	34	1	1	1
2125	1441	26	28	3	1	1
2126	1608	7	10	3	1	2
2127	1987	22	25	2	2	2
2128	1428	65	67	1	1	2
2129	306	24	25	3	1	1
2130	229	5	6	3	2	2
2131	2134	32	33	1	1	1
2132	310	58	59	2	2	2
2133	397	37	38	2	2	1
2134	514	36	38	2	2	2
2135	1463	31	33	3	1	1
2136	1513	1	4	2	2	1
2137	205	64	65	1	2	2
2138	1997	58	60	2	2	2
2139	1968	57	59	3	1	2
2140	984	23	25	2	1	1
2141	2129	66	67	1	2	1
2142	236	22	23	1	2	2
2143	1054	59	62	1	2	1
2144	179	8	9	3	1	1
2145	416	55	57	2	2	1
2146	1587	20	22	2	1	1
2147	548	33	34	1	1	1
2148	1880	37	39	1	2	1
2149	834	37	40	2	1	1
2150	1122	60	61	3	2	2
2151	814	48	49	1	1	2
2152	575	8	11	2	1	2
2153	1064	21	23	1	2	1
2154	371	18	21	2	2	2
2155	159	21	23	2	2	1
2156	863	10	12	2	2	1
2157	828	40	42	1	1	1
2158	1237	40	41	3	2	2
2159	246	47	50	2	2	2
2160	1013	57	60	1	1	2
2161	843	40	41	3	1	1
2162	717	60	63	1	2	2
2163	713	62	65	2	1	1
2164	1470	19	22	1	2	2
2165	789	45	47	1	1	1
2166	303	33	34	2	1	2
2167	2010	42	44	2	2	2
2168	330	14	15	3	2	2
2169	634	27	30	1	2	2
2170	339	52	54	1	1	2
2171	60	39	40	2	2	2
2172	1622	64	66	2	2	2
2173	2058	26	28	2	1	1
2174	820	14	17	2	1	1
2175	2097	62	65	3	2	2
2176	221	28	31	3	2	1
2177	29	55	56	3	2	2
2178	199	51	53	1	2	2
2179	724	32	34	3	2	1
2180	288	52	53	1	1	2
2181	1534	22	25	2	1	2
2182	210	5	8	2	2	2
2183	1610	25	27	1	1	1
2184	750	57	59	2	1	1
2185	1406	10	12	2	2	2
2186	530	40	41	3	2	1
2187	412	32	35	1	1	2
2188	511	61	64	1	1	1
2189	1548	21	24	3	2	2
2190	2099	44	47	3	2	2
2191	139	14	15	1	1	2
2192	1458	16	17	3	2	2
2193	1563	58	61	2	1	2
2194	1749	63	66	1	2	2
2195	1169	16	19	2	2	2
2196	672	42	43	1	2	1
2197	833	4	5	3	2	1
2198	1901	19	21	1	2	2
2199	1168	13	16	3	2	1
2200	2014	50	51	2	1	1
2201	1816	54	55	3	1	1
2202	278	53	54	1	2	1
2203	8	40	43	1	1	2
2204	84	67	68	1	1	1
2205	1515	7	10	2	2	2
2206	1300	5	7	2	2	2
2207	1372	17	19	2	1	1
2208	266	35	38	3	2	1
2209	1373	10	11	3	1	2
2210	1114	21	24	2	1	2
2211	1814	18	19	1	1	2
2212	763	41	44	3	2	1
2213	13	33	36	2	1	1
2214	657	45	47	2	1	2
2215	855	33	35	3	2	1
2216	607	31	32	1	1	1
2217	1287	44	46	1	2	1
2218	1139	17	19	1	1	1
2219	1898	35	37	2	2	2
2220	314	63	66	3	1	1
2221	1883	65	67	1	2	1
2222	1303	6	9	3	2	2
2223	1034	59	62	1	1	2
2224	682	52	53	3	1	1
2225	1075	5	6	2	1	2
2226	550	51	53	2	2	1
2227	2135	29	31	1	2	2
2228	583	61	62	3	1	2
2229	1788	48	50	3	2	2
2230	1110	36	37	3	2	1
2231	1480	52	55	3	2	1
2232	1946	9	12	3	2	2
2233	1243	25	28	2	1	1
2234	1281	19	21	1	1	1
2235	2148	66	67	3	2	2
2236	570	50	53	3	2	2
2237	1937	3	4	3	2	1
2238	1329	8	11	1	1	1
2239	1127	33	35	1	2	2
2240	1582	50	53	1	2	1
2241	1022	38	40	1	2	1
2242	1423	22	23	2	2	2
2243	66	25	28	3	2	2
2244	1876	9	11	1	2	2
2245	2063	26	28	3	2	2
2246	1970	57	59	3	1	1
2247	1920	62	65	2	1	1
2248	552	28	31	3	2	1
2249	869	55	57	1	1	1
2250	75	35	36	1	2	2
2251	418	64	67	1	2	1
2252	1251	36	39	2	1	2
2253	304	61	62	2	2	1
2254	792	15	17	3	1	2
2255	459	62	63	2	1	1
2256	1815	16	19	3	1	1
2257	1073	2	4	1	2	2
2258	1062	65	68	1	2	1
2259	1485	57	60	3	2	1
2260	1255	29	30	2	2	1
2261	292	31	32	2	1	2
2262	1186	20	22	1	2	2
2263	1979	2	3	3	2	2
2264	2090	38	39	1	2	1
2265	822	28	31	2	1	2
2266	1864	6	9	1	2	2
2267	1008	14	17	3	2	1
2268	1803	33	35	3	2	2
2269	1189	41	42	1	1	2
2270	1180	8	11	3	2	1
2271	1134	19	21	1	2	2
2272	885	7	10	1	1	1
2273	10	6	9	1	1	1
2274	1129	4	5	1	1	1
2275	110	55	57	2	2	1
2276	1305	9	11	1	2	1
2277	972	42	44	2	2	2
2278	2160	4	5	3	2	2
2279	1533	2	4	1	1	1
2280	589	35	37	2	2	2
2281	443	13	14	2	1	1
2282	709	59	62	2	1	1
2283	1994	37	38	1	2	2
2284	909	11	14	2	1	1
2285	461	10	12	1	1	2
2286	2085	57	60	3	2	2
2287	1526	22	25	2	1	2
2288	1085	2	3	2	2	2
2289	1062	54	57	2	1	1
2290	1204	32	35	3	1	2
2291	251	44	45	2	1	2
2292	1199	57	60	1	2	2
2293	973	2	5	2	2	1
2294	604	60	62	2	1	2
2295	457	43	45	3	1	1
2296	1645	43	44	1	2	2
2297	890	6	8	3	1	2
2298	517	67	68	1	1	2
2299	2178	25	26	1	1	1
2300	1958	42	44	3	2	1
2301	527	47	50	2	2	2
2302	409	16	18	1	2	1
2303	1256	5	8	2	2	2
2304	558	36	38	1	1	1
2305	1586	15	16	3	2	2
2306	374	15	18	1	1	1
2307	1088	42	44	2	1	2
2308	1845	36	37	2	2	2
2309	1945	67	69	1	2	2
2310	1066	30	31	1	2	2
2311	1034	26	29	3	2	2
2312	459	6	7	3	1	1
2313	1532	42	44	1	1	1
2314	1971	11	13	1	1	2
2315	1550	40	43	3	1	2
2316	731	64	66	3	2	2
2317	1585	49	52	2	2	1
2318	1349	39	42	3	1	2
2319	285	7	9	2	1	2
2320	2059	2	4	2	1	2
2321	1655	40	43	2	1	1
2322	2062	6	8	1	1	2
2323	1561	25	27	1	2	1
2324	1517	14	17	3	2	1
2325	1028	28	30	2	1	1
2326	2158	45	48	3	2	2
2327	1826	8	9	1	2	2
2328	1499	51	53	2	1	1
2329	73	25	26	1	2	2
2330	969	11	13	1	1	1
2331	703	49	50	3	1	2
2332	1494	40	41	3	1	1
2333	2169	42	45	3	2	2
2334	1506	51	54	2	1	2
2335	1018	19	20	1	1	2
2336	1765	16	17	1	2	1
2337	189	45	47	1	1	2
2338	1541	59	62	2	2	2
2339	2102	23	25	2	2	1
2340	1393	50	52	2	2	2
2341	1403	64	66	3	2	2
2342	1652	36	37	3	2	2
2343	236	4	7	1	2	1
2344	1872	52	54	3	2	1
2345	78	20	21	1	1	2
2346	1699	44	46	1	1	1
2347	2038	45	47	3	1	2
2348	1621	46	49	1	1	1
2349	2045	62	63	1	1	1
2350	555	56	59	2	1	2
2351	1250	6	8	2	1	2
2352	161	18	20	1	1	1
2353	1081	33	34	2	1	1
2354	1453	5	8	2	2	1
2355	273	15	17	1	1	1
2356	1161	28	29	2	1	2
2357	675	54	56	3	2	1
2358	2143	13	14	2	1	1
2359	1549	31	33	2	2	1
2360	1015	64	67	1	2	2
2361	1407	18	20	3	1	1
2362	2158	30	32	1	1	1
2363	571	24	26	2	2	1
2364	294	5	8	3	1	2
2365	1366	64	65	1	1	2
2366	493	6	7	2	2	2
2367	653	20	21	1	1	2
2368	1647	9	12	2	1	1
2369	149	54	57	3	1	2
2370	334	41	43	2	2	1
2371	322	31	32	3	2	2
2372	45	23	26	2	2	1
2373	1681	38	41	3	2	2
2374	593	1	4	1	2	2
2375	37	61	63	3	2	2
2376	95	59	60	2	1	1
2377	1513	6	7	3	1	1
2378	1700	62	65	2	2	2
2379	1657	60	62	2	2	1
2380	1474	2	3	3	2	1
2381	104	10	13	3	1	1
2382	1397	36	37	1	1	2
2383	106	52	55	1	2	1
2384	2007	10	13	3	2	2
2385	1615	18	20	2	1	1
2386	1465	18	21	1	1	2
2387	1576	3	6	2	2	2
2388	1140	57	58	3	1	2
2389	64	65	66	2	1	1
2390	1177	60	63	2	1	1
2391	1518	35	37	3	2	1
2392	1948	53	56	3	2	2
2393	316	1	4	2	1	1
2394	1254	33	34	3	2	1
2395	895	51	53	1	2	2
2396	293	33	34	3	2	2
2397	1817	38	40	1	2	2
2398	1311	22	24	3	1	1
2399	1584	32	35	1	2	2
2400	1021	6	9	2	1	1
2401	1260	56	58	3	1	2
2402	413	51	52	3	1	2
2403	1402	27	28	2	1	2
2404	1288	26	29	2	1	2
2405	305	55	58	1	2	1
2406	1896	39	41	2	2	2
2407	1802	15	16	2	2	2
2408	1304	11	13	2	1	2
2409	239	6	9	3	2	2
2410	736	10	13	3	1	1
2411	590	10	12	2	2	2
2412	1210	6	7	3	1	2
2413	1829	63	64	3	1	1
2414	1365	26	28	3	1	1
2415	1755	36	38	2	1	1
2416	980	67	68	1	1	1
2417	925	62	65	3	1	2
2418	850	52	54	1	2	2
2419	1470	20	22	3	1	2
2420	997	5	8	3	2	2
2421	1993	31	34	2	2	2
2422	1752	34	36	2	1	1
2423	460	3	5	3	2	1
2424	1943	2	3	2	2	2
2425	1769	36	37	1	1	2
2426	1261	5	8	3	1	2
2427	1240	34	37	2	2	1
2428	805	36	38	1	2	2
2429	1807	13	14	1	2	1
2430	978	53	54	1	2	2
2431	1870	60	61	1	2	1
2432	563	63	65	1	1	1
2433	725	40	41	1	1	1
2434	405	43	44	2	1	1
2435	1101	57	60	3	1	2
2436	389	50	53	2	2	2
2437	290	25	26	3	1	1
2438	300	30	33	1	2	1
2439	1451	23	25	2	1	1
2440	327	43	44	2	2	2
2441	1839	7	8	1	1	2
2442	172	15	16	3	2	1
2443	645	16	18	3	1	2
2444	1113	35	36	2	1	2
2445	1881	8	10	1	2	2
2446	122	5	7	3	2	1
2447	580	50	52	2	2	1
2448	1032	12	13	1	1	2
2449	1843	37	39	1	2	2
2450	2110	3	6	2	2	2
2451	1031	34	35	1	2	1
2452	1443	63	66	1	1	2
2453	1091	52	55	2	2	1
2454	1058	34	36	3	1	1
2455	1502	38	41	2	1	2
2456	688	7	9	1	1	1
2457	1023	61	63	1	2	2
2458	1976	50	52	3	1	1
2459	695	43	45	2	2	1
2460	1316	35	38	2	1	2
2461	271	66	69	1	2	1
2462	626	44	47	3	2	1
2463	1439	24	25	2	2	1
2464	1609	14	15	1	1	2
2465	115	10	12	1	2	2
2466	813	13	15	2	2	1
2467	773	61	64	1	1	2
2468	1247	18	21	3	2	1
2469	123	24	25	2	1	2
2470	494	27	30	2	2	2
2471	1988	43	46	1	1	2
2472	1552	16	19	1	2	1
2473	328	47	48	3	2	1
2474	940	32	33	2	1	2
2475	981	66	67	2	2	2
2476	1817	6	7	1	1	1
2477	1851	28	31	3	2	1
2478	302	18	20	2	2	2
2479	764	39	41	2	1	2
2480	479	14	17	2	2	1
2481	1347	44	46	2	1	2
2482	1150	33	34	2	1	1
2483	262	23	24	3	2	2
2484	543	13	15	3	1	2
2485	2069	25	28	3	1	1
2486	141	11	13	2	1	1
2487	361	64	66	2	1	1
2488	307	29	31	1	2	1
2489	455	47	49	1	2	1
2490	1130	62	64	1	1	1
2491	171	64	65	3	2	1
2492	480	55	57	3	1	1
2493	1772	31	32	1	1	1
2494	974	41	44	2	2	1
2495	1623	19	20	1	2	1
2496	1038	13	14	3	1	2
2497	208	22	24	1	2	2
2498	921	20	21	1	2	1
2499	1535	10	13	2	1	1
2500	2136	36	37	3	1	2

