DATASET = ORTEC-hidden instance set VeRoLog competition
NAME = tools over vehicles over vehicle days over distance with 2500 requests over 70 days

DAYS = 70
CAPACITY = 45
MAX_TRIP_DISTANCE = 16000
DEPOT_COORDINATE = 0

VEHICLE_COST = 100000
VEHICLE_DAY_COST = 5000
DISTANCE_COST = 1

TOOLS = 3
1	3	92	20000000
2	12	90	20000000
3	12	84	50000000

COORDINATES = 2167
0	5445	2890
1	3276	6132
2	7450	6132
3	7550	6136
4	9492	6138
5	8838	6142
6	8647	6144
7	5534	6148
8	8803	6151
9	7946	6158
10	9327	6163
11	3505	6165
12	3496	6175
13	4275	6176
14	8713	6177
15	9060	6185
16	9058	6191
17	5472	6193
18	7086	6195
19	8172	6195
20	8565	6203
21	7528	6208
22	7233	6144
23	8119	6222
24	8220	6223
25	7726	6228
26	7618	6237
27	8805	6237
28	3943	4146
29	7624	6241
30	9491	6245
31	8853	6246
32	6572	140
33	7527	6249
34	6373	6250
35	8731	6251
36	7256	6253
37	7231	6257
38	8839	6261
39	8153	6153
40	4187	6277
41	4030	6288
42	5361	4335
43	3916	6312
44	7462	6312
45	7864	6313
46	5985	6320
47	4112	6330
48	7465	6331
49	7737	6338
50	8445	6343
51	6700	6347
52	6788	6348
53	9472	6167
54	8547	6356
55	4271	6357
56	7959	6359
57	8235	6363
58	6309	2164
59	3939	6380
60	4837	2169
61	6698	6406
62	7514	6409
63	3943	6418
64	3848	6424
65	3531	6441
66	6918	6441
67	3920	6466
68	8358	6475
69	3711	6477
70	6084	6495
71	3614	6498
72	8050	6505
73	7572	6508
74	3775	6509
75	7546	6512
76	6020	2188
77	8033	6517
78	8230	6518
79	8445	6519
80	7909	6520
81	4078	6526
82	7298	6526
83	8385	6532
84	7528	6534
85	3529	6537
86	8453	6548
87	8160	6550
88	7024	8205
89	4220	6559
90	3754	6559
91	8668	6562
92	7954	6566
93	7450	6568
94	8665	6569
95	7171	6573
96	7518	6582
97	8484	6588
98	8197	6594
99	8721	6595
100	8343	6614
101	7193	6620
102	8369	6623
103	8268	6629
104	6978	6633
105	7590	6648
106	3650	6656
107	6943	6663
108	7279	6665
109	7414	6666
110	8631	6669
111	7685	6673
112	8699	6675
113	3869	4218
114	4066	6676
115	7817	6678
116	8642	6679
117	8716	6680
118	7770	6681
119	8023	6681
120	3883	4220
121	4284	6224
122	3790	6700
123	4161	6702
124	8771	6702
125	3782	6706
126	6556	8230
127	7950	6720
128	7366	6230
129	3680	6730
130	8393	6734
131	3737	4228
132	8331	6741
133	8604	6749
134	3692	6750
135	3508	6757
136	4180	6765
137	6325	2231
138	8546	6786
139	3330	6790
140	8747	6798
141	7689	6803
142	3639	6805
143	8704	6811
144	7574	6812
145	3755	6814
146	3446	6818
147	7962	6818
148	6875	6823
149	7558	6823
150	7129	6837
151	8680	6841
152	8153	6845
153	6392	6854
154	6885	6862
155	4663	6866
156	8069	6870
157	8117	6888
158	7016	6889
159	8170	6889
160	8346	6889
161	3885	6890
162	4045	6891
163	3987	6892
164	7683	6893
165	7785	6896
166	3907	6900
167	7400	6912
168	9547	6913
169	8492	4258
170	8451	6924
171	9657	6925
172	3930	6931
173	7439	6939
174	8490	6946
175	7481	6950
176	8516	6950
177	8720	6954
178	3365	6959
179	8041	6960
180	7794	6961
181	9024	6963
182	3649	4267
183	6159	2263
184	4257	6994
185	7185	7000
186	8440	7003
187	8373	7004
188	8769	7008
189	4240	7014
190	9168	7020
191	3916	5560
192	4107	7023
193	4709	7025
194	4277	7026
195	3541	7028
196	6890	7028
197	4590	7032
198	6925	7034
199	8134	7035
200	7839	7037
201	8489	7042
202	6939	8236
203	3928	7052
204	4515	4281
205	6554	7059
206	6274	7060
207	8858	7065
208	6462	2280
209	4319	4284
210	8967	7072
211	8764	7077
212	6757	8293
213	8492	7090
214	7533	7091
215	8018	7095
216	7848	7096
217	7938	7101
218	8242	7105
219	3923	7110
220	7738	7111
221	6749	7114
222	4419	7115
223	8923	7121
224	8138	7124
225	3697	7126
226	7184	7129
227	4694	5216
228	3688	7144
229	3985	7146
230	7680	7146
231	7929	7147
232	6657	7149
233	8256	7153
234	8750	7156
235	3518	7158
236	8851	7158
237	8646	7168
238	7379	7170
239	6830	7174
240	4181	7175
241	7324	7180
242	7562	7181
243	8991	7182
244	5029	3164
245	8709	7190
246	6502	4304
247	7939	7191
248	7688	7192
249	7249	7200
250	4353	7203
251	7241	7206
252	7101	8315
253	3870	7218
254	6720	7219
255	7424	7221
256	4032	7222
257	4416	7223
258	8197	6313
259	9023	7234
260	6153	4367
261	7766	7241
262	3345	7245
263	8562	7246
264	7443	7253
265	8539	7256
266	7349	7258
267	8076	7262
268	4913	7263
269	8329	7268
270	7385	7270
271	4042	7271
272	4458	7277
273	4300	7278
274	6795	7280
275	5851	7285
276	4324	7296
277	7522	7297
278	3919	7301
279	3945	7304
280	6610	316
281	4054	7307
282	9532	8330
283	8713	7309
284	6307	7317
285	7429	7322
286	7090	7322
287	4521	7332
288	8455	7334
289	3449	5972
290	7516	7358
291	7332	7359
292	7174	7362
293	7311	4371
294	4056	7371
295	7160	8774
296	9131	7376
297	6540	7380
298	6583	7389
299	7102	7391
300	7293	7394
301	7212	7397
302	7276	7401
303	8050	7403
304	6784	8347
305	6549	2338
306	7767	7426
307	4309	7427
308	8011	7434
309	8028	7436
310	4177	7438
311	6494	7576
312	3547	7448
313	3928	4348
314	6941	7490
315	3746	7492
316	9628	7502
317	6403	7511
318	9533	7527
319	6547	7528
320	6439	7538
321	8260	7541
322	6918	7542
323	6448	7544
324	6970	7551
325	7385	7552
326	6766	7557
327	7390	7558
328	6677	7563
329	9599	7567
330	7253	7573
331	6770	7579
332	7836	8376
333	8449	7583
334	9667	7584
335	6815	2367
336	5744	4371
337	7763	7592
338	7497	7597
339	3920	7601
340	7823	7601
341	4388	4373
342	6389	7609
343	8553	7610
344	8349	7616
345	3908	7618
346	6785	7625
347	7112	7627
348	5707	7628
349	7694	7631
350	8475	7633
351	6569	7641
352	2500	4380
353	7974	7642
354	8762	7645
355	8470	7647
356	5651	7651
357	6346	7655
358	6734	7663
359	7501	7663
360	5712	7665
361	7024	7675
362	6417	7583
363	6321	7684
364	5733	7684
365	8342	7686
366	9475	7692
367	6740	7696
368	9458	7697
369	3542	7699
370	8389	7699
371	7937	7701
372	8100	7702
373	9723	8785
374	8544	7705
375	5358	7712
376	5583	7717
377	4161	7720
378	7523	7720
379	8572	7723
380	7121	7727
381	6460	7731
382	8559	7736
383	6659	7747
384	8167	7751
385	5950	7754
386	6699	7756
387	5832	7759
388	8782	7763
389	6472	7765
390	3922	4402
391	6652	6406
392	7108	7792
393	5620	7793
394	4496	2401
395	5229	7804
396	8277	7806
397	6769	7808
398	5674	7813
399	5900	7822
400	7408	7823
401	4425	4412
402	3648	4414
403	6715	7852
404	4127	7856
405	4172	7856
406	9154	7858
407	6816	7868
408	8706	7868
409	6934	7869
410	6029	7872
411	6993	7883
412	6757	7893
413	5359	7895
414	5370	7907
415	3674	7911
416	7123	7911
417	6800	7923
418	6496	7930
419	8364	7936
420	2412	4430
421	6454	7942
422	8872	7950
423	6482	7956
424	7142	7958
425	6965	7960
426	7477	7966
427	6014	7968
428	6695	7969
429	9704	7975
430	8636	4435
431	5445	7982
432	6996	8444
433	7514	7992
434	6478	7994
435	6603	7997
436	8654	7998
437	5920	8003
438	6281	8012
439	8582	8013
440	5427	8024
441	6338	8024
442	9453	8026
443	7114	8029
444	3460	4446
445	5851	8040
446	5561	8040
447	5448	8042
448	5971	8052
449	7045	8054
450	7349	8055
451	6120	8058
452	6480	8059
453	7313	8064
454	7366	8065
455	7161	8069
456	8417	8073
457	9723	8077
458	3987	3995
459	6895	8099
460	8143	8099
461	7549	8106
462	7289	8113
463	8466	4458
464	7221	4459
465	7077	8124
466	5562	8126
467	8246	4460
468	7278	8135
469	6436	8144
470	5896	8147
471	5936	8148
472	5850	8149
473	6920	8157
474	6904	8161
475	5704	6470
476	7232	8164
477	5920	3197
478	6168	8169
479	8904	8171
480	9332	8172
481	4093	4469
482	5908	8186
483	8097	5142
484	9017	4471
485	6109	8197
486	6690	8200
487	7084	8202
488	6777	8205
489	5736	8480
490	6406	8207
491	7307	8208
492	5985	8215
493	7482	8226
494	6748	8227
495	6472	8233
496	7544	8234
497	5690	8237
498	7308	8246
499	6278	8249
500	6326	8250
501	6102	8261
502	6896	8263
503	5329	8490
504	9248	8267
505	8776	8277
506	6790	8280
507	5405	8282
508	5331	8286
509	7106	8288
510	6085	8293
511	7514	8295
512	6853	8295
513	6742	8297
514	7087	8313
515	7556	8318
516	7006	8326
517	2450	4494
518	7414	8347
519	5589	8349
520	7634	8349
521	7840	8349
522	3641	8356
523	8073	6503
524	6537	8376
525	7955	8382
526	8391	8388
527	9773	8392
528	5623	8393
529	6310	8397
530	9363	8411
531	6568	8515
532	7302	8419
533	6551	8421
534	8200	8422
535	6372	3525
536	8047	8427
537	6180	8429
538	5814	8432
539	6678	8439
540	8025	8443
541	8734	8520
542	9658	8451
543	7839	4515
544	8349	8464
545	5585	8467
546	7799	8467
547	7396	8471
548	7501	8473
549	6748	8525
550	6814	8487
551	8754	8488
552	5786	8497
553	2645	2519
554	6181	8500
555	5904	8506
556	9533	8520
557	7147	8526
558	6217	8533
559	9691	8533
560	6874	8534
561	8209	8536
562	6484	8538
563	6846	8539
564	4521	4010
565	8385	8553
566	6137	8556
567	6141	8557
568	6217	8559
569	6332	8568
570	6041	8573
571	7761	8578
572	8271	8578
573	6396	6539
574	3519	6541
575	5361	8593
576	8211	8595
577	9131	6013
578	8478	8612
579	7303	8620
580	6109	8620
581	3388	6546
582	7525	8623
583	7506	8625
584	8407	8636
585	7794	8637
586	7401	8642
587	3931	4414
588	8989	8651
589	6305	8653
590	6190	8654
591	3793	8662
592	7254	8667
593	5862	8558
594	5651	8671
595	6799	8559
596	6937	8678
597	7899	8687
598	9861	8690
599	8492	6557
600	6205	8694
601	6262	8696
602	6897	8699
603	7680	8702
604	5802	8708
605	5914	8715
606	6386	8717
607	3714	6563
608	7496	8720
609	7048	8720
610	5664	8727
611	9405	8733
612	7540	8738
613	6321	8753
614	5437	8754
615	5992	2562
616	6211	8759
617	6494	8764
618	7215	8767
619	5586	8781
620	7665	8781
621	6924	8785
622	6846	8788
623	5697	8795
624	6404	8796
625	6014	8800
626	6967	8801
627	4972	4574
628	7615	8811
629	8566	8814
630	8947	6020
631	6552	8820
632	6669	8828
633	5558	8834
634	5815	8835
635	9834	8850
636	5861	8851
637	6593	8854
638	7106	8854
639	8673	4583
640	9402	8874
641	7607	8889
642	8793	8895
643	6243	8898
644	9051	8898
645	7531	8901
646	8907	8917
647	6692	8918
648	6028	8920
649	6979	6597
650	7706	8929
651	8646	4595
652	6051	8952
653	7851	8953
654	7903	8954
655	8630	8956
656	7308	8962
657	9709	8965
658	7277	5068
659	6788	8985
660	9179	8986
661	6852	8990
662	7367	8991
663	7531	8998
664	7735	9001
665	7795	9012
666	7888	9019
667	7320	9036
668	6119	9050
669	7360	9056
670	8830	9056
671	6051	8623
672	7713	9066
673	7837	9070
674	6668	9072
675	8070	9074
676	5949	9081
677	6458	9092
678	6893	8831
679	8185	9094
680	2658	4622
681	7471	8628
682	8548	9096
683	6446	9097
684	9670	9100
685	6072	9107
686	3424	2621
687	8192	9232
688	2474	4430
689	7508	9132
690	8123	8635
691	6550	9141
692	8027	9157
693	5966	9163
694	7291	9166
695	7118	9166
696	8498	9172
697	8168	9174
698	6040	9179
699	7661	9185
700	6150	9188
701	5128	4638
702	5844	9196
703	8311	9196
704	8601	7633
705	8706	9200
706	7455	9202
707	7501	9205
708	8098	9207
709	7311	9208
710	7913	4032
711	9270	9211
712	8229	9213
713	8384	9213
714	6310	9217
715	8555	9221
716	8633	9223
717	7601	9232
718	5893	9234
719	7202	9235
720	8967	9242
721	9142	9250
722	8941	9258
723	6916	9258
724	7213	4649
725	8290	9267
726	6141	9271
727	8611	9272
728	8690	9274
729	7994	9274
730	3816	6656
731	8551	9287
732	6167	9289
733	7170	9290
734	6436	9291
735	7382	9291
736	8313	9297
737	7685	9305
738	7994	9307
739	6855	9309
740	8396	9318
741	8745	9320
742	8951	9321
743	9006	9326
744	8183	9331
745	6462	9336
746	8790	6665
747	9212	9338
748	7116	9342
749	9288	9346
750	6759	9346
751	6921	9347
752	8541	9347
753	6574	9351
754	6973	9360
755	8978	9361
756	8115	9362
757	6144	9370
758	7966	9376
759	6420	9382
760	7991	6673
761	6597	9383
762	8326	9384
763	8285	8677
764	8000	9394
765	6447	9394
766	4579	2668
767	3681	6676
768	8307	9398
769	8226	9403
770	8165	9419
771	8609	9419
772	9122	9424
773	6550	9428
774	6521	9429
775	7898	9435
776	7498	4678
777	7908	4682
778	6681	9464
779	8886	9466
780	8619	9468
781	8995	9471
782	8749	9476
783	8418	9476
784	9152	9482
785	8483	9488
786	8213	8694
787	7784	9501
788	6741	9501
789	7951	9506
790	9209	9509
791	8985	9511
792	8500	4431
793	7017	9519
794	8945	9521
795	7001	9525
796	6941	9533
797	7665	9535
798	4041	7646
799	7040	9539
800	9199	9540
801	7257	9542
802	8597	9547
803	7928	9549
804	8466	9561
805	8383	9563
806	7234	9568
807	7817	9573
808	9167	9580
809	6939	8712
810	8544	9597
811	2737	2703
812	4934	9612
813	6322	8715
814	8057	9613
815	5037	9648
816	8569	9651
817	5076	9654
818	8520	9654
819	8714	6721
820	4126	5249
821	8110	4721
822	3790	5249
823	7412	9719
824	8752	9765
825	3467	4734
826	2764	2731
827	6474	8742
828	6089	9815
829	3398	6750
830	6090	9847
831	6264	9855
832	4722	5074
833	7058	4854
834	7597	4753
835	3704	6761
836	3502	2757
837	7182	8773
838	2567	2779
839	8071	4798
840	5069	2796
841	6884	6807
842	8165	6808
843	3866	2801
844	5581	4807
845	3878	4808
846	4256	2805
847	7219	4810
848	4186	2814
849	5668	4817
850	2864	4820
851	7520	4820
852	6962	8830
853	7636	7270
854	8467	6833
855	4130	5078
856	3257	2842
857	5429	4855
858	5367	2855
859	412	2861
860	3688	4077
861	2466	2862
862	6913	8480
863	5827	2877
864	5866	2877
865	6519	6888
866	2023	2893
867	4182	2894
868	7767	9287
869	3564	4899
870	3939	2900
871	2788	4905
872	4180	2902
873	6160	2903
874	8296	5687
875	5319	4916
876	8791	6681
877	7312	6922
878	7304	2919
879	9760	8091
880	9406	6938
881	4046	2933
882	7457	6943
883	2977	4944
884	4065	4945
885	8774	6144
886	6455	2092
887	7862	8956
888	3926	6955
889	7246	4951
890	7483	6955
891	5910	2950
892	6405	6961
893	3892	2958
894	5996	2959
895	6675	8971
896	7385	6971
897	8650	5698
898	3828	4976
899	5400	4982
900	7012	4983
901	8455	6102
902	8627	4988
903	7608	7304
904	4098	4992
905	4525	5143
906	4205	7002
907	8453	7003
908	3849	5010
909	7124	5010
910	7860	5017
911	9011	5019
912	3848	5020
913	7960	5021
914	4196	7026
915	8997	7028
916	3559	7029
917	6191	3035
918	8102	9316
919	8404	5046
920	5536	5064
921	6688	3066
922	4159	5076
923	5915	3076
924	4770	3076
925	7066	3319
926	8321	9323
927	2717	5083
928	9007	5085
929	7698	9093
930	2848	3091
931	4687	7101
932	7342	5098
933	8719	5099
934	8375	5101
935	4528	7106
936	5389	5106
937	3968	5112
938	6632	21
939	6110	45
940	6650	48
941	7845	7121
942	8616	5120
943	6233	70
944	6331	74
945	6536	79
946	4282	6546
947	6454	82
948	7910	7129
949	7599	5125
950	6282	113
951	8670	5129
952	6375	128
953	4286	5131
954	3454	5169
955	6297	141
956	6116	145
957	8283	8533
958	6526	160
959	8893	9144
960	6470	167
961	4598	7143
962	4658	5147
963	6549	226
964	4282	5148
965	6925	253
966	8740	5152
967	4279	3150
968	4134	5157
969	6809	6537
970	3622	7163
971	6668	306
972	6584	313
973	6451	319
974	6443	319
975	6840	330
976	9085	5164
977	6564	353
978	6755	358
979	4887	3169
980	8729	9183
981	8700	5176
982	7048	9184
983	8897	8542
984	6878	7742
985	6474	421
986	3606	7183
987	6734	432
988	4384	4541
989	8142	5186
990	6336	483
991	6417	498
992	8939	7196
993	6391	521
994	8379	5196
995	2500	3199
996	4154	7206
997	6274	585
998	4007	5209
999	6433	613
1000	6286	633
1001	6322	633
1002	6460	634
1003	5755	5217
1004	3687	7222
1005	7712	5219
1006	6426	664
1007	8794	5224
1008	8470	9232
1009	3986	3226
1010	6576	723
1011	8271	6151
1012	6732	770
1013	7098	7247
1014	4791	3240
1015	6828	811
1016	6083	9253
1017	7202	5248
1018	8378	5249
1019	6416	890
1020	6429	911
1021	7410	5265
1022	1168	2957
1023	6120	3262
1024	8268	5273
1025	8542	7276
1026	8135	5275
1027	3935	5282
1028	6507	9292
1029	7842	5287
1030	8120	9298
1031	7111	9300
1032	3462	7300
1033	6626	1125
1034	2942	4966
1035	7567	7311
1036	5798	3304
1037	8851	9316
1038	6471	1223
1039	7366	7320
1040	9049	7332
1041	6428	1337
1042	4225	5332
1043	5070	5337
1044	7218	9346
1045	8697	5342
1046	8141	5344
1047	6648	3341
1048	7065	5347
1049	8452	5348
1050	3679	5352
1051	6576	7359
1052	7682	4576
1053	8669	5365
1054	7046	5372
1055	7088	5372
1056	6367	1593
1057	4290	7379
1058	3509	7380
1059	6346	1604
1060	6301	1616
1061	6005	1647
1062	6399	1647
1063	6726	1653
1064	6721	1657
1065	5796	3386
1066	5138	4182
1067	6458	1685
1068	8124	6183
1069	6418	1717
1070	6499	7403
1071	8452	5785
1072	1426	1775
1073	1267	3404
1074	6383	1805
1075	3023	5412
1076	3993	3409
1077	4233	5414
1078	6947	3386
1079	6479	1831
1080	8107	5415
1081	3887	7421
1082	7127	1854
1083	8114	5418
1084	1853	1860
1085	1077	1868
1086	6817	1872
1087	7149	1876
1088	4570	5389
1089	6535	1906
1090	5847	1908
1091	6550	1915
1092	1796	2589
1093	5186	1933
1094	5782	1934
1095	5114	1949
1096	5712	1957
1097	3823	4191
1098	3035	2991
1099	5492	1989
1100	6671	2014
1101	8055	5446
1102	8196	8624
1103	5797	3444
1104	7410	5448
1105	5274	2033
1106	8443	9455
1107	6458	2050
1108	5212	2055
1109	5497	2058
1110	4557	3454
1111	6213	2088
1112	4634	2093
1113	4145	6597
1114	5737	2116
1115	6510	2118
1116	6202	2127
1117	4656	4197
1118	4852	2136
1119	5400	2137
1120	5691	2146
1121	4699	2152
1122	8027	5468
1123	5781	2160
1124	6086	2179
1125	3517	6200
1126	4845	2184
1127	320	2201
1128	6518	2201
1129	6010	2202
1130	6296	2204
1131	8181	7480
1132	5939	2228
1133	5939	2232
1134	6104	2234
1135	5400	2244
1136	6426	2248
1137	5037	2267
1138	6272	2278
1139	4809	2300
1140	6363	2302
1141	1573	2309
1142	6751	2309
1143	1607	2320
1144	7296	7005
1145	4611	2324
1146	6579	2335
1147	5002	2339
1148	6760	2342
1149	5125	2357
1150	9359	5502
1151	4026	2376
1152	4590	2398
1153	4674	2399
1154	3723	7515
1155	7542	5511
1156	7785	5512
1157	5501	2432
1158	4898	2435
1159	3682	2442
1160	9396	5516
1161	6303	2452
1162	4921	2454
1163	5016	2457
1164	2022	2469
1165	4847	2470
1166	3200	2471
1167	2044	2473
1168	1837	2478
1169	6271	2482
1170	4988	2491
1171	3319	2493
1172	3267	2497
1173	6072	3523
1174	4539	2507
1175	3117	2508
1176	3126	2532
1177	5161	2539
1178	611	2542
1179	5026	2543
1180	6086	3532
1181	6591	2566
1182	6934	7542
1183	5151	2579
1184	3279	2595
1185	2741	2599
1186	6641	2604
1187	3995	2608
1188	4674	2608
1189	613	2615
1190	4220	2615
1191	5810	2620
1192	2839	2624
1193	5846	2625
1194	4600	2627
1195	7105	2633
1196	7042	2637
1197	6259	2641
1198	6291	2645
1199	2845	2653
1200	6764	2653
1201	6658	2654
1202	4975	2655
1203	6730	2658
1204	4863	2665
1205	4106	2668
1206	7271	2668
1207	2510	2674
1208	4557	2678
1209	6756	2680
1210	4008	2681
1211	6872	2690
1212	2657	2691
1213	3918	2697
1214	4201	2698
1215	4791	2699
1216	892	2707
1217	4821	2707
1218	2853	2709
1219	2699	2712
1220	3240	2715
1221	4894	2727
1222	6641	2728
1223	6277	2732
1224	2936	2734
1225	7558	5565
1226	4552	2736
1227	3822	2737
1228	2841	2740
1229	6510	2745
1230	3539	2746
1231	3415	2753
1232	2780	2755
1233	8879	5569
1234	740	2768
1235	2963	2769
1236	5148	2770
1237	4954	2774
1238	5069	2778
1239	3919	2781
1240	4802	2792
1241	3165	2796
1242	632	2799
1243	3498	2802
1244	2930	2804
1245	5273	2805
1246	7417	2810
1247	3543	2812
1248	4899	2816
1249	6053	2817
1250	308	2819
1251	5836	2819
1252	3168	2830
1253	7105	2830
1254	369	2841
1255	6425	2845
1256	6051	7587
1257	5757	2847
1258	6469	2855
1259	622	2861
1260	4000	2869
1261	6741	2870
1262	6556	2875
1263	6072	2877
1264	4810	2880
1265	4081	2881
1266	674	2888
1267	6781	2887
1268	2377	2891
1269	5991	2895
1270	3546	2907
1271	669	2908
1272	5424	3590
1273	7040	2914
1274	2512	2917
1275	5061	2918
1276	8318	5596
1277	2996	2928
1278	6162	2933
1279	2332	2935
1280	3562	2940
1281	5168	2950
1282	2990	2953
1283	8817	5601
1284	6417	2953
1285	3973	2963
1286	4080	3601
1287	2434	2975
1288	5858	2979
1289	6520	2981
1290	5187	2983
1291	6503	2983
1292	5518	2987
1293	1967	2991
1294	5589	2993
1295	5221	2994
1296	5544	2999
1297	5526	3001
1298	6637	3007
1299	5669	3011
1300	9754	8228
1301	6448	3014
1302	4685	3019
1303	5745	3022
1304	6012	3024
1305	5355	3025
1306	2761	3028
1307	5560	3033
1308	5598	3034
1309	5322	3039
1310	5474	3040
1311	4125	3045
1312	6813	3050
1313	6378	3051
1314	1103	3052
1315	5683	3052
1316	3106	3053
1317	4957	3057
1318	6465	3060
1319	5005	3060
1320	6455	3060
1321	4097	3065
1322	5911	3075
1323	5940	3079
1324	6341	6230
1325	2556	3090
1326	6373	3091
1327	5592	3092
1328	5011	3097
1329	4686	3104
1330	7106	3109
1331	5104	3110
1332	6498	3111
1333	6315	3114
1334	8196	5629
1335	5527	3127
1336	5302	3429
1337	4529	3135
1338	4899	3142
1339	6487	3149
1340	6081	3158
1341	3331	3160
1342	4652	3160
1343	4781	3163
1344	6058	3168
1345	7014	3172
1346	2873	3172
1347	3488	3185
1348	1696	3193
1349	4765	3195
1350	6200	3198
1351	2753	3204
1352	6083	3209
1353	4896	3210
1354	4235	3222
1355	2978	3223
1356	6673	3226
1357	3925	3227
1358	6685	3241
1359	1530	3242
1360	5219	4634
1361	4909	3247
1362	6031	3249
1363	4025	3256
1364	6003	3266
1365	5723	3268
1366	4144	3274
1367	7091	5655
1368	5268	3277
1369	3390	3282
1370	4466	3653
1371	2898	3293
1372	4762	3305
1373	6183	1653
1374	5151	3309
1375	3540	3315
1376	6380	3316
1377	5176	3319
1378	5532	3323
1379	6375	3333
1380	6530	3335
1381	6387	3337
1382	5169	3339
1383	4079	3340
1384	4447	3345
1385	2921	3351
1386	5297	3351
1387	6580	3352
1388	3599	3357
1389	1397	3361
1390	4108	3365
1391	4554	3366
1392	3964	3366
1393	5749	3369
1394	4882	3376
1395	4030	3380
1396	1738	3392
1397	6537	3394
1398	6228	3397
1399	5343	3399
1400	4855	3400
1401	6571	3401
1402	5639	3401
1403	7033	7680
1404	5230	3408
1405	7682	5677
1406	2110	3416
1407	5638	3420
1408	6418	3420
1409	6057	3424
1410	6531	3432
1411	6631	3437
1412	5788	3440
1413	6509	3459
1414	6444	3467
1415	6355	3469
1416	8527	5687
1417	6008	3473
1418	4499	3475
1419	2331	3476
1420	5564	3477
1421	5488	3480
1422	5481	3481
1423	4078	3490
1424	6050	3491
1425	1263	3504
1426	5632	3509
1427	6341	3513
1428	5686	3519
1429	5976	3519
1430	6924	3531
1431	8674	6645
1432	4666	3546
1433	4812	3550
1434	4211	3552
1435	5809	7705
1436	4294	3554
1437	4845	3558
1438	4558	3563
1439	4354	3569
1440	4196	3702
1441	6338	3575
1442	5299	3579
1443	6627	3582
1444	6316	3703
1445	5481	3587
1446	4192	3591
1447	5872	3600
1448	5856	3601
1449	6866	5709
1450	4225	3706
1451	5299	4472
1452	4888	3707
1453	6380	3612
1454	4304	3621
1455	8076	7716
1456	5926	3629
1457	6061	3629
1458	5942	3630
1459	7512	5714
1460	5224	3633
1461	4368	3640
1462	4866	3643
1463	5851	3647
1464	2558	3650
1465	6017	3651
1466	4847	3653
1467	4432	3656
1468	6696	3657
1469	4320	3666
1470	7129	5512
1471	6021	3670
1472	4954	3671
1473	5113	3680
1474	4974	3686
1475	7219	7728
1476	4863	3695
1477	4697	3696
1478	4757	3703
1479	6134	3705
1480	6371	3706
1481	4007	5730
1482	2458	3726
1483	4238	3726
1484	3481	3727
1485	4473	3728
1486	1951	3729
1487	5969	3731
1488	4421	3734
1489	5520	3746
1490	4706	3747
1491	6768	3747
1492	6079	3748
1493	5350	7853
1494	5794	3753
1495	6786	3759
1496	4648	3765
1497	1809	3765
1498	5803	3734
1499	4942	3771
1500	6260	3774
1501	5567	3776
1502	5194	3780
1503	4802	3781
1504	1799	3791
1505	5383	3792
1506	2458	3796
1507	5342	3796
1508	4757	4252
1509	5754	3820
1510	5808	3826
1511	4273	3830
1512	4429	3832
1513	4997	3839
1514	6377	1746
1515	1738	3751
1516	1432	3870
1517	5432	3887
1518	5589	3898
1519	4669	3901
1520	2948	3902
1521	2135	3922
1522	6116	3933
1523	5185	3940
1524	5128	3945
1525	4912	3957
1526	4317	3964
1527	5444	3972
1528	6681	3976
1529	2174	3979
1530	6734	3979
1531	3988	3981
1532	4676	3982
1533	3774	3985
1534	9384	7777
1535	3709	3991
1536	5063	3995
1537	5587	4000
1538	5961	4009
1539	5072	4010
1540	7811	4018
1541	3831	4027
1542	4273	4028
1543	2236	4031
1544	6978	4031
1545	3440	4033
1546	7009	4035
1547	3448	4039
1548	3860	4040
1549	3728	4045
1550	5396	4046
1551	4281	4049
1552	3768	4056
1553	7879	4060
1554	2018	4062
1555	3970	4064
1556	3893	4067
1557	5727	4070
1558	4850	4073
1559	3705	4081
1560	3951	4085
1561	4767	4089
1562	1957	4091
1563	4480	4104
1564	3982	4114
1565	3871	4115
1566	4196	4128
1567	7026	6665
1568	7981	9466
1569	3945	4135
1570	7692	4137
1571	4052	4138
1572	4076	4147
1573	5219	4149
1574	3760	4155
1575	4237	4157
1576	7150	7807
1577	3932	4170
1578	8351	4172
1579	4402	4176
1580	4074	4179
1581	8312	4181
1582	8927	7809
1583	3520	4190
1584	5044	4191
1585	5009	4196
1586	5504	4201
1587	3949	4201
1588	4297	4202
1589	3832	4205
1590	6877	4208
1591	8533	4213
1592	4133	4214
1593	4390	4218
1594	6776	4220
1595	5168	4227
1596	4320	4234
1597	4503	4235
1598	9520	7869
1599	4480	4243
1600	4046	4244
1601	7235	4248
1602	8180	4251
1603	8355	4256
1604	5043	4258
1605	3938	4266
1606	5089	4269
1607	6227	4273
1608	3852	4274
1609	6210	4274
1610	8663	4279
1611	3380	4282
1612	5599	4293
1613	6222	4296
1614	6071	4301
1615	8164	4302
1616	7325	7830
1617	8644	4308
1618	4712	4313
1619	6779	4314
1620	5443	4317
1621	8335	4319
1622	6258	4319
1623	8299	4319
1624	4395	4324
1625	3626	4329
1626	4162	4331
1627	8478	4335
1628	6580	4336
1629	4765	4338
1630	2341	4341
1631	3663	4348
1632	4491	4349
1633	3298	4352
1634	6309	4352
1635	4468	4356
1636	6010	4359
1637	5522	4365
1638	2506	4373
1639	2573	4376
1640	8379	4378
1641	6151	4382
1642	8396	4384
1643	8766	4385
1644	3338	4387
1645	8598	4389
1646	7079	4398
1647	5033	4401
1648	6324	4402
1649	8871	4408
1650	3561	4415
1651	7944	4425
1652	4373	4429
1653	2394	4429
1654	4495	4430
1655	3724	4430
1656	8237	5073
1657	5006	4435
1658	7242	4438
1659	9054	4440
1660	8958	4445
1661	7129	4451
1662	7905	4452
1663	4581	4455
1664	2864	4457
1665	4030	4463
1666	4254	4465
1667	4106	4467
1668	4160	4479
1669	7960	4482
1670	7481	4484
1671	5850	4487
1672	7571	4488
1673	4198	4489
1674	5034	4493
1675	5753	4498
1676	5738	4499
1677	8189	4502
1678	7063	4504
1679	5810	4510
1680	3931	4512
1681	3735	4520
1682	3735	4522
1683	5311	4522
1684	8550	4527
1685	3418	4530
1686	8078	4531
1687	5387	4532
1688	8686	4534
1689	3427	4536
1690	2387	4542
1691	7830	4543
1692	4855	4545
1693	8160	4547
1694	5021	4552
1695	7928	4553
1696	5188	4556
1697	3336	4557
1698	4875	4559
1699	8675	4559
1700	6036	8641
1701	8190	4562
1702	8324	4566
1703	4116	4572
1704	8578	4575
1705	3863	4577
1706	8345	4583
1707	7554	4588
1708	7448	8682
1709	4663	4600
1710	7972	4601
1711	8554	4614
1712	3717	4620
1713	3842	4621
1714	3785	4625
1715	8392	4630
1716	3262	4650
1717	8769	4649
1718	8822	4652
1719	8627	4653
1720	7756	4662
1721	8082	4663
1722	8540	4671
1723	4258	4675
1724	7945	4682
1725	4741	4683
1726	4947	4685
1727	7411	4685
1728	5479	4689
1729	8399	4697
1730	4235	4701
1731	7460	4704
1732	8254	4708
1733	7493	4710
1734	4858	4712
1735	8302	4721
1736	6102	7900
1737	4065	4725
1738	7732	4725
1739	3863	4728
1740	8356	4729
1741	8598	4733
1742	5462	4734
1743	3710	4737
1744	8085	4739
1745	4299	4746
1746	8013	4746
1747	8348	4748
1748	7999	4757
1749	8310	4759
1750	4040	4760
1751	4697	4762
1752	8446	4762
1753	7426	4763
1754	4030	4764
1755	4242	4764
1756	4173	4771
1757	7409	4774
1758	4826	4779
1759	5508	4783
1760	6926	5486
1761	7172	4789
1762	8458	4790
1763	8437	4791
1764	8298	4796
1765	8129	4798
1766	9777	7913
1767	3761	4805
1768	8422	4804
1769	7557	4805
1770	7235	4808
1771	7571	5910
1772	5452	4809
1773	8062	4809
1774	3650	4812
1775	8589	4817
1776	8241	4817
1777	8650	4823
1778	3990	4825
1779	5571	4827
1780	7466	8289
1781	8605	4832
1782	8456	4836
1783	2759	4839
1784	5414	4840
1785	3547	4843
1786	4180	4845
1787	7486	4849
1788	8200	4856
1789	3624	4858
1790	7517	4863
1791	3657	4864
1792	7539	4870
1793	2930	4876
1794	6046	4288
1795	3833	4880
1796	8778	4881
1797	5589	4888
1798	5351	4891
1799	5563	4892
1800	7851	4892
1801	5863	4894
1802	5331	4901
1803	3480	4902
1804	8326	4910
1805	7882	4912
1806	3106	4913
1807	3216	4917
1808	7981	4920
1809	8490	4922
1810	9143	5929
1811	5441	4924
1812	7484	4931
1813	3459	4932
1814	4777	4936
1815	8758	4936
1816	8406	4938
1817	4016	4942
1818	6987	4944
1819	4110	4953
1820	8905	7938
1821	7274	4956
1822	3954	4958
1823	3843	4958
1824	3606	4959
1825	2600	4973
1826	8774	4973
1827	3622	4974
1828	8646	4980
1829	3175	4981
1830	3663	4984
1831	3225	4991
1832	8347	4992
1833	3413	4994
1834	3036	4999
1835	3053	5000
1836	7015	5942
1837	3005	5004
1838	8418	5007
1839	5366	5008
1840	5498	5010
1841	7981	5012
1842	3464	5015
1843	8203	5017
1844	8645	5017
1845	4447	5028
1846	3957	5028
1847	9029	5028
1848	3983	5029
1849	5575	5035
1850	9054	5039
1851	5878	5044
1852	7203	5044
1853	8149	5047
1854	5304	5052
1855	3953	5055
1856	9014	5058
1857	4066	5059
1858	8101	5063
1859	8082	5064
1860	8915	5067
1861	3842	5070
1862	4689	5072
1863	3058	5073
1864	5526	5075
1865	7817	5083
1866	5503	5084
1867	4186	5085
1868	8107	5088
1869	4119	5090
1870	5456	5091
1871	4179	5100
1872	3968	5104
1873	7497	5107
1874	4105	5108
1875	7011	5117
1876	8741	5117
1877	8675	5117
1878	5068	3959
1879	5883	5132
1880	3580	5134
1881	7158	5143
1882	3161	5145
1883	4201	5147
1884	7847	5147
1885	8122	5151
1886	8246	5154
1887	5459	5155
1888	6829	9501
1889	5692	5899
1890	4474	5161
1891	6674	7974
1892	8609	5169
1893	5121	5184
1894	7708	5185
1895	7750	5186
1896	7321	5190
1897	8190	5192
1898	4273	5194
1899	8654	5194
1900	8967	5194
1901	7930	5200
1902	6902	5203
1903	5231	5205
1904	5004	4299
1905	5020	5221
1906	7692	5228
1907	8193	5229
1908	3881	5234
1909	8533	5238
1910	7767	5239
1911	8507	5241
1912	7015	5244
1913	8480	5249
1914	7363	5254
1915	4045	5259
1916	8198	5259
1917	7382	5262
1918	5199	5263
1919	8361	5264
1920	7630	5267
1921	8964	5270
1922	4280	5274
1923	5058	5280
1924	3189	5281
1925	7764	5281
1926	8197	5284
1927	7785	5285
1928	9070	5285
1929	7007	5293
1930	5632	8305
1931	8313	5295
1932	8707	5297
1933	4185	5301
1934	7391	5309
1935	7964	5312
1936	7287	5315
1937	8627	5318
1938	2969	5330
1939	6967	5332
1940	7039	5333
1941	4226	5348
1942	5158	5354
1943	8244	5354
1944	8683	5354
1945	8845	5356
1946	2772	5362
1947	7985	5368
1948	8266	5372
1949	7891	5378
1950	3806	5387
1951	5042	5387
1952	8637	5389
1953	7207	5393
1954	5671	5394
1955	4239	5398
1956	7229	5399
1957	4928	5401
1958	7541	5401
1959	8756	5402
1960	5040	5404
1961	8918	5408
1962	7609	5409
1963	7573	5411
1964	7358	5412
1965	8606	5413
1966	5820	5416
1967	7925	5417
1968	4233	5418
1969	3964	5420
1970	8084	5421
1971	5264	4009
1972	7022	5424
1973	2934	5425
1974	7274	5427
1975	6944	5430
1976	7819	5436
1977	8881	5439
1978	8588	5442
1979	8824	5442
1980	7803	5446
1981	8098	5448
1982	8853	5451
1983	8040	5452
1984	8167	5453
1985	8307	5457
1986	4361	5467
1987	8351	5468
1988	8417	5470
1989	8583	5472
1990	3950	5482
1991	7841	5482
1992	7950	5495
1993	7816	5497
1994	2175	4022
1995	7039	5499
1996	4031	5501
1997	7108	5509
1998	7641	5510
1999	7758	5511
2000	4144	5513
2001	4962	5515
2002	8553	5515
2003	7147	5518
2004	8843	5523
2005	3919	5530
2006	6924	5538
2007	7799	5542
2008	3817	5544
2009	8714	5544
2010	8294	5553
2011	6930	5556
2012	9377	5511
2013	5601	4033
2014	8621	5565
2015	7588	5569
2016	3931	5571
2017	5257	5577
2018	7792	5584
2019	8057	5589
2020	6882	5592
2021	7703	5593
2022	7807	5596
2023	7124	5601
2024	4312	5606
2025	2900	5607
2026	8096	5615
2027	7207	5615
2028	8404	5620
2029	8969	5622
2030	8138	5622
2031	7537	5629
2032	9158	5630
2033	7519	5640
2034	7672	5640
2035	8523	5647
2036	4284	5648
2037	7811	5650
2038	7970	8007
2039	8677	5656
2040	9185	5659
2041	8525	5670
2042	5143	5671
2043	9617	5686
2044	8483	5687
2045	6790	5689
2046	8628	5692
2047	7549	5696
2048	9100	5697
2049	9324	8063
2050	7343	5713
2051	9110	5716
2052	7784	5724
2053	7118	5730
2054	7384	5730
2055	4424	5732
2056	4522	5735
2057	9519	5743
2058	8375	5745
2059	6970	5758
2060	9000	5762
2061	7704	5769
2062	8265	5772
2063	7235	5778
2064	8256	5780
2065	8208	5784
2066	7738	5788
2067	8155	5790
2068	6778	5792
2069	6997	5792
2070	9122	5797
2071	7501	5798
2072	9435	5799
2073	6759	5803
2074	7701	5804
2075	7002	5805
2076	9436	5806
2077	7743	5811
2078	7843	5815
2079	7674	5818
2080	5200	5820
2081	4941	1918
2082	8989	5828
2083	8279	5832
2084	3957	5121
2085	3278	5841
2086	8753	5843
2087	9481	5851
2088	7423	5852
2089	7737	5855
2090	9477	5857
2091	8732	5865
2092	9166	5866
2093	4498	3121
2094	7574	5875
2095	9077	5876
2096	9132	5880
2097	3440	5883
2098	9185	5887
2099	6950	5888
2100	9646	5897
2101	7679	5905
2102	9269	5906
2103	7928	5907
2104	9034	5908
2105	9158	5910
2106	7902	5913
2107	8935	5914
2108	7528	5919
2109	7687	5920
2110	9227	5923
2111	4181	4094
2112	7833	5941
2113	7875	5942
2114	7149	5942
2115	9008	5945
2116	7109	5952
2117	8897	6104
2118	5788	4103
2119	5804	5994
2120	9616	6000
2121	8297	6000
2122	7070	6001
2123	5171	6003
2124	7427	5926
2125	8667	6010
2126	4251	6015
2127	8191	6015
2128	9559	6016
2129	9402	6023
2130	8439	6027
2131	8632	6030
2132	8939	6032
2133	7654	6035
2134	3424	6249
2135	9097	6036
2136	8314	6037
2137	9150	6115
2138	8649	6045
2139	6495	8121
2140	8766	6051
2141	3430	6052
2142	7301	6057
2143	4242	6059
2144	9012	6059
2145	7570	6060
2146	8162	6066
2147	7929	6075
2148	8981	6076
2149	7775	6078
2150	4276	6082
2151	8426	6087
2152	7955	6101
2153	3351	6103
2154	7870	6105
2155	7949	6106
2156	4310	6107
2157	8511	6108
2158	7656	6109
2159	8239	6114
2160	9197	6119
2161	4270	6121
2162	8869	6121
2163	8831	6121
2164	8857	6130
2165	7437	9132
2166	4148	6129

REQUESTS = 2500
1	1211	53	56	3	1	2
2	1676	52	55	2	1	2
3	1130	1	3	1	1	2
4	181	16	18	3	1	3
5	1347	57	58	2	2	1
6	1289	41	43	1	3	1
7	99	59	62	2	3	1
8	2154	27	29	3	2	2
9	2033	42	44	3	2	2
10	1453	27	28	2	1	1
11	1628	29	31	1	3	3
12	1895	61	62	3	2	2
13	541	5	8	1	1	3
14	2148	27	28	3	1	2
15	273	45	48	3	3	1
16	1331	6	7	3	2	1
17	2094	16	17	3	3	3
18	954	60	61	2	3	2
19	2020	46	48	3	2	3
20	1387	42	45	1	3	1
21	747	42	44	3	3	3
22	1546	35	38	3	2	2
23	1438	17	20	3	1	3
24	1831	27	29	2	3	2
25	228	51	53	1	2	1
26	1132	48	49	2	3	3
27	874	44	47	1	1	2
28	461	60	62	1	3	2
29	1727	22	23	2	2	1
30	1234	31	34	3	1	2
31	262	57	60	3	1	3
32	827	64	67	3	1	3
33	681	53	54	1	2	3
34	640	59	60	2	3	2
35	425	8	9	2	3	3
36	1800	13	16	3	1	1
37	1602	23	25	2	2	2
38	1935	10	13	3	1	2
39	117	19	22	1	3	2
40	2068	65	68	2	2	2
41	1772	65	68	2	2	2
42	536	9	11	1	1	2
43	1040	58	60	2	3	1
44	1407	62	65	2	2	2
45	1746	40	43	2	3	2
46	2090	8	10	2	3	3
47	1733	20	22	3	2	1
48	89	30	33	1	2	2
49	443	51	52	2	2	2
50	1196	44	46	1	1	3
51	2099	66	67	2	2	2
52	76	25	28	1	2	2
53	329	31	32	1	1	1
54	1472	20	22	1	3	1
55	1807	27	29	1	3	3
56	1151	44	46	2	1	3
57	1870	55	58	1	3	2
58	826	9	11	2	1	3
59	790	9	12	1	1	1
60	2114	11	12	1	3	2
61	191	55	57	3	3	3
62	1444	38	40	1	3	3
63	2164	36	37	1	3	2
64	1735	36	39	3	1	2
65	1876	2	3	2	1	1
66	1172	39	40	1	2	2
67	211	56	59	2	1	1
68	1553	58	61	3	1	2
69	1369	46	49	2	3	1
70	68	25	28	1	3	3
71	1076	66	67	2	2	2
72	800	62	63	2	2	2
73	1802	29	32	1	1	2
74	1360	24	26	2	3	2
75	1711	10	13	3	3	1
76	1005	19	20	1	2	2
77	457	57	58	3	3	1
78	462	14	17	3	3	2
79	1071	39	40	1	2	3
80	1467	14	16	2	1	3
81	2046	55	57	3	1	3
82	7	64	66	1	2	1
83	1072	22	23	1	3	3
84	406	27	29	2	2	2
85	282	58	59	2	1	2
86	474	56	57	1	3	1
87	1718	46	49	2	3	3
88	1203	44	47	3	3	2
89	897	40	43	3	2	1
90	2155	10	11	3	2	2
91	1291	63	66	2	3	2
92	2076	34	35	3	1	1
93	588	30	32	2	1	2
94	755	6	8	2	3	3
95	459	57	58	1	2	3
96	591	19	21	1	1	2
97	1122	57	59	2	2	1
98	1191	12	14	1	2	2
99	420	62	63	1	1	2
100	272	24	25	3	1	2
101	310	39	41	1	3	3
102	1582	63	65	3	1	2
103	1162	57	58	2	3	3
104	519	14	15	2	2	1
105	1389	57	60	1	1	2
106	154	63	66	1	3	1
107	1138	20	23	2	2	2
108	1780	16	17	1	3	1
109	1307	40	41	2	1	1
110	852	40	41	1	2	3
111	648	24	25	2	1	1
112	1820	45	48	2	3	2
113	882	11	12	3	1	1
114	659	9	12	3	2	3
115	126	11	13	1	2	3
116	1619	35	38	1	3	2
117	1824	26	27	3	1	3
118	1320	43	45	2	2	2
119	680	47	48	3	3	3
120	605	3	6	1	1	2
121	2100	26	29	1	3	2
122	1649	42	43	1	1	1
123	408	18	20	1	2	2
124	587	14	15	3	3	1
125	1093	62	65	1	2	2
126	395	11	12	3	3	3
127	1950	46	49	2	2	3
128	142	56	58	2	1	3
129	2049	46	47	1	2	2
130	557	23	26	3	3	1
131	795	32	33	2	3	1
132	693	42	45	1	3	2
133	1790	53	54	1	1	1
134	812	29	31	2	2	1
135	1395	25	28	1	2	1
136	472	23	24	3	2	1
137	164	60	61	3	1	1
138	1854	23	26	2	2	3
139	1276	36	38	2	2	2
140	1537	26	28	1	3	2
141	1143	51	54	2	2	1
142	1488	31	32	1	1	3
143	136	66	69	1	1	2
144	1477	63	65	1	1	2
145	721	39	41	1	3	2
146	1784	28	31	2	2	2
147	132	3	6	1	1	2
148	1069	23	24	3	2	1
149	871	65	67	3	3	1
150	158	48	51	1	1	2
151	1757	50	52	1	2	3
152	213	26	27	1	3	1
153	2035	45	46	1	2	2
154	292	21	24	1	3	2
155	1793	34	35	2	1	3
156	351	61	64	2	3	1
157	1464	35	37	3	3	2
158	495	21	24	3	3	1
159	494	42	45	1	2	1
160	1004	48	50	3	2	1
161	2108	45	48	3	3	1
162	832	4	7	2	1	3
163	364	58	59	2	2	3
164	56	30	31	2	2	2
165	113	16	17	1	2	2
166	1639	6	7	2	1	1
167	1029	22	25	1	1	2
168	1517	47	50	2	3	3
169	1919	27	28	2	3	3
170	1635	15	17	2	3	1
171	1149	6	8	3	3	1
172	2000	43	45	2	2	3
173	338	45	48	2	3	3
174	34	23	26	1	3	3
175	1189	53	54	2	2	2
176	1674	54	56	1	2	1
177	982	35	37	2	1	2
178	768	56	58	2	3	1
179	1767	66	68	2	1	1
180	1380	36	38	2	1	1
181	2013	33	36	2	1	3
182	551	4	7	3	3	2
183	823	63	65	3	3	3
184	347	53	55	2	1	2
185	1579	18	21	1	3	1
186	1284	32	34	2	2	3
187	1998	19	21	2	2	1
188	892	65	66	1	1	1
189	1570	54	56	1	2	3
190	1847	4	6	1	1	3
191	458	52	55	3	3	3
192	891	59	61	1	3	3
193	887	12	14	2	3	3
194	1514	28	31	3	3	1
195	229	37	38	3	2	2
196	733	55	56	2	2	3
197	1027	37	40	2	3	2
198	190	51	52	2	3	1
199	135	18	21	2	2	1
200	2002	25	28	2	3	3
201	942	20	21	3	1	3
202	1877	42	44	2	2	2
203	691	60	61	2	3	3
204	851	57	59	2	1	3
205	107	59	62	2	2	2
206	736	61	62	3	1	3
207	16	20	23	1	2	1
208	1285	41	42	1	2	2
209	558	23	26	3	3	2
210	1693	25	26	3	1	1
211	356	58	59	1	3	3
212	1260	4	5	3	1	2
213	1161	56	57	1	3	2
214	222	44	47	2	3	1
215	1192	63	66	1	3	2
216	2077	28	29	1	2	2
217	532	10	12	2	3	2
218	757	33	35	2	2	2
219	672	2	3	2	2	1
220	720	5	8	3	1	1
221	1578	27	29	2	2	3
222	1316	27	29	1	3	1
223	1680	41	43	3	3	2
224	326	33	35	1	3	2
225	1003	45	46	2	3	2
226	656	34	35	1	2	2
227	1928	39	42	2	2	1
228	1004	63	64	3	2	3
229	1186	51	54	2	2	3
230	425	2	5	3	1	1
231	1007	16	18	2	1	1
232	276	68	69	1	3	1
233	1318	26	28	3	1	1
234	1785	56	58	1	3	2
235	124	53	56	1	2	1
236	300	21	24	1	2	2
237	539	19	21	2	3	3
238	52	27	28	1	3	1
239	1644	24	27	3	2	2
240	1662	29	31	3	2	2
241	1535	31	33	1	1	2
242	725	46	48	3	1	1
243	951	25	27	1	2	1
244	1487	56	59	2	1	1
245	981	46	48	1	2	2
246	1321	60	62	1	1	2
247	487	2	5	2	1	1
248	102	43	44	3	3	3
249	1348	43	45	3	2	2
250	1564	31	33	1	1	2
251	772	46	48	2	2	1
252	1101	65	66	1	2	1
253	1458	9	12	3	3	2
254	953	8	9	3	3	2
255	1687	56	57	3	2	3
256	1394	53	55	3	1	3
257	2027	18	21	2	2	1
258	1031	63	65	3	1	2
259	1559	12	14	1	2	1
260	786	62	64	3	1	3
261	1955	37	40	1	2	3
262	1922	66	67	2	3	3
263	410	37	38	1	1	1
264	2074	25	27	2	2	1
265	1969	43	46	2	2	1
266	695	53	55	3	1	3
267	996	25	27	3	2	2
268	824	22	24	2	2	3
269	400	54	55	2	2	1
270	192	44	47	1	2	2
271	1233	25	28	1	2	3
272	1869	6	9	1	2	2
273	1542	27	30	2	3	2
274	1669	11	13	1	2	3
275	831	56	57	1	3	3
276	1981	34	36	2	3	2
277	839	19	22	3	2	2
278	599	47	49	3	3	1
279	362	31	34	2	1	3
280	559	20	22	2	3	3
281	810	7	10	2	1	1
282	694	17	19	2	3	2
283	743	5	8	1	1	3
284	512	24	25	1	1	1
285	593	63	66	2	2	1
286	1390	48	51	3	1	1
287	682	37	39	2	2	2
288	383	65	66	2	3	3
289	535	61	63	1	1	3
290	801	55	58	3	1	2
291	2106	42	44	3	2	1
292	122	7	8	2	1	3
293	654	41	43	1	2	2
294	900	61	62	2	2	2
295	280	28	31	1	2	2
296	1821	53	56	1	1	3
297	1937	24	26	2	2	3
298	2070	48	50	1	2	2
299	1433	63	65	3	3	2
300	680	21	23	1	2	1
301	1943	46	48	1	2	1
302	50	35	37	1	1	1
303	1512	47	50	2	1	1
304	2085	22	23	3	2	2
305	1594	53	56	2	3	1
306	1085	29	32	1	1	3
307	348	34	35	1	1	3
308	1678	6	7	1	2	2
309	232	30	32	3	1	3
310	1416	33	36	2	2	1
311	1067	46	48	3	1	1
312	1720	50	52	1	3	1
313	1359	5	6	1	3	1
314	1857	20	22	2	1	3
315	850	2	5	1	1	2
316	1722	40	43	1	2	3
317	820	45	47	1	3	2
318	209	44	47	1	2	2
319	1254	6	8	2	1	1
320	747	36	39	1	1	3
321	1130	23	25	1	2	2
322	2043	48	49	2	1	3
323	498	10	13	1	1	1
324	280	17	18	3	3	3
325	788	8	10	2	2	3
326	45	54	56	3	2	3
327	206	30	33	3	3	3
328	1744	50	53	1	1	1
329	645	65	66	1	2	3
330	1598	23	25	2	3	2
331	1618	39	41	1	3	2
332	2018	42	45	3	2	1
333	1277	55	58	1	2	2
334	182	14	16	3	1	3
335	754	27	28	1	1	1
336	945	2	4	3	2	3
337	1958	40	42	1	1	3
338	1914	37	38	3	2	3
339	1335	31	32	1	1	3
340	2084	28	31	3	3	1
341	506	12	13	3	2	3
342	794	30	32	1	3	2
343	214	34	37	1	3	2
344	1145	43	44	3	1	2
345	1134	40	42	3	3	3
346	207	12	15	2	1	1
347	760	3	6	3	2	3
348	724	50	52	1	1	2
349	1733	52	53	3	1	3
350	1613	25	27	3	3	3
351	166	39	42	2	2	3
352	1286	62	63	1	3	1
353	777	64	67	3	3	2
354	1243	4	6	1	2	2
355	765	46	47	2	2	3
356	371	56	59	3	2	1
357	1792	37	39	2	1	2
358	1638	2	3	2	3	2
359	1350	10	11	3	2	3
360	1865	16	17	1	3	3
361	1881	28	29	1	1	2
362	1070	22	25	1	1	2
363	1616	32	34	3	2	3
364	1860	42	45	3	3	3
365	1629	64	67	3	3	3
366	1448	2	4	3	3	3
367	1522	53	56	1	1	1
368	1468	11	12	1	3	1
369	2017	37	38	3	2	2
370	258	26	29	1	2	3
371	1393	41	43	2	2	1
372	202	63	66	2	1	3
373	1891	60	62	3	3	3
374	960	34	35	3	2	3
375	322	40	42	2	2	1
376	1906	8	9	1	1	2
377	1919	41	44	1	2	3
378	1089	19	20	1	2	2
379	910	45	48	1	1	1
380	500	55	58	3	3	1
381	1116	27	29	2	3	2
382	1606	30	33	3	3	3
383	1621	35	37	3	3	3
384	417	24	26	1	1	2
385	993	18	20	3	3	3
386	216	20	22	3	2	2
387	2066	62	63	1	3	2
388	620	42	44	2	3	1
389	1723	56	57	1	3	1
390	1806	43	44	2	1	2
391	1410	10	12	1	2	1
392	298	33	34	3	3	3
393	888	22	24	2	2	3
394	414	15	17	1	2	3
395	1208	32	34	1	3	2
396	199	42	45	2	3	2
397	990	14	15	1	1	3
398	920	19	22	2	1	2
399	340	10	11	3	3	1
400	1501	33	36	2	2	2
401	1319	10	11	2	1	3
402	1762	36	39	1	3	1
403	703	54	56	3	3	1
404	1983	37	40	2	1	2
405	26	22	25	1	1	2
406	83	14	15	2	3	3
407	803	8	11	3	2	3
408	683	8	10	3	2	1
409	1783	61	64	1	3	2
410	2115	13	14	3	2	3
411	881	37	39	3	2	2
412	360	42	43	1	3	3
413	638	31	32	3	3	1
414	2053	22	24	2	2	3
415	1033	45	47	1	3	2
416	1968	33	34	3	3	1
417	82	6	8	1	3	1
418	1005	53	56	2	2	3
419	1495	58	60	3	2	2
420	196	58	59	1	3	1
421	397	45	48	2	3	2
422	307	49	50	3	2	1
423	843	62	65	2	1	2
424	441	41	44	1	1	1
425	1667	67	68	2	2	1
426	840	25	28	1	2	1
427	550	46	47	3	2	2
428	1377	20	22	3	3	2
429	1763	43	46	2	2	1
430	855	7	9	2	1	1
431	1065	35	36	2	3	2
432	836	49	51	3	3	1
433	1401	48	50	2	1	1
434	1328	43	46	3	1	3
435	1942	36	39	3	2	1
436	466	20	21	2	2	2
437	287	35	38	2	1	3
438	243	10	11	1	3	3
439	701	67	68	1	2	1
440	386	17	19	3	1	1
441	304	13	15	1	2	1
442	146	13	14	2	2	2
443	1554	16	17	2	3	1
444	387	13	15	1	2	2
445	604	28	31	2	1	2
446	713	3	4	1	2	1
447	1561	57	60	2	3	2
448	927	3	4	2	3	2
449	1373	60	63	2	3	1
450	1810	33	35	2	2	2
451	719	32	34	1	3	3
452	791	41	42	1	1	3
453	2130	68	69	1	3	3
454	656	21	22	1	3	3
455	1822	19	21	1	3	2
456	2086	17	19	2	3	3
457	1962	37	39	2	2	3
458	1485	39	40	3	2	2
459	2032	15	18	2	2	1
460	1766	58	59	3	3	1
461	170	30	31	1	3	1
462	442	52	53	2	3	3
463	621	36	39	2	2	3
464	739	10	13	1	3	3
465	704	57	58	1	3	2
466	615	22	25	3	1	2
467	746	28	30	3	3	1
468	1752	8	11	1	2	1
469	738	19	21	1	2	2
470	1698	63	64	3	2	1
471	375	14	16	1	3	3
472	1206	63	65	1	3	2
473	897	27	28	1	1	3
474	968	52	55	3	1	1
475	785	24	26	3	1	1
476	143	5	7	3	3	2
477	1087	58	59	1	2	3
478	1429	12	15	2	2	3
479	1231	61	63	2	2	3
480	1263	2	3	1	1	1
481	1882	35	38	2	2	1
482	780	52	54	2	2	3
483	1829	2	3	2	1	3
484	1986	52	53	3	2	2
485	277	39	40	3	2	2
486	574	5	7	1	1	2
487	1131	8	11	3	2	3
488	1451	21	24	1	2	3
489	966	15	17	2	3	1
490	825	15	18	2	1	3
491	1144	30	32	3	3	1
492	956	23	25	3	2	1
493	1814	1	4	1	3	3
494	976	39	42	1	2	2
495	971	48	51	1	1	2
496	1646	45	47	1	1	3
497	513	48	50	1	2	3
498	1222	18	20	1	2	2
499	446	29	30	3	1	1
500	548	16	18	2	1	1
501	1323	64	65	2	1	1
502	615	56	57	3	1	3
503	578	65	66	3	1	2
504	93	4	7	3	2	3
505	1796	25	28	1	3	2
506	1834	60	63	1	2	3
507	1454	26	29	3	1	2
508	1609	4	7	3	1	2
509	1197	36	39	3	2	1
510	1989	25	26	2	2	2
511	639	32	35	3	2	1
512	778	31	33	2	2	2
513	712	12	13	3	1	2
514	288	32	34	2	3	2
515	983	25	27	2	3	1
516	147	26	28	1	1	3
517	1652	31	33	3	2	3
518	1920	32	34	1	1	3
519	1321	49	50	3	3	3
520	87	60	61	2	2	3
521	230	2	4	1	2	3
522	1723	40	43	3	2	1
523	299	19	21	2	1	2
524	1482	29	30	1	3	1
525	1742	7	9	1	2	2
526	1985	58	60	2	2	3
527	1580	36	39	2	2	1
528	574	60	63	1	3	3
529	964	63	64	2	2	2
530	1976	65	67	3	2	2
531	1909	27	28	2	3	1
532	625	44	45	1	2	1
533	177	64	65	3	1	2
534	296	5	7	3	2	1
535	151	50	51	3	1	2
536	893	21	23	1	3	2
537	1749	36	39	2	1	3
538	1967	35	37	1	1	3
539	1974	48	51	2	3	3
540	1195	6	7	1	1	1
541	437	64	66	1	1	3
542	1036	41	42	2	1	3
543	1461	35	38	1	2	2
544	342	39	40	2	2	3
545	582	41	43	3	2	2
546	1121	4	6	1	2	1
547	1643	47	50	1	1	1
548	955	5	7	2	3	3
549	1299	30	33	2	2	2
550	1755	52	53	2	1	3
551	1850	15	17	1	2	2
552	697	3	5	3	3	1
553	1238	8	10	3	1	3
554	896	35	38	2	3	2
555	1403	31	33	2	2	2
556	616	11	12	1	3	1
557	1139	14	15	1	3	2
558	1002	51	52	1	3	3
559	1536	57	59	2	2	3
560	675	46	48	1	1	1
561	2133	18	21	1	3	2
562	173	6	9	1	2	2
563	1432	65	66	2	1	2
564	2123	6	8	3	2	2
565	1424	39	41	1	2	1
566	753	13	14	3	3	3
567	967	11	14	3	3	3
568	826	41	42	2	3	1
569	2012	54	57	2	1	2
570	2041	27	28	3	3	1
571	914	11	12	3	3	2
572	762	22	24	3	2	3
573	503	30	32	3	2	1
574	2118	64	66	2	1	3
575	565	42	43	1	1	3
576	1503	44	46	3	1	3
577	721	34	36	3	1	3
578	470	64	66	2	1	2
579	1313	2	3	3	1	2
580	65	13	15	1	2	2
581	1526	60	62	1	3	2
582	484	62	64	1	2	3
583	1567	49	52	3	1	2
584	995	8	11	3	2	2
585	1540	40	43	3	1	3
586	636	17	20	2	2	1
587	1686	57	58	3	2	2
588	922	28	30	3	2	3
589	1440	7	10	3	2	1
590	1342	31	33	3	2	1
591	1530	1	3	2	2	1
592	315	49	51	3	3	2
593	10	41	42	1	2	3
594	2091	22	23	3	2	3
595	2026	51	54	3	2	1
596	1509	41	43	3	2	1
597	148	42	43	1	3	3
598	1768	54	56	2	3	1
599	2129	39	41	1	1	2
600	1376	58	60	2	3	2
601	1650	41	43	1	2	1
602	1789	8	11	3	3	3
603	100	37	38	1	1	3
604	392	47	50	2	1	2
605	1740	18	20	1	3	3
606	1105	27	29	2	1	2
607	651	65	68	2	1	2
608	1443	64	67	3	3	1
609	1813	54	56	1	1	3
610	346	32	34	2	1	2
611	1979	9	10	3	2	2
612	602	16	18	1	3	1
613	1840	6	8	2	3	2
614	906	21	23	3	3	1
615	312	49	52	1	1	2
616	1342	52	55	3	1	3
617	97	65	67	3	2	1
618	1574	4	7	1	1	3
619	1290	16	19	2	1	3
620	809	32	33	3	2	3
621	848	42	43	3	1	1
622	92	60	61	1	3	2
623	1278	7	10	1	2	3
624	1926	30	31	2	2	2
625	339	9	10	1	1	2
626	2014	55	58	2	3	2
627	863	28	31	3	3	2
628	1121	25	27	3	2	2
629	797	39	40	1	2	2
630	728	1	4	1	3	2
631	1158	9	12	2	3	2
632	195	62	63	2	2	3
633	1945	40	43	1	3	1
634	233	5	8	2	2	3
635	1538	42	43	2	3	1
636	1803	28	29	2	2	2
637	1267	30	33	2	2	2
638	1691	22	23	3	3	1
639	416	4	7	3	2	2
640	699	16	17	2	2	2
641	2138	32	34	3	3	3
642	129	8	10	3	3	3
643	404	29	30	2	3	3
644	1347	41	44	3	1	3
645	1040	50	53	2	2	1
646	1011	30	33	3	2	1
647	819	23	26	1	2	2
648	828	40	41	2	1	1
649	200	42	45	3	1	3
650	214	6	8	2	2	3
651	857	1	4	1	3	3
652	506	19	21	3	1	1
653	1648	5	7	3	3	1
654	528	63	64	1	3	1
655	1896	51	52	1	2	1
656	354	47	50	1	1	2
657	290	11	14	3	3	2
658	1658	48	51	3	1	3
659	1513	49	52	3	3	1
660	2031	39	41	2	3	1
661	81	2	4	2	1	2
662	1363	42	45	3	2	1
663	1707	67	69	1	2	1
664	628	59	61	1	2	1
665	1333	28	30	1	2	2
666	2163	55	57	2	3	3
667	1846	60	62	3	1	2
668	1811	26	29	1	2	3
669	1583	27	29	1	2	2
670	875	44	47	1	2	3
671	1977	27	28	2	2	3
672	274	20	23	3	1	3
673	2111	12	13	1	2	1
674	761	43	45	1	2	3
675	1257	19	22	1	2	1
676	1971	55	57	1	3	2
677	184	8	11	3	1	1
678	745	44	46	1	2	3
679	1730	57	58	1	1	2
680	217	28	30	1	2	2
681	774	39	42	2	1	3
682	368	16	18	1	3	3
683	2079	17	20	1	2	2
684	560	15	17	1	2	1
685	808	43	44	1	2	3
686	821	8	10	3	3	2
687	112	10	13	2	1	3
688	662	31	34	3	1	1
689	838	25	26	1	1	2
690	1141	50	51	2	1	2
691	178	11	14	3	1	3
692	71	17	20	2	1	3
693	2107	61	64	3	3	3
694	1677	52	55	1	3	2
695	152	31	32	2	1	2
696	469	51	54	3	3	1
697	670	26	28	1	2	3
698	1300	32	35	3	3	2
699	339	66	69	1	2	2
700	55	5	7	3	2	1
701	434	20	22	1	3	2
702	1506	18	21	2	1	1
703	1377	24	27	3	2	3
704	1290	64	65	3	3	2
705	1465	24	26	3	2	1
706	883	67	69	1	1	1
707	858	5	8	1	1	2
708	613	22	25	2	2	3
709	1951	60	63	1	3	1
710	1442	52	54	1	3	3
711	1605	30	33	1	1	2
712	2011	7	10	2	1	3
713	1539	28	30	1	2	2
714	1436	17	18	2	1	1
715	1058	21	24	3	1	3
716	1368	27	29	1	1	3
717	596	10	11	3	3	2
718	2099	43	45	1	3	3
719	1466	1	3	1	1	2
720	705	61	62	3	2	3
721	1521	20	22	3	3	1
722	1244	47	49	3	2	3
723	980	13	15	1	3	1
724	1373	50	52	2	1	1
725	1663	53	56	1	3	2
726	27	20	22	1	2	2
727	1655	28	30	2	1	3
728	29	22	23	2	3	2
729	2009	42	45	1	1	2
730	941	62	65	1	3	1
731	138	3	4	1	3	1
732	1323	46	48	1	3	2
733	1510	50	51	1	3	1
734	1046	16	19	1	1	1
735	690	50	53	3	1	2
736	1527	56	57	3	3	1
737	2073	28	29	1	3	1
738	1412	38	39	1	1	2
739	1470	4	7	3	2	2
740	566	19	22	2	1	2
741	983	53	54	3	2	3
742	1366	17	18	3	1	2
743	1102	58	60	3	1	2
744	939	29	31	3	3	2
745	1931	12	14	2	3	3
746	2149	14	16	2	3	1
747	1789	31	33	3	1	1
748	177	45	48	1	2	2
749	1364	40	42	3	1	1
750	2004	32	33	1	2	1
751	847	7	10	2	3	3
752	876	51	52	1	1	3
753	845	64	66	1	1	2
754	1057	60	63	1	3	2
755	215	52	54	3	1	2
756	2101	56	59	1	3	2
757	1083	46	47	2	2	3
758	359	46	47	1	2	2
759	252	56	57	1	3	3
760	1187	46	47	2	3	1
761	2147	47	48	2	2	3
762	1098	48	51	3	2	2
763	314	58	59	3	2	1
764	1938	46	47	3	3	2
765	496	34	35	1	1	2
766	1898	20	23	1	1	1
767	934	25	28	1	3	1
768	2063	36	38	3	1	1
769	2029	60	63	1	1	2
770	1000	35	36	1	2	3
771	618	67	69	1	2	1
772	239	48	49	1	2	2
773	686	54	57	1	2	1
774	737	6	9	2	2	1
775	1452	17	18	2	3	3
776	698	55	56	2	2	2
777	1437	13	16	1	3	3
778	1082	40	41	3	1	2
779	1260	48	49	1	1	2
780	103	60	63	1	3	3
781	365	2	3	2	1	1
782	1991	55	56	3	2	1
783	1839	9	10	2	1	3
784	1589	54	56	2	1	1
785	1889	36	38	1	2	1
786	600	33	34	1	3	3
787	1118	49	50	1	1	2
788	51	57	58	2	3	1
789	805	10	11	3	1	1
790	334	17	20	2	1	1
791	527	59	61	3	1	1
792	1255	20	22	1	1	1
793	241	6	9	1	2	1
794	361	34	37	2	1	1
795	250	19	21	3	2	1
796	157	7	9	3	1	2
797	789	51	54	1	1	2
798	326	10	11	3	1	3
799	1117	2	5	3	3	2
800	2077	54	57	3	2	1
801	1171	36	39	1	3	1
802	14	18	20	2	3	2
803	1721	12	15	3	3	1
804	17	18	21	2	3	3
805	1982	2	5	2	3	1
806	904	7	10	2	2	2
807	925	14	17	3	3	2
808	450	24	27	3	1	3
809	1519	57	60	2	3	2
810	1534	8	10	3	1	3
811	2109	44	45	2	2	1
812	570	34	36	3	3	1
813	2	2	4	3	1	1
814	1556	10	13	1	2	3
815	1100	46	49	2	1	3
816	149	40	41	2	1	2
817	1327	13	15	2	3	3
818	1681	38	41	2	3	3
819	1574	25	27	2	1	3
820	1679	23	26	3	2	1
821	357	41	42	3	1	1
822	909	18	20	3	3	2
823	1701	15	16	1	3	1
824	1437	8	10	2	2	3
825	730	29	30	2	1	1
826	667	55	57	3	2	1
827	391	51	54	3	3	1
828	121	66	67	3	1	2
829	21	28	31	1	1	2
830	554	19	20	1	3	1
831	779	43	45	1	3	1
832	1729	44	46	3	2	2
833	433	8	10	3	1	1
834	419	20	22	3	2	1
835	952	61	64	1	1	3
836	1506	45	48	3	1	1
837	1030	61	63	2	3	2
838	318	56	57	2	2	2
839	303	39	42	1	2	3
840	2131	37	40	2	1	3
841	1726	51	53	3	2	2
842	1344	10	13	1	2	1
843	1946	45	47	2	1	1
844	1428	46	47	3	2	2
845	1505	23	26	3	1	2
846	189	64	65	3	2	3
847	1761	63	64	1	3	2
848	901	55	58	2	2	3
849	748	48	50	2	2	1
850	1357	61	63	3	3	1
851	2126	57	60	2	1	1
852	430	21	23	1	3	2
853	1845	45	46	1	2	3
854	1664	63	65	1	3	3
855	460	35	37	2	1	1
856	59	24	26	3	2	2
857	384	1	4	2	1	1
858	1489	31	34	1	3	1
859	684	43	46	1	3	2
860	156	19	22	3	3	1
861	1152	33	35	1	3	2
862	1550	11	14	3	2	2
863	53	36	39	2	3	2
864	837	42	43	2	3	2
865	432	59	60	2	1	3
866	186	32	35	3	2	2
867	686	19	21	3	2	2
868	1475	56	58	3	1	2
869	172	9	10	3	2	3
870	2071	51	52	2	2	3
871	1674	29	31	2	2	3
872	205	34	37	1	2	3
873	1365	21	23	3	2	3
874	965	45	47	2	1	2
875	101	39	40	1	3	2
876	1947	63	66	3	2	3
877	295	61	63	1	2	3
878	708	26	28	2	3	1
879	264	62	65	1	1	2
880	859	5	6	3	2	3
881	2015	4	6	1	2	1
882	1853	23	24	2	3	3
883	1688	19	20	2	3	2
884	1756	54	57	2	3	2
885	341	34	37	1	3	3
886	1743	26	27	1	1	3
887	989	53	54	3	2	1
888	1355	19	20	2	3	3
889	5	44	47	1	2	2
890	1283	54	55	1	3	3
891	2129	65	67	1	2	1
892	6	43	44	2	3	1
893	136	52	54	2	2	2
894	1398	60	61	3	3	3
895	749	38	40	1	1	1
896	1696	45	48	2	1	3
897	162	14	15	1	3	1
898	1286	48	50	1	2	3
899	1739	7	10	1	3	3
900	1240	9	10	2	1	2
901	609	60	61	1	3	3
902	1575	24	26	2	3	3
903	1006	31	33	1	2	3
904	1118	23	25	3	3	3
905	176	34	37	2	2	2
906	120	24	27	3	2	1
907	1157	1	2	3	2	2
908	389	51	53	2	3	1
909	2105	24	27	3	3	2
910	705	31	32	1	3	1
911	1916	4	7	2	1	3
912	569	12	15	1	1	1
913	1239	50	52	1	3	1
914	959	49	51	2	2	1
915	1745	25	28	2	2	2
916	1770	47	49	2	3	3
917	3	8	10	2	3	3
918	1020	39	41	1	1	3
919	1801	22	24	3	2	3
920	1523	12	14	3	1	2
921	1229	52	55	2	2	1
922	1137	26	29	2	1	2
923	2053	65	66	1	3	2
924	1888	62	63	2	1	1
925	1620	36	38	3	1	3
926	1431	1	3	2	1	3
927	1520	66	67	3	3	1
928	656	32	33	1	3	1
929	64	10	12	3	3	3
930	74	40	41	2	3	2
931	996	20	23	2	1	2
932	1830	1	4	3	3	3
933	1106	26	27	1	1	1
934	455	59	62	3	1	3
935	1870	62	63	3	3	1
936	1566	52	53	3	2	2
937	1241	32	33	1	3	2
938	1458	17	18	1	3	1
939	1175	2	4	3	3	1
940	112	34	35	3	3	3
941	91	4	6	3	3	3
942	1560	50	53	2	1	1
943	1880	8	11	2	2	2
944	451	50	53	3	1	2
945	802	35	36	2	1	1
946	1700	61	64	1	3	3
947	1642	33	34	1	1	2
948	2166	64	66	2	2	2
949	671	49	52	2	2	2
950	673	35	36	2	3	3
951	2096	63	65	1	3	1
952	933	16	18	2	1	3
953	716	45	46	2	1	2
954	873	35	36	2	1	3
955	1736	42	43	3	2	3
956	423	51	54	3	3	2
957	370	14	17	2	2	2
958	492	44	47	1	3	2
959	841	63	65	1	2	1
960	2080	6	8	3	3	2
961	396	13	16	1	3	3
962	381	52	53	1	1	2
963	2156	1	3	1	1	3
964	1095	46	47	2	2	3
965	1417	28	31	1	2	2
966	1626	17	20	1	2	1
967	1079	34	36	1	2	2
968	1099	43	45	2	1	2
969	237	6	7	2	1	1
970	1660	3	5	2	2	2
971	1090	4	7	1	2	2
972	1108	31	32	3	1	3
973	1949	53	56	2	2	3
974	155	11	12	3	2	2
975	1225	35	36	3	3	2
976	1292	19	21	1	2	3
977	279	37	39	3	2	3
978	343	43	46	2	1	1
979	226	41	44	3	1	1
980	763	1	4	1	2	2
981	1641	27	29	1	3	3
982	1153	11	13	2	1	1
983	1104	63	66	2	2	2
984	1070	36	37	3	3	1
985	2055	60	61	1	1	1
986	1030	42	43	2	3	3
987	892	3	6	2	1	2
988	1384	48	50	3	1	2
989	32	41	44	2	2	3
990	2048	5	7	2	3	2
991	1898	10	12	1	2	1
992	1297	19	22	3	3	3
993	798	22	25	3	3	2
994	1047	66	68	1	1	3
995	1607	63	65	1	1	2
996	2045	53	55	3	1	2
997	1130	9	12	3	3	1
998	1778	62	64	1	2	3
999	601	32	35	2	3	3
1000	1684	14	15	1	1	2
1001	1185	18	20	1	3	2
1002	1913	5	8	1	1	3
1003	1576	66	69	1	3	2
1004	1042	7	10	2	2	2
1005	1361	1	3	1	1	2
1006	1337	51	52	3	1	1
1007	1221	53	56	3	2	1
1008	1821	47	50	1	2	1
1009	1709	15	18	2	3	1
1010	1463	17	20	2	1	2
1011	1198	19	22	3	3	2
1012	1111	44	46	2	3	3
1013	465	64	65	1	1	3
1014	1944	59	61	3	3	2
1015	2139	37	38	3	1	1
1016	435	7	8	1	2	2
1017	796	37	39	3	2	3
1018	1199	7	10	1	2	3
1019	1367	17	20	3	3	1
1020	468	65	67	3	3	1
1021	403	39	41	2	3	2
1022	728	40	42	1	1	1
1023	1512	59	61	3	2	2
1024	1875	19	21	3	1	3
1025	131	59	60	3	3	3
1026	674	30	33	2	1	2
1027	2086	26	29	3	2	3
1028	1092	38	40	3	3	3
1029	1623	45	47	3	3	2
1030	328	6	7	3	3	2
1031	1476	67	69	1	1	2
1032	1562	50	52	1	1	3
1033	1961	54	56	2	1	3
1034	988	31	34	2	3	1
1035	240	44	47	2	2	1
1036	787	52	55	3	3	2
1037	844	37	39	1	1	2
1038	1682	15	17	3	3	2
1039	118	46	48	1	2	1
1040	1159	22	25	2	1	3
1041	855	18	20	1	2	2
1042	320	42	44	2	1	2
1043	1268	17	18	1	3	3
1044	676	3	4	3	2	3
1045	486	2	3	2	1	1
1046	1758	42	45	3	3	2
1047	313	44	46	1	2	2
1048	1897	46	49	2	2	2
1049	1220	42	45	3	1	3
1050	2022	15	17	1	1	2
1051	854	46	48	1	2	1
1052	1060	1	4	1	3	1
1053	24	40	42	3	1	1
1054	776	25	27	2	1	3
1055	48	10	11	3	3	3
1056	1713	11	14	2	2	2
1057	194	9	10	1	1	1
1058	1351	40	42	2	1	2
1059	1732	8	9	2	3	1
1060	1571	9	10	3	3	1
1061	388	60	62	3	2	1
1062	1703	2	4	2	1	2
1063	1715	20	23	3	3	2
1064	1692	66	68	1	3	3
1065	2072	45	48	2	2	2
1066	321	57	59	2	1	3
1067	467	36	37	1	1	3
1068	2103	11	12	3	1	1
1069	1934	22	25	1	2	3
1070	1282	29	30	1	2	1
1071	352	41	42	2	2	3
1072	2110	33	35	3	1	1
1073	1595	12	13	1	3	2
1074	57	37	40	3	1	3
1075	2102	20	23	1	3	1
1076	1496	29	30	3	3	3
1077	1119	21	22	2	2	1
1078	877	30	33	3	1	2
1079	2116	10	13	1	2	1
1080	1760	67	68	2	3	1
1081	924	2	4	2	3	2
1082	374	61	62	3	1	1
1083	1066	54	55	1	1	1
1084	193	61	63	1	1	2
1085	723	31	34	3	2	3
1086	1218	64	65	1	3	3
1087	1012	20	21	2	3	1
1088	58	54	56	1	3	2
1089	1734	37	38	2	3	1
1090	2116	15	18	1	3	2
1091	1115	21	22	3	1	2
1092	1150	47	49	2	2	3
1093	1697	34	37	1	1	2
1094	2161	4	7	1	3	2
1095	778	45	47	3	1	1
1096	2161	57	58	3	1	2
1097	169	15	17	3	1	3
1098	740	19	20	3	1	3
1099	1245	43	45	3	2	1
1100	1944	47	50	3	1	1
1101	1596	37	38	1	3	2
1102	366	56	58	1	1	2
1103	1929	43	44	1	3	1
1104	1295	43	46	1	3	1
1105	301	49	52	3	1	1
1106	28	39	42	2	3	1
1107	1557	53	55	1	3	1
1108	963	18	19	3	3	3
1109	439	55	57	2	1	1
1110	853	52	55	2	3	3
1111	1964	26	28	1	1	2
1112	1024	12	15	2	3	2
1113	1657	67	68	1	3	2
1114	1661	12	14	3	2	3
1115	1216	16	18	1	1	3
1116	597	31	32	2	2	2
1117	1615	34	35	2	2	1
1118	1565	64	66	1	1	2
1119	308	29	31	3	3	3
1120	1671	8	10	3	1	3
1121	818	56	59	2	2	3
1122	1091	38	39	3	3	3
1123	1874	19	21	1	2	1
1124	899	58	59	2	3	2
1125	477	23	24	1	2	2
1126	524	54	57	3	2	2
1127	632	1	4	3	3	2
1128	16	48	50	1	2	2
1129	452	8	9	1	3	3
1130	758	1	2	1	3	1
1131	433	11	13	3	2	1
1132	666	25	28	3	1	2
1133	654	43	46	2	1	1
1134	1901	21	23	2	2	2
1135	16	18	19	2	1	3
1136	372	60	61	2	3	2
1137	968	65	66	2	2	3
1138	1205	37	39	3	3	1
1139	1474	10	11	3	1	1
1140	811	17	19	1	3	2
1141	994	48	50	2	1	1
1142	507	15	16	1	2	3
1143	1902	35	36	3	3	2
1144	1630	36	39	1	3	3
1145	1647	33	35	1	2	1
1146	1441	60	62	1	1	3
1147	63	60	62	3	2	1
1148	556	59	62	3	3	3
1149	27	42	43	1	3	2
1150	1266	2	4	2	1	2
1151	937	1	2	3	2	1
1152	1080	12	14	1	3	3
1153	2047	61	62	2	1	3
1154	20	39	41	3	2	2
1155	1224	19	22	2	3	3
1156	577	61	63	2	1	3
1157	1694	47	49	1	3	2
1158	668	34	37	3	2	1
1159	833	52	54	1	1	1
1160	1492	13	15	1	1	3
1161	390	42	45	1	1	3
1162	1525	33	35	2	3	2
1163	1842	13	15	2	2	3
1164	1631	61	62	1	2	1
1165	986	54	56	1	3	2
1166	1411	56	58	1	1	2
1167	1899	29	30	2	1	3
1168	1039	14	15	2	2	2
1169	1666	45	48	2	2	2
1170	1258	25	27	3	3	2
1171	1129	30	33	1	1	1
1172	1176	66	67	3	1	2
1173	480	24	25	3	2	1
1174	289	63	66	1	1	3
1175	633	14	16	3	2	3
1176	460	55	58	3	3	1
1177	1423	29	31	1	1	1
1178	632	43	46	3	1	2
1179	286	31	33	1	3	2
1180	1275	59	61	3	3	1
1181	440	63	66	2	1	1
1182	1705	68	69	1	2	2
1183	261	4	5	2	1	1
1184	706	46	48	2	2	2
1185	294	40	43	1	1	3
1186	1154	57	58	1	1	1
1187	1484	26	27	1	2	3
1188	627	33	34	3	1	2
1189	387	24	27	1	1	2
1190	77	13	14	3	2	2
1191	1004	23	25	1	1	3
1192	293	19	20	3	1	3
1193	159	11	13	2	3	3
1194	1202	23	25	3	2	2
1195	1529	33	36	2	1	2
1196	1622	27	28	3	3	2
1197	473	45	47	1	1	1
1198	734	59	62	2	3	2
1199	1841	12	14	2	3	1
1200	1353	35	37	1	1	2
1201	1504	54	55	1	2	2
1202	521	21	22	2	3	1
1203	817	68	69	1	1	3
1204	1025	13	14	1	2	1
1205	1315	38	39	1	3	1
1206	2165	42	43	2	1	2
1207	972	10	12	3	3	2
1208	2052	22	25	3	3	1
1209	2038	13	16	1	2	1
1210	220	12	13	1	2	3
1211	938	27	29	3	1	2
1212	1194	32	35	3	1	2
1213	862	6	8	1	3	1
1214	1304	52	55	1	3	2
1215	1341	14	15	1	3	1
1216	1339	52	55	3	3	1
1217	1761	2	4	3	2	1
1218	1748	28	29	1	3	2
1219	311	9	11	1	3	1
1220	1324	25	27	1	1	2
1221	700	27	29	3	2	2
1222	1830	12	15	2	1	3
1223	2128	45	46	3	3	3
1224	1184	23	25	2	1	2
1225	643	60	63	2	2	3
1226	1593	8	10	3	2	2
1227	1015	6	8	3	2	2
1228	499	46	48	2	1	1
1229	781	17	20	1	2	2
1230	1894	38	41	1	1	3
1231	237	39	41	2	2	2
1232	865	14	15	1	3	2
1233	1941	22	24	1	1	2
1234	1759	18	20	1	2	3
1235	1604	14	16	1	1	2
1236	748	23	26	1	3	1
1237	1388	46	49	3	3	2
1238	1259	56	57	1	3	2
1239	4	23	24	3	3	2
1240	413	30	32	3	2	1
1241	1706	15	16	3	3	3
1242	470	61	63	2	2	1
1243	1866	66	67	1	1	2
1244	179	31	34	1	1	2
1245	690	41	42	1	3	3
1246	1391	18	20	1	2	2
1247	572	25	26	1	1	1
1248	958	54	55	1	1	1
1249	814	61	64	1	3	3
1250	1808	52	53	1	2	1
1251	641	41	42	1	1	3
1252	851	27	30	3	2	2
1253	1379	18	20	3	1	2
1254	1543	11	14	2	3	1
1255	1849	48	50	2	2	3
1256	438	60	62	1	3	3
1257	762	42	43	3	3	3
1258	1048	11	12	2	1	3
1259	2028	44	45	2	2	3
1260	1457	18	19	2	3	3
1261	502	40	43	3	1	2
1262	1867	32	34	2	2	1
1263	2139	12	14	2	3	1
1264	2065	64	67	3	2	1
1265	316	48	50	2	1	2
1266	1956	44	47	1	1	2
1267	583	58	61	1	2	3
1268	1932	19	21	3	1	3
1269	595	24	27	2	3	3
1270	835	3	5	1	2	3
1271	1614	4	5	3	1	3
1272	1552	37	40	2	1	2
1273	218	35	38	1	3	3
1274	185	51	52	1	2	1
1275	2111	63	65	3	2	2
1276	1309	52	54	1	2	2
1277	1177	16	18	3	3	1
1278	603	29	31	3	1	2
1279	180	8	10	2	2	3
1280	1890	42	45	1	2	1
1281	637	65	67	2	2	1
1282	306	1	2	1	1	1
1283	553	35	37	1	3	2
1284	2036	12	14	2	3	3
1285	428	18	19	3	1	2
1286	533	59	60	1	3	3
1287	703	15	16	2	3	2
1288	793	58	60	2	1	3
1289	418	53	54	1	3	3
1290	1193	58	61	1	2	2
1291	167	13	15	1	3	2
1292	767	20	22	3	3	2
1293	815	47	50	1	2	3
1294	2061	1	2	2	2	1
1295	1930	20	22	3	2	3
1296	510	53	56	2	1	3
1297	181	49	50	3	3	2
1298	985	40	42	2	1	2
1299	1143	11	13	3	3	3
1300	31	1	4	1	2	2
1301	1201	52	54	3	1	2
1302	1883	23	24	2	2	1
1303	1844	11	12	3	2	3
1304	199	63	65	3	3	2
1305	319	18	19	1	2	3
1306	385	2	4	1	1	2
1307	1014	11	13	3	2	1
1308	517	31	34	2	2	1
1309	1251	26	29	3	3	3
1310	783	36	38	2	1	3
1311	479	61	63	1	3	1
1312	576	54	57	3	1	1
1313	644	31	33	1	2	2
1314	1392	24	25	1	1	1
1315	1114	22	24	2	3	3
1316	1773	48	49	3	3	1
1317	511	25	27	3	2	3
1318	531	9	12	1	2	3
1319	1747	54	57	2	2	2
1320	84	39	42	2	2	1
1321	998	54	56	3	2	2
1322	1409	22	23	1	3	2
1323	1028	53	54	3	1	1
1324	283	28	29	3	3	3
1325	1019	34	36	3	2	1
1326	140	26	27	3	2	1
1327	685	54	55	2	2	1
1328	139	65	66	2	1	2
1329	902	22	24	1	1	3
1330	1510	30	33	3	1	2
1331	79	14	15	1	1	1
1332	726	59	62	3	2	3
1333	928	30	32	3	3	1
1334	1462	48	51	2	1	3
1335	339	23	24	3	3	3
1336	2151	4	7	2	3	2
1337	57	64	66	2	1	3
1338	2069	44	46	3	1	1
1339	610	24	25	1	1	3
1340	1497	2	3	1	3	2
1341	1268	33	35	3	3	1
1342	2093	20	23	2	2	3
1343	260	23	24	3	2	1
1344	1728	65	68	1	2	1
1345	1606	24	26	1	2	3
1346	679	26	28	1	3	3
1347	1135	48	49	2	2	2
1348	895	34	36	1	2	3
1349	19	41	43	3	1	1
1350	1569	27	29	3	1	3
1351	1148	30	32	2	2	3
1352	1023	33	34	1	2	3
1353	1469	38	40	3	2	3
1354	1390	18	19	3	1	2
1355	22	54	57	1	2	3
1356	1232	31	34	3	1	2
1357	367	58	60	1	2	3
1358	937	63	66	1	1	3
1359	1672	34	36	1	3	1
1360	1445	50	51	3	3	1
1361	1651	8	9	1	3	3
1362	1479	43	45	2	1	1
1363	1322	21	24	3	3	3
1364	1261	40	43	2	3	3
1365	1653	26	28	2	1	3
1366	702	59	61	2	3	2
1367	1843	27	28	2	1	2
1368	323	50	53	1	2	3
1369	2082	1	3	3	2	3
1370	448	52	53	3	2	2
1371	449	7	10	1	2	3
1372	36	17	18	2	2	2
1373	1448	33	34	2	1	3
1374	2062	10	13	3	2	3
1375	2121	8	11	1	2	3
1376	884	41	44	3	1	1
1377	1837	29	30	1	3	2
1378	42	46	48	3	3	1
1379	931	10	12	3	3	3
1380	2153	5	7	2	3	3
1381	997	51	54	1	2	1
1382	257	1	2	2	3	2
1383	144	24	26	1	1	3
1384	592	36	37	3	2	3
1385	171	10	12	1	1	1
1386	1262	59	62	3	1	1
1387	1600	60	61	1	2	1
1388	1508	27	29	2	2	3
1389	1547	52	54	1	1	2
1390	247	25	28	3	1	1
1391	1627	47	48	1	2	3
1392	2157	63	65	2	3	1
1393	1381	37	40	1	1	1
1394	1	21	22	2	2	1
1395	711	45	46	2	2	2
1396	1904	56	59	3	1	2
1397	1774	11	12	2	3	2
1398	1399	47	50	3	2	3
1399	420	47	50	3	3	1
1400	1099	63	64	1	2	2
1401	1325	28	30	1	2	3
1402	1654	54	55	2	3	1
1403	1170	53	55	2	1	1
1404	353	36	38	2	3	1
1405	944	8	10	3	2	3
1406	786	38	40	3	3	3
1407	285	13	15	3	1	2
1408	1486	65	66	3	2	2
1409	265	35	37	2	3	1
1410	567	55	57	3	1	2
1411	540	51	54	3	2	1
1412	1993	6	9	1	2	2
1413	1588	15	16	2	2	2
1414	737	49	51	3	3	1
1415	1590	19	20	1	3	2
1416	1466	29	31	3	3	2
1417	290	64	67	3	2	2
1418	2134	31	34	2	2	1
1419	1265	29	31	2	1	1
1420	822	23	24	1	3	1
1421	1587	53	55	3	1	3
1422	860	22	25	2	3	3
1423	1834	43	44	1	2	1
1424	1996	56	58	2	1	3
1425	284	25	28	3	1	2
1426	485	39	42	1	3	1
1427	527	17	18	2	3	2
1428	710	21	22	3	2	2
1429	1478	64	67	3	2	3
1430	1979	54	56	2	3	2
1431	1439	64	65	1	2	1
1432	974	53	55	1	2	2
1433	1863	40	43	2	3	3
1434	1426	5	7	2	1	3
1435	297	37	40	2	3	2
1436	402	13	14	2	1	2
1437	1624	7	8	1	1	1
1438	1046	47	48	1	1	1
1439	770	39	42	3	2	3
1440	611	43	45	2	2	1
1441	2087	34	35	3	1	3
1442	490	41	42	3	3	2
1443	1248	58	60	3	3	2
1444	834	1	4	2	3	2
1445	436	25	26	2	2	3
1446	714	32	33	2	3	3
1447	568	6	7	3	2	1
1448	868	22	25	2	3	1
1449	1064	25	27	2	2	1
1450	1719	54	57	3	1	3
1451	913	63	64	1	3	3
1452	335	9	10	1	2	3
1453	1049	30	32	1	1	2
1454	619	48	50	1	1	3
1455	33	14	15	3	2	1
1456	992	60	61	3	3	1
1457	1098	66	68	1	1	3
1458	325	48	51	1	3	1
1459	1833	1	3	3	1	3
1460	478	7	10	2	2	1
1461	638	46	49	3	3	3
1462	1326	63	64	1	1	3
1463	1924	15	17	1	1	1
1464	30	52	54	2	3	2
1465	2088	39	41	1	1	1
1466	1779	23	24	2	3	2
1467	950	10	13	1	1	1
1468	563	37	40	1	3	3
1469	1190	50	53	1	3	3
1470	2155	42	44	1	2	2
1471	1136	23	26	1	1	1
1472	921	51	54	2	2	1
1473	364	39	41	3	3	2
1474	1818	36	39	2	3	3
1475	1167	11	12	3	1	1
1476	1491	45	47	3	2	2
1477	1494	60	61	1	1	1
1478	1480	60	63	1	1	3
1479	1873	14	15	3	2	3
1480	1984	52	54	1	3	2
1481	2098	25	28	1	2	1
1482	905	12	13	3	1	3
1483	688	63	65	3	2	2
1484	1308	52	55	2	2	1
1485	1274	23	25	2	2	3
1486	1018	64	66	3	2	1
1487	729	19	21	2	2	3
1488	1195	23	25	1	2	3
1489	1207	13	14	2	2	1
1490	585	34	37	1	2	2
1491	34	32	33	1	1	2
1492	1737	58	61	1	3	1
1493	522	18	20	3	1	2
1494	43	20	23	2	1	1
1495	441	18	19	3	2	1
1496	267	65	67	3	1	3
1497	1699	9	10	2	1	1
1498	1021	32	35	3	1	3
1499	1634	59	61	1	1	3
1500	232	10	13	3	3	3
1501	1506	24	26	1	1	2
1502	957	37	38	2	2	1
1503	869	47	50	2	1	3
1504	1973	63	64	1	2	1
1505	1954	13	16	2	3	1
1506	642	1	4	1	2	3
1507	598	45	46	1	2	1
1508	1007	43	45	3	3	1
1509	455	43	46	1	2	2
1510	856	38	40	1	3	3
1511	1200	54	57	2	2	2
1512	1023	17	19	1	2	1
1513	2040	4	6	3	2	2
1514	2152	5	7	1	1	2
1515	331	10	13	1	1	3
1516	277	57	60	2	2	1
1517	816	42	45	3	1	3
1518	1125	24	26	2	2	2
1519	1511	52	53	2	2	3
1520	317	61	62	3	2	3
1521	929	26	28	1	3	1
1522	1545	64	66	1	2	1
1523	188	30	32	1	3	3
1524	2160	20	23	2	2	1
1525	422	67	68	2	3	1
1526	1415	42	43	1	2	2
1527	1242	13	16	2	3	3
1528	880	56	57	3	2	1
1529	970	35	38	3	2	3
1530	842	35	38	2	3	2
1531	655	34	37	1	1	2
1532	1581	57	60	1	3	2
1533	709	22	23	2	3	1
1534	820	53	54	3	2	1
1535	715	1	2	3	3	1
1536	807	48	50	2	1	2
1537	1912	36	37	3	1	1
1538	1516	45	47	3	2	3
1539	581	59	60	1	1	2
1540	1450	47	48	1	1	1
1541	518	31	34	2	1	3
1542	860	10	13	3	1	2
1543	2140	5	8	1	3	2
1544	687	13	16	1	2	1
1545	110	38	39	2	3	3
1546	1776	43	45	1	3	1
1547	245	60	62	2	1	1
1548	2016	31	34	3	3	2
1549	1032	23	26	1	3	3
1550	1311	43	46	1	1	1
1551	79	43	46	2	2	2
1552	1625	17	20	3	1	2
1553	1050	65	67	2	1	3
1554	444	32	34	2	1	1
1555	1210	48	51	3	2	2
1556	588	21	23	2	1	3
1557	1754	23	24	3	1	1
1558	1804	49	51	2	1	2
1559	282	16	19	3	3	2
1560	1900	39	42	3	2	2
1561	782	60	61	1	1	2
1562	25	28	30	3	2	2
1563	2057	10	12	1	3	3
1564	1414	24	26	3	2	3
1565	1965	36	38	2	3	2
1566	1696	9	11	2	3	3
1567	47	29	31	2	2	2
1568	750	5	7	3	1	3
1569	1921	16	18	2	3	2
1570	1731	39	41	3	3	1
1571	579	33	34	2	2	1
1572	1499	48	51	3	3	1
1573	1055	49	50	1	1	2
1574	586	11	14	3	3	1
1575	275	54	57	1	3	2
1576	1038	9	12	2	3	3
1577	1044	49	52	2	2	3
1578	562	66	68	1	1	1
1579	501	45	46	3	3	1
1580	1695	52	55	3	3	3
1581	968	11	12	3	2	2
1582	1613	49	51	1	3	2
1583	1430	58	59	2	1	2
1584	552	42	45	2	3	3
1585	1048	6	9	3	2	2
1586	1176	34	37	3	1	2
1587	2075	41	44	1	3	1
1588	18	36	39	2	1	1
1589	1970	8	10	3	2	3
1590	1293	13	15	3	3	2
1591	161	17	18	2	1	1
1592	538	25	26	2	2	2
1593	2001	62	64	1	3	2
1594	1385	3	6	2	3	2
1595	1420	2	3	2	3	2
1596	1852	40	41	3	1	1
1597	817	37	38	2	3	1
1598	1978	29	31	2	2	3
1599	454	13	15	1	2	3
1600	376	1	4	3	2	3
1601	1404	46	47	3	1	3
1602	1712	4	7	3	1	2
1603	350	58	61	3	3	2
1604	1602	12	15	2	1	3
1605	66	20	22	2	2	1
1606	823	10	12	2	2	2
1607	1305	9	10	1	3	2
1608	271	2	3	1	2	2
1609	1988	10	11	1	1	3
1610	1659	19	20	1	2	3
1611	2010	57	59	1	1	3
1612	358	30	31	2	3	2
1613	1164	60	63	1	3	1
1614	658	26	29	1	1	2
1615	734	15	17	1	1	1
1616	1081	44	47	1	2	3
1617	1452	41	43	1	1	2
1618	2104	30	31	3	1	2
1619	1127	33	34	2	2	2
1620	2042	30	33	1	2	3
1621	773	61	62	3	3	2
1622	359	64	67	1	3	2
1623	1288	50	53	3	3	3
1624	1249	19	22	2	2	3
1625	907	20	22	2	2	2
1626	2003	2	4	2	3	2
1627	219	10	11	2	1	1
1628	1237	47	48	1	3	2
1629	412	47	49	1	3	3
1630	1905	6	9	2	3	3
1631	1859	40	41	2	1	1
1632	1702	16	19	3	3	1
1633	255	6	9	1	1	1
1634	336	37	38	3	2	3
1635	975	68	69	1	2	2
1636	1799	56	59	1	1	2
1637	1893	48	49	2	3	2
1638	406	56	57	3	1	1
1639	813	41	42	1	2	1
1640	898	2	4	2	1	1
1641	564	7	10	3	2	1
1642	1037	61	63	3	1	2
1643	744	21	24	1	2	3
1644	2078	29	32	3	1	3
1645	1375	63	65	3	1	2
1646	309	29	30	1	2	2
1647	906	62	63	1	2	3
1648	771	40	41	2	3	1
1649	504	23	26	2	2	3
1650	1939	15	16	1	3	2
1651	1272	4	5	1	3	3
1652	526	61	63	2	2	3
1653	445	62	63	2	1	3
1654	1422	65	66	3	1	1
1655	1997	21	23	2	3	2
1656	1689	34	37	3	1	1
1657	1753	2	3	2	3	2
1658	664	36	38	1	1	1
1659	198	49	51	3	2	2
1660	1531	17	20	2	1	2
1661	302	61	63	2	2	1
1662	1966	50	52	3	1	3
1663	1764	22	25	1	2	1
1664	623	32	35	2	3	2
1665	1611	24	26	2	2	3
1666	1894	64	67	1	3	2
1667	2044	33	36	3	2	3
1668	1140	21	22	2	3	1
1669	378	29	31	3	2	1
1670	1217	9	12	1	1	2
1671	677	44	47	1	3	2
1672	13	32	33	2	2	2
1673	1766	13	14	1	2	1
1674	534	21	22	1	2	2
1675	1647	66	67	1	3	3
1676	804	52	55	2	2	1
1677	229	48	50	3	2	1
1678	1282	38	40	3	1	2
1679	72	27	28	2	1	3
1680	128	62	64	3	2	2
1681	1318	33	35	2	3	2
1682	244	28	29	2	2	3
1683	614	16	18	3	1	3
1684	1180	66	67	2	1	1
1685	476	46	49	2	2	2
1686	46	13	14	3	3	2
1687	1584	51	53	3	3	2
1688	961	52	53	3	3	3
1689	846	44	45	3	2	3
1690	1659	53	55	3	3	3
1691	1083	58	59	1	3	2
1692	1685	13	14	3	1	2
1693	1400	46	48	1	3	3
1694	1903	20	22	1	1	2
1695	2105	32	34	3	1	1
1696	834	64	65	1	2	1
1697	505	58	60	2	1	1
1698	1446	8	9	2	2	2
1699	879	42	43	2	3	2
1700	1283	35	37	1	1	3
1701	1507	53	55	1	3	1
1702	184	32	34	2	1	3
1703	278	61	63	3	1	2
1704	1649	24	27	3	1	1
1705	999	1	3	2	2	3
1706	69	5	6	1	2	2
1707	208	36	39	3	2	2
1708	1948	53	55	2	3	1
1709	1174	2	3	1	3	1
1710	2119	25	28	3	1	1
1711	394	39	41	1	2	3
1712	349	32	33	3	2	3
1713	727	1	4	1	2	3
1714	749	57	60	3	1	3
1715	1533	2	5	2	3	3
1716	488	62	65	3	2	3
1717	1068	15	17	1	2	2
1718	1449	57	60	3	2	2
1719	2021	22	25	2	1	1
1720	1334	17	20	2	3	3
1721	1113	5	7	3	2	2
1722	315	12	13	2	2	2
1723	1264	63	65	1	2	3
1724	1179	49	51	3	1	1
1725	555	48	51	2	3	2
1726	1386	40	42	3	2	2
1727	61	11	13	3	1	2
1728	1503	43	44	3	2	3
1729	290	4	7	1	2	2
1730	867	17	18	3	1	1
1731	890	47	48	2	2	3
1732	1059	21	22	2	1	1
1733	732	12	15	2	1	1
1734	1053	14	17	2	3	1
1735	622	36	39	3	3	3
1736	1052	10	11	2	1	2
1737	503	4	7	2	1	2
1738	1548	62	65	1	1	2
1739	1617	42	45	3	1	3
1740	1610	54	57	3	1	2
1741	935	25	28	2	3	2
1742	1856	5	7	2	3	2
1743	1133	22	25	2	1	1
1744	1531	29	31	2	3	2
1745	1673	57	58	1	1	2
1746	885	3	6	3	1	1
1747	1121	40	43	3	1	1
1748	1821	29	32	1	3	3
1749	2008	38	41	1	1	3
1750	943	24	25	3	3	1
1751	2081	48	49	2	2	1
1752	111	59	61	2	2	3
1753	2006	15	17	1	3	1
1754	83	24	26	1	2	1
1755	808	31	33	2	3	2
1756	256	63	65	3	1	2
1757	1062	33	36	1	3	2
1758	231	26	29	3	3	2
1759	849	9	11	3	3	2
1760	567	28	29	3	3	3
1761	1809	66	68	2	2	1
1762	1124	33	35	3	1	2
1763	652	43	46	1	3	1
1764	23	9	10	1	3	2
1765	545	59	62	1	3	2
1766	1051	42	45	3	1	2
1767	515	47	48	3	1	3
1768	624	33	35	2	2	2
1769	1041	61	64	3	1	3
1770	1273	28	31	2	2	2
1771	969	54	56	1	2	1
1772	916	25	26	2	1	1
1773	1212	51	54	1	3	1
1774	802	51	54	2	3	1
1775	1332	40	43	2	3	3
1776	1396	55	57	3	1	3
1777	377	23	24	1	2	2
1778	1980	53	56	3	3	3
1779	2023	2	4	3	1	1
1780	2051	56	58	2	1	2
1781	1016	54	56	1	3	1
1782	1549	50	52	2	2	3
1783	1278	30	33	1	1	3
1784	483	5	7	3	1	2
1785	1599	58	61	2	2	2
1786	1022	27	29	3	1	3
1787	514	62	65	2	1	3
1788	2120	39	41	1	2	2
1789	1708	56	58	2	2	2
1790	979	47	49	2	3	2
1791	1079	13	16	2	1	1
1792	1927	9	12	2	2	1
1793	1788	19	20	2	2	3
1794	707	32	35	2	1	1
1795	168	57	58	3	1	3
1796	1473	19	21	2	3	1
1797	1953	8	9	1	2	2
1798	1253	40	41	3	3	2
1799	2050	46	49	1	2	3
1800	1235	12	14	3	1	2
1801	657	30	32	1	2	2
1802	1507	34	37	1	3	1
1803	1397	59	62	2	1	1
1804	1209	62	63	2	2	2
1805	2060	26	28	1	3	1
1806	2135	18	21	2	2	3
1807	407	59	60	1	2	1
1808	1637	37	38	2	1	3
1809	1823	48	50	3	3	1
1810	357	59	62	3	3	3
1811	2078	13	16	2	1	2
1812	70	24	27	1	1	1
1813	542	17	19	2	3	2
1814	525	50	51	1	3	1
1815	1895	14	16	3	2	2
1816	1502	61	62	1	1	3
1817	1887	3	5	1	1	3
1818	1160	46	48	1	3	2
1819	987	42	44	1	3	3
1820	1213	15	17	2	3	3
1821	1281	50	53	1	1	3
1822	2037	8	10	2	2	2
1823	2141	11	12	1	1	2
1824	116	10	13	2	3	2
1825	1558	10	12	1	2	1
1826	160	57	58	2	3	2
1827	1816	2	5	1	1	3
1828	1256	16	17	2	1	3
1829	1872	54	57	3	3	3
1830	1612	41	44	1	3	1
1831	1835	20	23	2	3	3
1832	1515	59	62	1	3	2
1833	1049	63	66	2	3	2
1834	1356	67	69	1	1	3
1835	1911	66	69	1	2	3
1836	999	4	5	2	1	2
1837	1312	37	40	2	3	1
1838	1215	55	57	2	2	1
1839	2117	58	61	1	1	2
1840	150	26	27	2	3	1
1841	8	1	4	1	2	2
1842	424	42	43	2	2	3
1843	125	5	8	1	1	2
1844	1825	39	42	2	1	3
1845	1498	50	53	3	3	2
1846	1112	32	34	2	1	2
1847	155	29	31	1	3	2
1848	179	8	9	1	3	3
1849	1181	17	19	1	3	2
1850	1013	1	3	3	3	2
1851	312	14	15	2	3	2
1852	2034	46	49	1	1	2
1853	2143	33	34	2	2	1
1854	150	3	4	2	2	3
1855	467	28	29	3	2	3
1856	311	36	39	2	1	1
1857	431	54	55	2	2	1
1858	1315	23	26	2	3	3
1859	1301	40	43	3	3	1
1860	689	39	41	1	1	1
1861	1815	9	11	3	3	1
1862	1338	52	55	2	3	2
1863	1918	33	34	3	1	3
1864	2072	51	54	3	2	1
1865	814	17	19	2	2	2
1866	1183	9	10	3	1	1
1867	1306	45	46	2	1	3
1868	1692	18	20	2	2	3
1869	980	63	64	1	3	1
1870	908	18	21	3	1	2
1871	764	33	36	3	1	1
1872	1352	56	59	2	2	2
1873	2102	38	39	2	3	2
1874	1427	26	27	2	1	3
1875	1585	60	62	1	1	2
1876	1418	9	11	3	2	1
1877	421	12	13	1	1	1
1878	1592	1	3	3	1	2
1879	1185	58	59	3	3	2
1880	2162	61	63	2	1	2
1881	1455	46	47	3	2	1
1882	606	23	25	2	3	3
1883	105	11	13	3	2	3
1884	51	6	8	1	1	3
1885	371	57	60	1	3	1
1886	2159	34	36	2	2	1
1887	405	15	16	2	3	3
1888	1665	4	6	2	3	3
1889	1279	12	15	1	1	3
1890	2005	60	63	1	1	1
1891	1460	63	64	2	3	1
1892	1287	11	13	1	1	1
1893	1354	43	46	2	3	1
1894	718	9	12	2	3	2
1895	1219	11	13	2	2	1
1896	1094	11	13	3	3	2
1897	2059	27	28	3	1	1
1898	1419	17	18	2	1	3
1899	1633	65	66	2	3	3
1900	41	2	5	1	2	3
1901	1787	36	37	1	2	1
1902	1226	13	15	3	3	2
1903	1885	30	32	2	1	2
1904	1169	21	24	3	3	2
1905	742	61	63	2	3	1
1906	1858	42	43	3	1	1
1907	133	24	26	3	3	1
1908	37	43	45	2	1	2
1909	1026	35	38	3	1	2
1910	1017	24	25	1	3	2
1911	831	35	36	1	3	1
1912	1936	57	59	3	1	3
1913	635	36	38	3	2	1
1914	277	32	34	1	2	2
1915	2142	2	4	2	3	1
1916	1908	41	42	2	3	2
1917	327	60	63	1	2	1
1918	2083	10	11	3	3	2
1919	201	11	12	3	1	1
1920	1097	54	57	3	3	3
1921	1943	20	21	3	1	1
1922	210	25	26	3	3	1
1923	926	51	52	2	2	3
1924	1726	21	23	2	3	3
1925	857	15	18	3	1	2
1926	11	59	62	3	1	3
1927	1524	27	30	1	1	1
1928	62	37	38	1	1	3
1929	609	58	59	3	1	2
1930	1532	66	67	1	2	2
1931	246	43	46	2	2	2
1932	608	46	49	2	3	1
1933	389	58	61	1	1	3
1934	1370	61	64	3	1	1
1935	1622	28	29	2	1	1
1936	1577	22	24	2	1	2
1937	1340	27	28	2	2	2
1938	247	36	38	2	2	2
1939	1884	53	56	2	2	2
1940	864	17	18	1	1	3
1941	1372	65	67	2	1	1
1942	743	63	65	1	3	3
1943	1572	25	26	3	1	1
1944	204	24	26	3	1	3
1945	63	59	60	3	1	2
1946	546	57	58	3	3	2
1947	1573	48	49	1	1	3
1948	1260	48	50	2	2	1
1949	919	30	31	3	1	1
1950	2067	51	54	1	2	3
1951	1710	21	22	1	2	1
1952	1874	3	4	2	3	3
1953	1987	17	20	2	3	3
1954	1069	36	38	2	2	1
1955	1077	11	14	2	2	1
1956	1563	30	31	3	3	3
1957	2070	5	7	1	1	2
1958	1346	24	26	3	3	1
1959	1691	19	21	2	1	3
1960	2054	41	44	3	2	1
1961	1483	49	52	2	2	3
1962	741	38	39	1	2	1
1963	1960	12	15	2	1	3
1964	1109	23	25	1	2	3
1965	1035	63	66	2	3	3
1966	991	52	53	2	2	3
1967	856	9	12	1	2	1
1968	1471	57	58	1	3	1
1969	1252	47	48	2	2	3
1970	1362	47	49	3	2	2
1971	2025	47	49	1	2	2
1972	219	61	64	2	1	3
1973	759	13	15	1	2	1
1974	789	42	43	1	3	3
1975	86	37	40	3	3	3
1976	1075	5	7	2	1	1
1977	1952	51	53	3	3	2
1978	1294	12	13	3	1	3
1979	283	30	33	3	1	1
1980	523	44	45	1	2	3
1981	1848	38	39	1	3	1
1982	948	52	55	3	1	3
1983	1343	32	35	2	2	1
1984	1714	32	35	2	3	1
1985	2032	7	8	2	2	2
1986	629	46	47	1	1	3
1987	799	55	56	2	2	2
1988	475	18	21	2	2	2
1989	1782	5	7	2	3	3
1990	119	50	53	2	1	3
1991	773	44	45	3	3	2
1992	866	31	32	3	2	2
1993	399	64	66	3	3	1
1994	1555	59	60	2	3	3
1995	1933	66	67	3	3	3
1996	1781	47	50	3	3	1
1997	1551	20	21	2	2	1
1998	40	27	29	3	1	2
1999	1128	34	36	3	2	2
2000	1230	61	63	2	2	3
2001	647	1	3	2	3	3
2002	576	46	49	2	3	3
2003	769	63	65	3	2	1
2004	1675	41	43	2	3	2
2005	2030	48	50	3	3	2
2006	1963	18	20	3	2	2
2007	1750	65	66	3	2	2
2008	248	26	27	3	2	1
2009	1923	37	40	1	3	1
2010	1148	41	42	3	2	3
2011	380	67	68	2	1	3
2012	1484	48	50	3	3	2
2013	829	54	55	2	3	1
2014	1727	33	35	2	3	1
2015	1269	48	51	3	3	1
2016	369	29	32	1	1	1
2017	1769	53	55	2	2	1
2018	2056	20	21	3	3	2
2019	1272	2	4	2	1	1
2020	1270	19	21	2	2	1
2021	978	38	41	1	3	1
2022	886	13	14	3	2	3
2023	923	47	48	1	2	2
2024	1751	51	53	2	2	3
2025	1626	54	56	3	2	1
2026	1535	4	7	1	3	1
2027	2089	66	68	1	1	1
2028	662	36	39	2	3	2
2029	806	64	66	3	2	1
2030	98	46	47	3	3	2
2031	345	13	14	2	1	3
2032	817	16	19	1	2	2
2033	650	65	66	1	1	1
2034	2145	1	3	1	3	1
2035	1413	39	41	2	2	2
2036	668	64	65	1	1	3
2037	1204	33	35	2	2	3
2038	447	40	42	1	2	2
2039	946	24	26	2	2	2
2040	1898	32	34	2	2	1
2041	145	29	30	1	2	1
2042	1154	30	31	3	2	2
2043	1636	12	15	2	1	1
2044	2122	21	23	1	3	1
2045	1746	14	15	3	3	3
2046	1402	56	59	3	2	3
2047	263	42	43	1	3	2
2048	1123	36	37	2	2	3
2049	427	13	14	1	3	3
2050	2144	24	26	1	3	2
2051	1940	1	2	3	1	3
2052	1765	45	46	2	3	2
2053	1716	28	31	2	2	3
2054	1302	10	11	2	1	1
2055	1280	4	7	2	3	1
2056	153	31	32	3	3	3
2057	29	39	41	3	3	2
2058	1871	38	40	1	3	2
2059	2019	44	46	3	1	1
2060	1223	34	36	2	3	2
2061	115	21	24	1	1	1
2062	1045	13	16	1	3	1
2063	1990	14	16	3	3	2
2064	35	33	36	3	2	1
2065	1757	58	60	1	1	2
2066	1084	50	51	3	1	3
2067	285	17	18	3	3	3
2068	642	8	9	3	3	2
2069	1467	66	67	3	3	3
2070	1120	25	27	2	2	1
2071	917	17	18	2	3	1
2072	1378	12	13	3	1	1
2073	936	11	13	1	1	3
2074	1250	23	26	2	1	1
2075	1310	35	36	2	3	3
2076	1178	59	62	3	3	2
2077	1936	6	8	1	3	2
2078	1622	5	7	1	2	3
2079	661	57	58	2	2	2
2080	580	34	37	2	3	3
2081	1447	15	18	1	1	2
2082	464	10	13	2	3	2
2083	379	10	12	2	1	2
2084	396	64	67	1	2	2
2085	751	25	28	2	2	3
2086	324	24	26	1	2	2
2087	1608	10	11	2	3	3
2088	1861	50	53	1	3	1
2089	1435	30	31	2	1	2
2090	387	11	13	2	1	3
2091	861	37	39	2	2	3
2092	1645	10	11	2	3	1
2093	2106	12	14	3	3	1
2094	225	10	12	1	2	3
2095	1438	3	6	2	2	1
2096	947	53	55	1	3	1
2097	1910	30	31	2	3	2
2098	1168	15	17	1	1	2
2099	1666	31	32	1	2	2
2100	629	7	9	1	3	3
2101	2061	23	24	1	1	1
2102	1247	36	37	2	2	1
2103	88	51	53	3	2	1
2104	141	15	18	2	2	2
2105	626	49	52	2	1	3
2106	1367	52	55	1	2	3
2107	1348	45	46	3	3	3
2108	333	28	30	2	3	1
2109	1725	46	48	3	3	3
2110	1434	40	41	1	3	1
2111	2087	10	11	3	3	2
2112	346	63	65	1	2	2
2113	242	3	6	1	2	3
2114	509	11	12	3	2	2
2115	1999	12	14	3	1	1
2116	1828	49	52	3	3	1
2117	492	29	31	2	1	3
2118	2146	47	48	3	1	3
2119	506	26	29	2	3	1
2120	1826	47	49	3	3	1
2121	1838	24	26	2	2	3
2122	1771	32	34	3	3	2
2123	85	3	5	3	1	1
2124	888	15	18	1	3	1
2125	1670	55	56	1	1	2
2126	530	50	51	2	3	2
2127	548	27	28	1	2	1
2128	1103	48	51	1	2	2
2129	1541	16	18	2	2	2
2130	2136	19	20	2	1	2
2131	265	53	54	1	2	1
2132	1107	24	26	3	3	1
2133	1009	43	45	3	3	1
2134	894	38	39	3	2	2
2135	1805	64	66	1	2	3
2136	266	66	67	1	3	1
2137	1227	56	57	3	3	1
2138	429	16	17	3	2	1
2139	1988	64	66	1	2	1
2140	1738	55	57	2	1	2
2141	1336	48	51	2	3	2
2142	130	23	25	1	3	1
2143	337	25	28	1	3	2
2144	1568	56	57	3	1	1
2145	1606	52	53	3	3	2
2146	973	28	30	1	2	1
2147	174	63	64	1	2	2
2148	1126	31	34	1	1	3
2149	717	51	53	1	3	3
2150	1640	24	26	1	3	3
2151	534	1	4	3	2	3
2152	1051	4	7	2	1	2
2153	1416	23	25	1	3	1
2154	1995	55	56	3	1	3
2155	1110	8	9	2	2	1
2156	1632	40	43	2	1	2
2157	775	19	20	2	3	3
2158	835	11	12	3	2	3
2159	940	13	15	2	1	1
2160	9	39	40	1	1	1
2161	2124	19	21	2	1	2
2162	1878	24	25	1	1	2
2163	1518	11	12	1	3	1
2164	1182	41	42	3	3	3
2165	649	8	9	3	2	1
2166	1500	15	16	2	3	2
2167	1246	39	42	2	2	2
2168	96	47	49	1	1	2
2169	17	13	14	1	1	1
2170	1603	25	27	2	2	1
2171	108	20	22	3	3	2
2172	1528	28	29	3	1	3
2173	696	1	2	2	2	3
2174	912	16	17	2	1	1
2175	1156	42	44	1	3	3
2176	930	52	53	2	2	2
2177	1088	24	25	2	2	2
2178	1236	63	66	2	1	2
2179	80	43	46	1	1	1
2180	1775	59	60	3	2	3
2181	482	56	58	1	3	1
2182	590	61	64	2	1	3
2183	537	26	29	3	3	1
2184	1358	52	55	3	3	1
2185	1795	10	12	3	3	3
2186	663	25	28	3	2	1
2187	321	59	61	2	3	2
2188	67	54	57	3	2	3
2189	259	41	44	1	3	1
2190	735	54	56	3	1	1
2191	106	36	38	2	2	2
2192	1702	24	25	2	3	2
2193	1915	34	35	1	2	2
2194	1142	49	52	1	2	3
2195	721	27	28	1	3	2
2196	1147	54	56	3	2	2
2197	163	60	61	1	1	2
2198	2097	54	55	2	3	2
2199	653	14	16	2	1	1
2200	1374	42	45	3	2	2
2201	60	19	21	2	1	2
2202	1303	12	14	2	1	3
2203	1909	28	30	3	2	2
2204	1456	25	26	3	3	3
2205	830	1	4	2	1	1
2206	520	26	27	3	1	1
2207	2113	26	27	1	3	3
2208	94	50	52	1	2	1
2209	1591	27	29	1	1	1
2210	1481	24	25	2	1	3
2211	1518	52	54	2	2	2
2212	2055	46	47	3	3	3
2213	756	33	35	1	1	1
2214	909	55	58	1	1	3
2215	2016	6	7	1	2	3
2216	249	11	12	3	2	2
2217	1868	45	46	2	2	2
2218	235	28	29	1	2	3
2219	2132	52	54	1	2	3
2220	1817	12	13	1	2	1
2221	816	34	36	1	2	2
2222	355	13	14	2	3	3
2223	73	61	64	1	2	1
2224	1054	6	9	3	2	1
2225	547	54	55	1	2	3
2226	165	17	18	1	2	2
2227	187	41	42	2	1	1
2228	2064	37	39	3	2	3
2229	2058	43	45	2	3	3
2230	534	48	50	1	1	2
2231	660	53	56	2	2	3
2232	1690	1	3	2	1	3
2233	870	35	38	2	2	3
2234	1605	66	68	1	1	1
2235	1966	41	43	1	2	1
2236	1096	64	67	2	2	3
2237	1798	2	5	1	3	1
2238	1228	24	26	3	3	1
2239	741	38	41	1	3	1
2240	373	63	66	2	1	1
2241	393	16	18	2	3	3
2242	1892	66	67	1	2	3
2243	269	1	3	1	1	2
2244	1689	3	5	1	1	2
2245	175	54	56	2	2	3
2246	630	22	25	3	2	1
2247	1393	33	34	1	1	2
2248	529	29	30	3	3	1
2249	1917	52	53	3	3	1
2250	2060	15	18	3	3	3
2251	918	60	61	1	3	3
2252	426	13	14	1	2	3
2253	2086	47	48	3	3	2
2254	903	47	49	3	2	2
2255	1812	37	39	1	3	2
2256	330	3	6	1	3	2
2257	1173	58	61	2	1	1
2258	344	52	53	3	3	1
2259	2137	35	37	1	2	2
2260	634	17	19	2	3	2
2261	355	15	18	3	1	1
2262	481	34	35	3	1	3
2263	236	6	9	2	1	2
2264	1074	39	40	3	3	2
2265	792	49	52	3	3	3
2266	2092	55	57	2	3	1
2267	1629	1	2	3	3	3
2268	251	20	22	1	3	1
2269	1008	43	46	2	3	1
2270	2089	12	15	2	3	1
2271	1544	22	23	2	3	1
2272	889	44	47	3	1	3
2273	1925	20	23	1	2	1
2274	698	48	49	2	1	3
2275	1317	7	8	2	2	2
2276	1345	36	37	3	2	2
2277	1601	66	68	2	2	1
2278	4	46	49	3	3	2
2279	1188	55	58	1	3	3
2280	38	59	60	2	2	2
2281	1490	3	4	2	1	2
2282	949	33	36	3	2	2
2283	134	36	39	2	1	2
2284	1890	43	45	2	3	2
2285	463	60	61	3	1	1
2286	752	16	18	1	2	1
2287	1078	52	55	2	2	2
2288	123	17	19	2	1	1
2289	253	29	32	2	2	3
2290	1668	23	25	2	3	2
2291	417	26	29	1	3	1
2292	44	49	52	1	3	2
2293	471	22	23	1	1	2
2294	1890	27	29	3	2	1
2295	2064	8	10	3	1	2
2296	238	63	66	2	3	3
2297	326	12	14	1	3	2
2298	342	40	42	2	1	2
2299	1056	48	50	2	3	2
2300	497	58	60	2	2	3
2301	984	40	41	2	2	2
2302	54	56	57	2	1	2
2303	2035	3	4	1	3	3
2304	1879	42	45	1	3	2
2305	398	33	36	3	2	1
2306	229	41	43	3	1	2
2307	1975	43	44	2	2	3
2308	1034	58	61	3	1	2
2309	1683	29	30	2	1	2
2310	1717	41	42	2	3	3
2311	203	48	49	2	2	1
2312	1365	23	25	2	1	1
2313	1450	59	61	2	2	1
2314	1819	5	6	3	3	3
2315	1165	21	24	3	1	2
2316	872	36	39	1	1	2
2317	453	52	53	3	1	1
2318	90	30	33	3	2	3
2319	1810	33	36	2	1	2
2320	2148	53	56	3	1	3
2321	977	8	9	1	3	3
2322	197	30	31	2	3	2
2323	49	12	15	3	2	3
2324	1864	47	48	1	1	3
2325	571	64	67	2	3	3
2326	500	40	42	3	2	1
2327	1284	25	27	1	1	1
2328	199	43	44	2	2	1
2329	1989	61	62	3	2	3
2330	1741	16	18	3	1	2
2331	665	55	58	1	2	1
2332	692	40	42	2	2	1
2333	1080	21	24	2	2	3
2334	254	29	32	1	1	2
2335	1464	5	6	1	1	3
2336	1771	23	26	2	2	2
2337	2127	29	32	1	3	3
2338	1837	16	19	1	3	2
2339	437	1	2	1	2	1
2340	78	29	32	2	2	3
2341	589	26	29	3	3	2
2342	1063	40	42	1	2	2
2343	1855	12	15	1	3	1
2344	932	62	64	1	2	3
2345	2123	38	41	3	2	2
2346	1214	18	20	2	2	2
2347	39	57	59	1	2	1
2348	1065	16	18	2	2	1
2349	1382	19	21	1	1	2
2350	1886	51	52	2	3	3
2351	1340	42	44	1	3	1
2352	2007	54	55	1	2	3
2353	553	31	33	2	2	1
2354	382	67	68	1	3	3
2355	363	41	44	2	2	3
2356	1488	12	13	3	2	2
2357	1166	13	15	2	1	3
2358	1155	36	39	1	1	3
2359	1296	56	58	2	1	1
2360	575	48	49	3	1	1
2361	411	13	14	2	3	3
2362	1099	16	17	2	3	1
2363	1425	49	51	3	1	2
2364	549	39	41	1	2	3
2365	2112	44	47	1	2	1
2366	1375	55	58	2	2	3
2367	410	50	51	2	1	2
2368	2122	56	59	2	2	3
2369	800	34	36	1	1	2
2370	1994	37	38	1	1	3
2371	137	21	23	3	3	1
2372	1354	58	60	1	3	2
2373	940	53	56	2	2	2
2374	1597	17	20	1	3	1
2375	1383	2	3	1	2	2
2376	491	62	64	1	1	1
2377	224	3	6	3	2	3
2378	584	43	45	3	2	1
2379	1586	5	7	3	1	3
2380	1349	23	26	1	3	1
2381	1371	18	21	3	2	1
2382	223	23	25	1	3	2
2383	221	41	42	2	2	3
2384	268	43	46	1	3	1
2385	1836	52	54	2	1	1
2386	227	43	45	2	2	3
2387	1329	42	44	2	2	1
2388	493	42	45	2	3	1
2389	291	60	63	3	3	1
2390	1408	5	7	1	1	2
2391	1175	26	28	1	2	2
2392	669	31	32	2	3	2
2393	612	48	50	3	1	2
2394	1418	41	42	1	2	1
2395	234	9	10	2	1	2
2396	631	41	42	2	3	2
2397	1314	49	51	3	2	1
2398	1298	65	67	1	3	1
2399	1001	61	62	3	3	3
2400	1656	53	56	3	1	1
2401	281	13	15	3	2	3
2402	1992	19	20	2	1	1
2403	753	55	58	2	3	3
2404	878	39	42	3	3	3
2405	73	64	66	2	3	3
2406	678	19	20	1	2	2
2407	1957	55	57	3	3	3
2408	2024	64	65	3	1	2
2409	305	55	56	2	1	1
2410	2150	48	49	2	3	3
2411	962	17	19	2	2	1
2412	332	38	41	1	3	1
2413	104	32	35	1	3	3
2414	2033	8	9	1	1	1
2415	1061	26	28	3	3	3
2416	167	44	47	3	2	2
2417	1777	53	55	1	2	2
2418	1112	46	48	1	3	2
2419	2043	39	40	2	3	2
2420	1010	42	43	1	1	1
2421	525	23	26	2	1	3
2422	1382	21	22	2	3	2
2423	114	36	39	1	2	3
2424	1163	43	44	2	3	3
2425	539	55	57	1	2	3
2426	183	63	64	1	2	2
2427	127	56	57	3	2	1
2428	1724	38	40	3	2	2
2429	1043	10	13	3	1	1
2430	573	65	66	2	3	2
2431	270	47	50	3	3	3
2432	2057	58	60	3	3	1
2433	1832	61	63	3	2	2
2434	465	23	26	2	1	3
2435	1294	2	5	1	2	1
2436	1862	22	24	3	2	2
2437	39	13	14	3	2	3
2438	617	13	16	2	1	3
2439	1190	42	45	2	2	3
2440	1086	53	56	1	3	2
2441	543	4	5	2	1	1
2442	350	55	57	2	2	3
2443	1791	27	30	1	2	2
2444	1585	47	50	2	2	2
2445	1493	48	50	3	2	1
2446	1406	60	63	2	3	2
2447	766	39	41	3	2	1
2448	1827	26	28	2	2	2
2449	1786	52	53	3	1	2
2450	594	7	10	2	3	1
2451	915	43	46	3	2	1
2452	918	22	23	2	1	3
2453	1797	25	28	1	1	1
2454	75	32	35	3	2	1
2455	283	51	52	2	3	1
2456	1972	13	14	3	3	1
2457	415	37	39	1	2	1
2458	212	50	52	3	1	3
2459	1748	35	38	3	3	3
2460	1704	47	48	2	2	2
2461	731	38	40	1	3	3
2462	1330	19	21	2	1	3
2463	278	33	35	2	1	2
2464	1794	20	21	3	3	2
2465	1205	29	31	3	1	3
2466	1907	15	16	2	2	3
2467	1835	54	56	3	3	2
2468	1073	29	30	1	1	2
2469	182	65	68	1	3	2
2470	1959	36	37	3	3	3
2471	109	8	10	3	3	3
2472	722	46	47	2	3	3
2473	911	16	17	3	3	1
2474	95	47	49	3	2	3
2475	1271	10	12	2	1	2
2476	1146	10	11	3	3	2
2477	784	33	36	2	3	3
2478	561	32	33	3	1	2
2479	489	45	47	2	1	3
2480	1459	19	22	2	3	3
2481	508	63	64	2	3	1
2482	401	65	66	3	2	2
2483	15	22	23	1	2	1
2484	2095	65	67	3	2	1
2485	1405	36	39	1	3	3
2486	409	12	15	3	2	3
2487	1851	47	49	3	2	3
2488	544	3	6	3	1	3
2489	601	7	9	1	2	1
2490	2039	35	38	1	2	2
2491	607	45	47	1	1	2
2492	2158	15	18	2	2	1
2493	456	57	60	1	2	2
2494	12	57	59	3	2	3
2495	2125	23	25	2	1	1
2496	560	60	61	2	3	1
2497	646	53	56	1	1	1
2498	516	50	53	1	2	1
2499	1421	1	3	1	2	2
2500	1244	41	42	2	1	2

