DATASET = ORTEC-hidden instance set VeRoLog competition
NAME = tools over distance over vehicle days over vehicles with 2500 requests over 70 days

DAYS = 70
CAPACITY = 40
MAX_TRIP_DISTANCE = 17000
DEPOT_COORDINATE = 0

VEHICLE_COST = 1
VEHICLE_DAY_COST = 4000
DISTANCE_COST = 200000

TOOLS = 5
1	12	58	20000000
2	15	40	50000000
3	15	40	50000000
4	12	54	40000000
5	6	64	20000000

COORDINATES = 2141
0	7410	5448
1	3276	6132
2	9492	6138
3	8728	6138
4	8740	6141
5	8073	6145
6	8836	6150
7	8803	6151
8	9361	6153
9	8808	6153
10	9327	6163
11	3505	6165
12	7606	6164
13	8695	6166
14	7802	6168
15	4289	6176
16	3849	4137
17	9445	6188
18	5472	6193
19	7086	6195
20	7376	6202
21	7202	8147
22	7470	6207
23	3979	5133
24	8482	6217
25	3615	6225
26	6566	136
27	7750	6226
28	8982	6227
29	7650	6229
30	8929	6147
31	7543	6232
32	3943	4146
33	7624	6241
34	6264	6241
35	3500	6242
36	9491	6245
37	8853	6246
38	8498	6151
39	8084	6260
40	8839	6261
41	3457	4335
42	8447	6267
43	6006	6270
44	4019	6272
45	7082	7537
46	4320	6284
47	7406	6292
48	6046	6301
49	7864	6313
50	3925	6319
51	3410	6163
52	8157	6164
53	4112	6330
54	3731	6165
55	7556	6350
56	3985	6351
57	4271	6357
58	8000	6168
59	8269	6368
60	7200	1936
61	6309	2164
62	7641	6381
63	8344	6390
64	3479	6391
65	6698	6406
66	5912	6413
67	6650	8181
68	3943	6418
69	3848	6424
70	7399	6437
71	3531	6441
72	6763	2339
73	7328	6450
74	8590	6455
75	7469	6455
76	7928	6470
77	8424	6471
78	7538	6188
79	4382	6485
80	8469	6486
81	3845	6487
82	4351	6492
83	3929	6497
84	8592	6497
85	4043	6498
86	6919	6500
87	7089	6193
88	8683	6504
89	7434	6505
90	8117	6506
91	7526	6513
92	7567	6516
93	7909	6520
94	8385	6532
95	4287	6534
96	7528	6534
97	6311	2191
98	3529	6537
99	4353	6540
100	7608	6543
101	8687	6544
102	8557	6548
103	8160	6550
104	3837	6556
105	8626	6565
106	3890	6571
107	4262	6571
108	8258	6575
109	7286	6587
110	8484	6588
111	7863	6590
112	8197	6594
113	4032	6597
114	6307	6597
115	8441	6600
116	7504	6604
117	7373	6605
118	6967	6618
119	7227	6628
120	7537	6628
121	8268	6629
122	8691	6632
123	6978	6633
124	4415	4211
125	8318	6640
126	3709	6643
127	7176	6649
128	8056	6657
129	7229	6662
130	8631	6669
131	7976	6671
132	8699	6675
133	3869	4218
134	7817	6678
135	8062	6679
136	8642	6679
137	8680	6680
138	3883	4220
139	4284	6224
140	3748	6694
141	8668	6702
142	8771	6702
143	5746	6703
144	4235	4223
145	7890	6705
146	6556	8230
147	8751	6708
148	8111	6709
149	7366	6230
150	7989	6725
151	7726	6734
152	8504	6736
153	7819	6739
154	7192	6742
155	7784	6743
156	3692	6750
157	8583	6750
158	7552	6761
159	4130	6766
160	4199	6766
161	3893	6770
162	7688	6780
163	7013	6781
164	3828	6788
165	3645	6792
166	8747	6798
167	7689	6803
168	8761	4240
169	3755	6814
170	8146	6246
171	3718	6821
172	8442	6824
173	4218	6830
174	8581	6835
175	8661	6836
176	8307	6843
177	3492	6847
178	8062	6851
179	4140	6859
180	6885	6862
181	4663	6866
182	8758	6876
183	8681	6885
184	8522	6885
185	8352	6887
186	8170	6889
187	4045	6891
188	8538	4254
189	4010	6896
190	8043	6900
191	4198	6903
192	9547	6913
193	8451	6924
194	3930	6931
195	7447	6938
196	9459	6941
197	7458	6946
198	8490	6946
199	7478	6951
200	8720	6954
201	7531	6959
202	9024	6963
203	3649	4267
204	6777	6969
205	7514	6970
206	8598	6976
207	5566	8337
208	9001	6980
209	7494	6993
210	9155	7015
211	7314	7017
212	9168	7020
213	7855	7021
214	4309	7025
215	8780	7027
216	6395	4278
217	7839	7037
218	5928	7041
219	3928	7052
220	7540	7063
221	4319	4284
222	5985	7070
223	4012	7073
224	6458	7074
225	8764	7077
226	6793	7082
227	4100	7084
228	4505	7093
229	4020	7095
230	7747	7100
231	7642	7100
232	7938	7101
233	7533	8296
234	9156	7113
235	6749	7114
236	7706	7115
237	7699	7120
238	8491	7135
239	6879	8302
240	4299	7138
241	6744	7140
242	3688	7144
243	6657	7149
244	7790	7152
245	8256	7153
246	8750	7156
247	8138	7158
248	8851	7158
249	4418	7167
250	7379	7170
251	4779	3964
252	3484	7181
253	7562	7181
254	7121	7183
255	6502	4304
256	7939	7191
257	3882	7199
258	6854	7214
259	4266	7217
260	7466	7217
261	3975	7219
262	4416	7223
263	4032	7224
264	7804	7225
265	3368	7227
266	7546	7228
267	8016	7231
268	8582	7233
269	8562	7246
270	7443	7253
271	8539	7256
272	7349	7258
273	4913	7263
274	8387	7264
275	4235	7267
276	8542	7267
277	8813	7274
278	7388	7274
279	4458	7277
280	7273	7284
281	8268	7290
282	7478	7292
283	4023	7294
284	8772	7298
285	4423	7299
286	3919	7301
287	7667	7301
288	3945	7304
289	3471	7313
290	8214	7316
291	7230	7320
292	9266	7320
293	8054	7326
294	7400	7331
295	7060	7337
296	7826	8336
297	7613	7352
298	7516	7358
299	7332	7359
300	7829	7363
301	7311	4371
302	6301	7373
303	7160	8774
304	8137	7385
305	7212	7397
306	7500	8347
307	3929	7416
308	4309	7427
309	4177	7438
310	3841	7443
311	8342	6350
312	3928	4348
313	8328	7461
314	7635	7466
315	3923	7467
316	6845	7488
317	7353	7490
318	6941	7490
319	3746	7492
320	6362	4354
321	9078	7493
322	9064	7497
323	8682	7512
324	8259	7513
325	3832	7518
326	4165	4360
327	6795	7530
328	6794	7537
329	6030	7537
330	6530	7539
331	7043	7544
332	7038	7545
333	6533	7549
334	6970	7551
335	8056	8372
336	7390	7558
337	3785	7564
338	9599	7567
339	3914	7570
340	3733	7572
341	4513	7581
342	8449	7583
343	8641	4370
344	3750	7588
345	6815	2367
346	4386	7590
347	4310	4372
348	7680	7599
349	7913	7601
350	8478	7603
351	4388	4373
352	6389	7609
353	7305	7616
354	8349	7616
355	7920	7617
356	3908	7618
357	7529	7621
358	6553	7623
359	7112	7627
360	5802	3979
361	7400	8386
362	7400	7643
363	8470	7647
364	7525	7654
365	6994	7663
366	8057	7666
367	7441	7670
368	8924	7675
369	5729	7678
370	5733	7684
371	6729	7690
372	9475	7692
373	9296	7694
374	8389	7699
375	8100	7702
376	4323	4390
377	5346	7713
378	7841	7716
379	5292	7716
380	4161	7720
381	7196	7725
382	6804	7728
383	6460	7731
384	5816	7731
385	3555	7733
386	5340	7733
387	9558	7735
388	5806	7737
389	8076	7740
390	4498	7743
391	6173	7748
392	8167	7751
393	6682	8406
394	5348	7763
395	8888	7768
396	5519	7769
397	3922	4402
398	3624	4403
399	6575	7797
400	6625	7797
401	8968	7799
402	6763	7802
403	8277	7806
404	7530	7806
405	5641	7808
406	5674	7813
407	6963	7815
408	8362	7816
409	8287	7828
410	5569	7835
411	5358	7841
412	6202	7847
413	6715	7852
414	4142	7853
415	6135	7868
416	8706	7868
417	6934	7869
418	3700	2414
419	8795	8424
420	9143	7872
421	5293	7873
422	6993	7883
423	9645	7886
424	8811	7898
425	5790	7900
426	3674	7911
427	6012	7928
428	8281	7933
429	6904	7938
430	7625	8437
431	5472	7951
432	6362	7953
433	5768	7955
434	6117	7957
435	9462	7957
436	7142	7958
437	4328	7959
438	5334	7965
439	7477	7966
440	6695	7969
441	9704	7975
442	7422	7978
443	5445	7982
444	6716	7987
445	8823	4260
446	6603	7997
447	8654	7998
448	9419	8007
449	8445	8010
450	6281	8012
451	6402	8016
452	5898	8020
453	6338	8024
454	7764	8026
455	5372	8027
456	6115	8035
457	3460	4446
458	5591	8039
459	5851	8040
460	5393	8043
461	7487	8053
462	3539	8057
463	8634	8062
464	6370	8066
465	7161	8069
466	7590	8074
467	7075	8078
468	6280	8080
469	8029	7997
470	7712	8093
471	4498	5196
472	7429	8108
473	7999	8108
474	6539	8109
475	7289	8113
476	7221	4459
477	6456	8121
478	4999	4459
479	8246	4460
480	8416	8128
481	7409	8130
482	7278	8135
483	5454	8140
484	5563	8146
485	5936	8148
486	5920	3197
487	5861	8168
488	7266	8179
489	6016	8181
490	5908	8186
491	6777	8205
492	5736	8480
493	6406	8207
494	6847	8210
495	5985	8215
496	7359	8217
497	6748	8227
498	6615	8231
499	7755	8233
500	7505	4478
501	8683	8236
502	5690	8237
503	7418	6483
504	9188	8250
505	5329	8490
506	5913	8272
507	5444	8278
508	9600	8294
509	6853	8295
510	6742	8297
511	7187	8299
512	5650	8301
513	5267	4402
514	7087	8313
515	5788	8324
516	5565	8335
517	2549	4498
518	4842	3603
519	9335	8353
520	7326	8371
521	8782	8379
522	8724	8380
523	7633	6506
524	9773	8392
525	5612	8399
526	8060	8410
527	9363	8411
528	9303	8414
529	6653	8415
530	6856	8421
531	8200	8422
532	6180	8429
533	8318	8429
534	3837	8432
535	5814	8432
536	9119	7608
537	7054	8450
538	7839	4515
539	8423	8459
540	5729	8460
541	8349	8464
542	6672	8469
543	5884	8471
544	6748	8525
545	4094	5209
546	7697	4519
547	8238	4664
548	6269	8490
549	6696	8494
550	7581	8498
551	2645	2519
552	5904	8506
553	5873	8508
554	7741	8510
555	8271	8512
556	7856	8515
557	7834	8517
558	7092	8522
559	5943	8525
560	6953	8525
561	6846	8539
562	6475	8542
563	5572	8542
564	6272	8546
565	4002	3610
566	5760	8553
567	6217	8559
568	5790	8560
569	8460	8573
570	3948	8575
571	7376	8577
572	7761	8578
573	6396	6539
574	5427	8584
575	8211	8595
576	3933	8596
577	4575	4539
578	9131	6013
579	5527	8548
580	7792	8621
581	7525	8623
582	5555	8623
583	8656	8624
584	4177	2541
585	8407	8636
586	8441	8637
587	7401	8642
588	8266	8643
589	8069	8649
590	7750	8650
591	9987	8650
592	6165	8658
593	3793	8662
594	9086	6015
595	3887	2546
596	7254	8667
597	6278	8670
598	5651	8671
599	8382	8674
600	7964	4552
601	6799	8559
602	8273	8681
603	5841	8682
604	6173	8685
605	6390	8686
606	5634	8686
607	4058	4554
608	5331	4554
609	7242	8694
610	5727	8697
611	5678	8698
612	7680	8702
613	6994	8712
614	5914	8715
615	5737	8722
616	6465	8726
617	6866	8728
618	7001	8729
619	9405	8733
620	6986	8736
621	7222	8737
622	8984	8738
623	7237	8744
624	6433	8755
625	7360	8765
626	4097	4567
627	7215	8767
628	7686	4567
629	5441	8773
630	7480	8774
631	5649	8775
632	5497	8783
633	5415	8784
634	6846	8788
635	8074	8793
636	6824	8794
637	6497	8800
638	4972	4574
639	6430	8818
640	7525	8833
641	5558	8834
642	5815	8835
643	7539	8840
644	5589	8842
645	7589	8862
646	5944	8875
647	7293	8881
648	6119	8894
649	8793	8895
650	6243	8898
651	7531	8901
652	7394	8902
653	4189	4591
654	4584	4022
655	4006	2588
656	5847	8924
657	5382	8927
658	7373	8935
659	8753	8949
660	5571	8957
661	9709	8965
662	7529	8971
663	8801	8973
664	7706	8609
665	7268	8982
666	3750	8611
667	7367	8991
668	7240	8993
669	8802	8997
670	7531	8998
671	6871	9000
672	8795	9004
673	9921	9006
674	7751	9013
675	7955	9014
676	7293	9018
677	7453	9023
678	6062	9024
679	5624	9028
680	8086	9036
681	7801	9040
682	7744	8619
683	6726	9044
684	7837	9046
685	7713	9066
686	6818	9067
687	5988	8624
688	7739	9089
689	7792	4620
690	6458	9092
691	7675	9095
692	7963	9100
693	9670	9100
694	8141	9105
695	6560	9114
696	9526	9117
697	7508	9132
698	7414	9133
699	7675	9136
700	9700	9138
701	9010	9141
702	7751	9147
703	8832	9156
704	7118	9166
705	6233	9170
706	8498	9172
707	7976	9174
708	7318	9176
709	5856	9182
710	6678	9183
711	5844	9196
712	8311	9196
713	6061	9199
714	7455	9202
715	6316	9204
716	7823	9206
717	8229	9213
718	8611	6644
719	6830	9217
720	8756	9235
721	6336	9237
722	5700	8653
723	6182	9241
724	6554	9244
725	6827	8654
726	9298	5234
727	9142	9250
728	6830	9260
729	7966	9261
730	7822	9265
731	7926	9267
732	8290	9267
733	6141	9271
734	8611	9272
735	7994	9274
736	6299	9275
737	6348	9281
738	8313	9297
739	7994	9307
740	8951	9321
741	7464	9323
742	8010	9323
743	6725	9329
744	6389	9338
745	8790	6665
746	9212	9338
747	9096	9341
748	7195	9341
749	6921	9347
750	8541	9347
751	9193	9353
752	6655	9373
753	6478	9378
754	9081	9378
755	8972	9381
756	6597	9383
757	8668	9392
758	4579	2668
759	8075	9395
760	9059	9415
761	8797	9433
762	7898	9435
763	8585	9456
764	7908	4682
765	7203	9470
766	7091	9474
767	8749	9476
768	8391	9478
769	6758	9490
770	7102	9496
771	8350	6693
772	8302	9512
773	8500	4431
774	8945	9521
775	8427	4693
776	6674	9524
777	7001	9525
778	8442	9528
779	8393	9531
780	6941	9533
781	3878	4696
782	4041	7646
783	8061	9549
784	8885	9550
785	8229	9556
786	8563	9572
787	9167	9580
788	8286	9586
789	6939	8712
790	5558	4706
791	8981	9605
792	6322	8715
793	8057	9613
794	7819	9626
795	6844	9643
796	6765	9647
797	8569	9651
798	8793	9658
799	7222	8723
800	8018	9667
801	8714	6721
802	6273	2714
803	7901	9686
804	5814	8727
805	8948	8728
806	3790	5249
807	7412	9719
808	4808	2724
809	8656	9739
810	694	2732
811	8632	9780
812	9065	9787
813	3398	6750
814	6264	9855
815	6042	9864
816	8551	4750
817	6342	9868
818	6196	8764
819	9083	5657
820	4078	2758
821	9481	8059
822	6238	8773
823	6951	8774
824	7802	6058
825	7402	9981
826	7410	9989
827	7638	8782
828	7127	8862
829	6901	8785
830	5486	4780
831	4765	2778
832	2567	2779
833	6119	8790
834	6882	6792
835	7419	2787
836	4218	4596
837	7328	4798
838	8071	4798
839	7395	8678
840	3616	4804
841	5972	8278
842	8095	8812
843	6363	1663
844	3720	4809
845	7219	4810
846	7939	6818
847	5668	4817
848	5743	8826
849	7520	4820
850	2302	2818
851	4721	4823
852	6962	8830
853	6507	8831
854	8357	4825
855	2894	4829
856	8467	6833
857	3451	4833
858	6629	2834
859	3257	2842
860	4730	2844
861	8654	4847
862	2871	4850
863	8388	7276
864	3820	8478
865	412	2861
866	2466	2862
867	6169	7680
868	6948	8681
869	8770	6891
870	7885	6084
871	6109	8902
872	2023	2893
873	7767	9287
874	5153	5285
875	4646	4085
876	8746	4905
877	6952	6913
878	5585	7873
879	8837	4887
880	8064	4916
881	6620	8490
882	7810	8924
883	8748	4931
884	4046	2933
885	8490	6947
886	8774	6144
887	7862	8956
888	3926	6955
889	7076	2956
890	6675	8971
891	8125	4965
892	7385	6971
893	8731	4983
894	5805	2980
895	4525	5143
896	4205	7002
897	3580	5011
898	8604	7015
899	3848	5020
900	5610	5022
901	4196	7026
902	3559	7029
903	4766	7035
904	7574	5031
905	8835	5920
906	6191	3035
907	6003	8516
908	3885	4115
909	3969	5058
910	7119	5967
911	9044	5067
912	3231	5078
913	6805	9084
914	4770	3076
915	4060	7084
916	2717	5083
917	8001	9091
918	7621	9097
919	9064	5098
920	7342	5098
921	8375	5101
922	4528	7106
923	5389	5106
924	6717	9117
925	3968	5112
926	8168	4127
927	7711	5120
928	6536	79
929	6504	3121
930	3511	5125
931	6519	115
932	6375	128
933	6297	141
934	6526	160
935	6551	164
936	4598	7143
937	7225	7147
938	6262	220
939	8548	5334
940	6850	241
941	6496	9339
942	6467	306
943	4831	3157
944	5261	4290
945	8582	5165
946	8738	5165
947	6415	9175
948	6564	353
949	8643	7175
950	4887	3169
951	4380	4539
952	7523	5175
953	7015	397
954	8700	5176
955	7048	9184
956	4384	4541
957	9098	5186
958	6096	468
959	9225	7192
960	6417	498
961	6488	538
962	5264	5362
963	2500	3199
964	4154	7206
965	4199	5205
966	6526	582
967	4007	5209
968	3641	5210
969	6433	613
970	6322	633
971	7549	4372
972	8765	5220
973	8794	5224
974	3986	3226
975	6182	755
976	7131	5238
977	4571	4153
978	8378	5249
979	7400	5250
980	5592	3253
981	6429	911
982	6479	936
983	1168	2957
984	8758	5267
985	8542	7276
986	8848	9281
987	6526	991
988	6443	9283
989	6273	1018
990	7347	9287
991	6956	7284
992	3718	3280
993	9413	5284
994	6507	9292
995	8009	5287
996	7842	5287
997	7021	7298
998	8764	6164
999	7888	5300
1000	6476	1175
1001	8636	5365
1002	6435	1187
1003	3574	3305
1004	6471	1223
1005	7284	9321
1006	7399	9323
1007	5430	3317
1008	8525	9327
1009	6885	1288
1010	6428	1337
1011	8024	5333
1012	7218	9346
1013	9266	9352
1014	4011	3344
1015	7140	1438
1016	6933	1470
1017	8669	5365
1018	5075	5372
1019	6692	1590
1020	7059	5376
1021	6027	1643
1022	6638	3380
1023	6005	1647
1024	6747	1678
1025	5796	3386
1026	7094	1733
1027	5571	3397
1028	6961	1751
1029	4679	2983
1030	1426	1775
1031	5661	3402
1032	1501	1785
1033	6529	1813
1034	4233	5414
1035	2943	2779
1036	296	1834
1037	5762	1839
1038	7105	1845
1039	3887	7421
1040	6343	3416
1041	1077	1868
1042	4024	5421
1043	7149	1876
1044	4570	5389
1045	1614	1886
1046	6488	1892
1047	7669	9433
1048	5299	2188
1049	8535	5429
1050	8148	4590
1051	5754	1953
1052	78	1955
1053	6416	1968
1054	7229	1979
1055	5492	1989
1056	837	2005
1057	6752	9450
1058	6385	2006
1059	6738	2010
1060	7247	2026
1061	8196	8624
1062	6005	2069
1063	5693	2073
1064	6270	2083
1065	5522	2085
1066	7170	2093
1067	850	2096
1068	6200	2108
1069	7991	5462
1070	26	2121
1071	5743	2134
1072	5400	2137
1073	9451	5466
1074	4244	4597
1075	5691	2146
1076	6702	2150
1077	4699	2152
1078	6517	2171
1079	6086	2179
1080	4845	2184
1081	6339	2191
1082	6518	2201
1083	6010	2202
1084	6296	2204
1085	6319	2204
1086	8181	7480
1087	5843	2208
1088	6138	2209
1089	7531	4599
1090	6309	2221
1091	319	2227
1092	5939	2228
1093	6237	2230
1094	6755	2231
1095	6104	2234
1096	6426	2248
1097	4651	2260
1098	5037	2267
1099	7845	5491
1100	1573	2309
1101	8820	7497
1102	6484	2315
1103	6251	2318
1104	1607	2320
1105	4611	2324
1106	6310	2325
1107	9061	9503
1108	5380	2329
1109	5002	2339
1110	6276	2366
1111	6531	2371
1112	4675	2384
1113	6841	7511
1114	6942	2400
1115	4642	2410
1116	7542	5511
1117	6747	2413
1118	6030	2422
1119	6900	5513
1120	5501	2432
1121	7012	2437
1122	6860	2450
1123	6303	2452
1124	5016	2457
1125	7621	5520
1126	1120	2476
1127	4908	2481
1128	6271	2482
1129	4127	2483
1130	2645	2485
1131	6277	2503
1132	6142	2507
1133	3117	2508
1134	6519	7987
1135	4180	7533
1136	2593	2525
1137	5067	2539
1138	5161	2539
1139	6884	2550
1140	2598	2561
1141	4182	2562
1142	5973	2565
1143	3331	2575
1144	3244	2577
1145	2474	2581
1146	6856	5539
1147	4889	2584
1148	6492	2587
1149	613	2615
1150	5810	2620
1151	3893	2623
1152	5846	2625
1153	4600	2627
1154	916	2637
1155	2769	2643
1156	4674	2648
1157	6658	2654
1158	4975	2655
1159	4863	2665
1160	4859	2666
1161	7271	2668
1162	6942	2673
1163	3938	2678
1164	6427	2679
1165	8436	5556
1166	3805	2695
1167	3918	2697
1168	4791	2699
1169	6254	2700
1170	3373	2704
1171	892	2707
1172	2691	2712
1173	7170	2713
1174	4428	2718
1175	5623	2725
1176	5045	2731
1177	6277	2732
1178	4552	2736
1179	3706	2740
1180	6974	7569
1181	7417	7569
1182	3539	2746
1183	5666	2753
1184	2780	2755
1185	7205	2754
1186	295	2759
1187	3618	2760
1188	5484	3567
1189	6353	2772
1190	4236	2775
1191	6151	2778
1192	3902	2779
1193	5723	2779
1194	2955	2789
1195	5893	2791
1196	632	2799
1197	4087	2799
1198	3498	2802
1199	2930	2804
1200	4816	2814
1201	4899	2816
1202	6002	2823
1203	4278	2826
1204	7105	2830
1205	6635	3579
1206	2256	2843
1207	4947	2844
1208	6632	2846
1209	6051	7587
1210	5757	2847
1211	4655	2852
1212	4723	2853
1213	622	2861
1214	5402	2862
1215	4052	2866
1216	2482	2868
1217	5008	2870
1218	5044	2871
1219	744	2875
1220	6072	2877
1221	4081	2881
1222	1930	2884
1223	6414	2891
1224	3724	2892
1225	2308	2894
1226	5991	2895
1227	5975	2906
1228	669	2908
1229	3895	2915
1230	6134	2921
1231	485	2932
1232	6162	2933
1233	4746	2936
1234	6010	2939
1235	4439	5600
1236	6495	7604
1237	1913	2960
1238	3973	2963
1239	5111	2967
1240	1948	2976
1241	6679	2981
1242	5101	2983
1243	6503	2983
1244	5518	2987
1245	6421	2990
1246	3833	2992
1247	4578	2992
1248	6631	3003
1249	5067	3004
1250	5345	3006
1251	6068	3010
1252	6448	3014
1253	2210	3015
1254	5647	3023
1255	5355	3025
1256	6917	3028
1257	6026	3029
1258	6474	3035
1259	1012	3038
1260	3871	3038
1261	5322	3039
1262	4125	3045
1263	6611	3055
1264	2286	3057
1265	4753	3061
1266	4097	3065
1267	2791	3067
1268	6647	3068
1269	4000	5622
1270	5932	3086
1271	6333	3088
1272	5493	3090
1273	5592	3092
1274	4019	3097
1275	5780	3101
1276	4563	3104
1277	4674	3108
1278	5104	3110
1279	4093	3113
1280	5979	3117
1281	5823	3118
1282	4088	3626
1283	4851	3122
1284	6584	3125
1285	5302	3429
1286	4927	3141
1287	5045	3146
1288	5934	3157
1289	3238	3158
1290	6081	3158
1291	5312	3159
1292	4652	3160
1293	4289	3161
1294	5932	3163
1295	4781	3163
1296	4660	3165
1297	6495	8634
1298	4578	3170
1299	5304	3171
1300	2873	3172
1301	3488	3185
1302	4283	3199
1303	6083	3209
1304	4558	3221
1305	7137	3221
1306	2978	3223
1307	6618	3234
1308	6330	3240
1309	4909	3247
1310	3976	3256
1311	4025	3256
1312	6080	3261
1313	3942	3265
1314	5367	3650
1315	3699	3268
1316	5723	3268
1317	3527	3268
1318	6346	3272
1319	4144	3274
1320	7091	5655
1321	5268	3277
1322	6000	3282
1323	3390	3282
1324	6285	3286
1325	4466	3653
1326	5595	3288
1327	7931	5659
1328	4432	3304
1329	7117	3310
1330	2797	3316
1331	6380	3316
1332	5176	3319
1333	5405	3321
1334	4715	3327
1335	6375	3333
1336	5971	3335
1337	6435	3336
1338	3656	3339
1339	7582	8640
1340	6413	3344
1341	6506	3348
1342	4738	3362
1343	4068	3364
1344	2780	3368
1345	7283	5670
1346	4232	3371
1347	4158	3374
1348	4811	3375
1349	4882	3376
1350	6422	3392
1351	6562	3394
1352	7033	7680
1353	3738	3409
1354	4048	3414
1355	2110	3416
1356	3972	3429
1357	5594	3429
1358	4550	3436
1359	4453	3679
1360	3372	3451
1361	5407	3458
1362	4176	3683
1363	6444	3467
1364	1253	3472
1365	5564	3477
1366	5488	3480
1367	5481	3481
1368	5656	3483
1369	6381	3486
1370	6107	3492
1371	6001	3502
1372	6341	3513
1373	4675	3517
1374	5976	3519
1375	4674	3528
1376	3602	3533
1377	8674	6645
1378	3034	3538
1379	4329	3539
1380	4666	3546
1381	5809	7705
1382	4845	3558
1383	4222	3568
1384	4235	3568
1385	4354	3569
1386	3196	3575
1387	6338	3575
1388	4724	3577
1389	4170	3581
1390	6154	3586
1391	5826	3587
1392	4847	3590
1393	2674	3594
1394	4267	3596
1395	5395	3598
1396	6866	5709
1397	7931	5711
1398	6380	3612
1399	5979	3614
1400	4308	3617
1401	5833	3617
1402	8535	5712
1403	6271	7716
1404	5584	4246
1405	8076	7716
1406	4788	3639
1407	4368	3640
1408	5262	3644
1409	8838	5716
1410	4847	3653
1411	6544	3654
1412	5118	3663
1413	6021	3670
1414	5374	3677
1415	5026	3678
1416	4485	3680
1417	5230	3683
1418	4873	3693
1419	4863	3695
1420	7328	5726
1421	4444	3703
1422	6134	3705
1423	4731	3706
1424	3056	3708
1425	5850	3711
1426	5259	3724
1427	4238	3726
1428	4874	3738
1429	4706	3747
1430	5794	3753
1431	5767	8654
1432	5382	3768
1433	5626	3776
1434	5526	3738
1435	4794	3795
1436	7552	5742
1437	4609	3804
1438	4413	3811
1439	6721	3811
1440	5792	3741
1441	5365	3815
1442	5808	3826
1443	5382	3828
1444	4429	3832
1445	5344	3846
1446	5323	3748
1447	4146	3857
1448	6410	7757
1449	6036	3900
1450	2427	3919
1451	2135	3922
1452	3942	3924
1453	6116	3933
1454	5891	3940
1455	2388	3945
1456	5128	3945
1457	4370	3946
1458	5562	3959
1459	5402	3962
1460	5937	3970
1461	6681	3976
1462	5036	3977
1463	6766	3979
1464	3988	3981
1465	4676	3982
1466	3774	3985
1467	3916	3988
1468	3615	3990
1469	6241	3990
1470	9839	7873
1471	3830	4002
1472	5512	4016
1473	7811	4018
1474	4635	4025
1475	6978	4031
1476	7870	4038
1477	3860	4040
1478	3512	4041
1479	3497	4042
1480	5396	4046
1481	4110	4049
1482	5162	4050
1483	6053	4058
1484	5193	4061
1485	8784	4260
1486	3970	4064
1487	3893	4067
1488	5727	4070
1489	3996	4071
1490	6952	4071
1491	3709	4082
1492	3951	4085
1493	3524	4086
1494	1879	4096
1495	3573	4097
1496	4082	4098
1497	1855	4101
1498	4480	4104
1499	5908	4105
1500	3679	4106
1501	5441	4107
1502	5232	4111
1503	4125	4113
1504	8196	4116
1505	8044	4118
1506	3812	4119
1507	8194	4126
1508	5903	4127
1509	3466	4131
1510	4107	4133
1511	3945	4135
1512	3515	4138
1513	4052	4138
1514	8347	4141
1515	5868	4146
1516	5219	4149
1517	3760	4155
1518	4842	4664
1519	4012	4163
1520	3690	4168
1521	7150	7807
1522	4125	4172
1523	8351	4172
1524	3463	4174
1525	3474	4177
1526	3209	4183
1527	8240	4265
1528	8927	7809
1529	3466	4189
1530	5009	4196
1531	4474	4197
1532	6808	4200
1533	3949	4201
1534	4297	4202
1535	6457	4206
1536	4864	4216
1537	3858	4217
1538	4016	4226
1539	5168	4227
1540	5112	4231
1541	4320	4234
1542	4503	4235
1543	4339	4237
1544	9520	7869
1545	4480	4243
1546	4046	4244
1547	5561	4244
1548	7235	4248
1549	4472	4249
1550	3702	4251
1551	3688	4252
1552	8565	4252
1553	3624	4256
1554	8250	4258
1555	5889	3815
1556	4070	4261
1557	8821	4266
1558	5470	4267
1559	3984	4269
1560	5089	4269
1561	4666	4272
1562	6210	4274
1563	6304	4275
1564	8295	5821
1565	4390	4278
1566	2383	4282
1567	4624	4282
1568	4813	4292
1569	6222	4296
1570	6365	4297
1571	4291	4301
1572	5044	4304
1573	8504	4308
1574	8644	4308
1575	4743	4318
1576	8335	4319
1577	8299	4319
1578	3519	4325
1579	6166	4327
1580	3533	4328
1581	3626	4329
1582	6198	4331
1583	3293	4335
1584	8478	4335
1585	2359	4336
1586	4687	4337
1587	4765	4338
1588	5009	4339
1589	5363	4342
1590	3957	4345
1591	6289	4347
1592	4039	4348
1593	3663	4348
1594	6010	4359
1595	4442	4363
1596	8362	4369
1597	4067	4372
1598	8759	4372
1599	2327	4373
1600	6024	4375
1601	8379	4378
1602	3308	4383
1603	3338	4387
1604	8598	4389
1605	6089	4391
1606	6351	4391
1607	4642	4393
1608	7079	4398
1609	5033	4401
1610	4644	4403
1611	2402	4407
1612	8607	4407
1613	8871	4408
1614	2698	3841
1615	3561	4415
1616	7048	7849
1617	5375	4421
1618	3944	4422
1619	8317	4425
1620	2414	4432
1621	3982	4433
1622	8237	5073
1623	3453	4436
1624	7888	4437
1625	8978	4438
1626	8570	4442
1627	8270	4449
1628	8091	4452
1629	4581	4455
1630	2864	4457
1631	7379	4460
1632	8296	4462
1633	3678	4464
1634	5799	4467
1635	8999	4468
1636	8980	4474
1637	5240	4482
1638	7481	4484
1639	5850	4487
1640	7571	4488
1641	4198	4489
1642	3527	4490
1643	7200	4491
1644	4838	4494
1645	3054	4495
1646	4221	4497
1647	3760	4499
1648	8209	4502
1649	8030	4510
1650	3735	4520
1651	8692	4523
1652	5293	4525
1653	2387	4529
1654	3427	4536
1655	7510	4536
1656	5754	4538
1657	8520	4539
1658	7209	4540
1659	2387	4542
1660	3342	4545
1661	4855	4545
1662	4004	4546
1663	4415	4550
1664	7991	4552
1665	5796	4560
1666	6530	7873
1667	8324	4566
1668	8552	4568
1669	7359	4570
1670	4595	4571
1671	3863	4577
1672	8124	4578
1673	4145	4579
1674	8345	4583
1675	4818	4585
1676	4172	4586
1677	8802	4586
1678	8524	4588
1679	8072	4591
1680	8624	4594
1681	8856	4594
1682	8714	4602
1683	7565	4605
1684	4939	4606
1685	8260	4607
1686	7344	4615
1687	4891	4619
1688	5045	4622
1689	3859	4626
1690	8882	5881
1691	4814	4639
1692	8533	4642
1693	7646	4642
1694	7393	4642
1695	3262	4650
1696	8637	4657
1697	8180	4658
1698	7780	4658
1699	8540	4671
1700	7331	4672
1701	4258	4675
1702	3846	4679
1703	8589	4682
1704	7945	4682
1705	7756	4686
1706	8697	4690
1707	2838	4694
1708	8226	4693
1709	8686	5891
1710	8528	4701
1711	4165	4702
1712	7454	8004
1713	9890	7897
1714	7640	4713
1715	7409	4714
1716	7917	5895
1717	4050	4728
1718	8460	4730
1719	8598	4733
1720	5462	4734
1721	3857	4736
1722	4770	4737
1723	3984	4748
1724	7984	4748
1725	4121	4750
1726	8375	4752
1727	4219	4754
1728	7999	4757
1729	8310	4759
1730	8122	4764
1731	8687	4770
1732	4261	4779
1733	8586	4779
1734	3771	4785
1735	3968	5086
1736	8708	4794
1737	8298	4796
1738	9777	7913
1739	3761	4805
1740	7557	4805
1741	7235	4808
1742	7571	5910
1743	4709	4809
1744	4887	4810
1745	7774	4811
1746	3650	4812
1747	8189	4815
1748	8589	4817
1749	7337	4820
1750	5390	4830
1751	5333	4836
1752	4180	4845
1753	7429	4847
1754	7811	4852
1755	7897	4856
1756	7517	4863
1757	3657	4864
1758	3727	4865
1759	7046	4876
1760	7128	4877
1761	3833	4880
1762	3597	4887
1763	4245	4889
1764	8474	4893
1765	8639	4897
1766	3566	4902
1767	3480	4902
1768	4044	4904
1769	7116	4905
1770	3173	4916
1771	3137	4918
1772	7258	4922
1773	7139	4925
1774	7562	4927
1775	2951	4928
1776	8697	4929
1777	7484	4931
1778	7767	4935
1779	4777	4936
1780	8406	4938
1781	3547	4942
1782	8324	4942
1783	6987	4944
1784	3400	4945
1785	8663	4949
1786	5405	4955
1787	3497	4967
1788	3488	4972
1789	8774	4973
1790	3622	4974
1791	3646	4982
1792	3225	4991
1793	7641	4991
1794	8835	4997
1795	7280	4999
1796	3053	5000
1797	6011	5001
1798	5498	5010
1799	8654	5011
1800	3711	5015
1801	4547	5018
1802	7248	5019
1803	7899	5023
1804	3827	5026
1805	4447	5028
1806	3983	5029
1807	5575	5035
1808	4234	5038
1809	7084	5038
1810	7583	5040
1811	5446	5043
1812	7203	5044
1813	2956	5046
1814	7227	5049
1815	7318	8296
1816	3734	3949
1817	8120	5057
1818	9014	5058
1819	4066	5059
1820	8101	5063
1821	3979	5076
1822	7806	5081
1823	3794	5082
1824	7817	5083
1825	8107	5088
1826	9018	5089
1827	7009	5094
1828	9043	5097
1829	4114	5099
1830	5404	5099
1831	3968	5104
1832	4588	5109
1833	8157	5111
1834	2730	5115
1835	8741	5117
1836	8675	5117
1837	4161	5123
1838	7170	5123
1839	3882	5125
1840	8303	5127
1841	3480	5131
1842	7106	5131
1843	5883	5132
1844	7596	5133
1845	3213	5144
1846	5148	5147
1847	7847	5147
1848	4031	5151
1849	5116	5151
1850	8246	5154
1851	5459	5155
1852	5090	5156
1853	7217	5156
1854	5692	5899
1855	6956	5163
1856	3903	5164
1857	8178	5164
1858	8260	5170
1859	7851	5190
1860	7776	5974
1861	4273	5194
1862	8246	5202
1863	7922	5203
1864	7686	5204
1865	5231	5205
1866	4179	5214
1867	3556	5216
1868	3184	5216
1869	4264	5218
1870	8859	5219
1871	5167	5222
1872	4050	5223
1873	4181	5225
1874	1838	3978
1875	7767	5239
1876	7094	5241
1877	8480	5249
1878	7363	5254
1879	8835	5256
1880	7782	8405
1881	8361	5264
1882	4192	5265
1883	7837	4967
1884	7630	5267
1885	8030	5272
1886	7478	4403
1887	4280	5274
1888	3039	5274
1889	3189	5281
1890	7944	5281
1891	7764	5281
1892	8052	5284
1893	3730	5292
1894	8313	5295
1895	8968	5297
1896	8697	5302
1897	7329	5304
1898	9352	5306
1899	8862	5311
1900	7964	5312
1901	8676	5313
1902	8331	5316
1903	8627	5318
1904	8315	5321
1905	3004	5328
1906	2969	5330
1907	3092	5335
1908	7805	5336
1909	7866	5342
1910	3902	5104
1911	4024	5353
1912	8683	5354
1913	8291	5355
1914	8845	5356
1915	2772	5362
1916	5519	5365
1917	3447	5370
1918	3074	5372
1919	8270	5524
1920	8416	5377
1921	7160	7507
1922	3806	5387
1923	8077	5393
1924	8011	5394
1925	9085	5395
1926	4928	5401
1927	2619	3906
1928	7582	5410
1929	5820	5416
1930	8638	5425
1931	5076	5426
1932	6944	5430
1933	5177	5431
1934	7330	5436
1935	3742	5438
1936	7842	5440
1937	8648	5444
1938	7638	5445
1939	8853	5451
1940	7757	5460
1941	8168	5464
1942	4589	5466
1943	9377	5465
1944	7963	5475
1945	7557	5479
1946	7841	5482
1947	6959	5483
1948	9213	5485
1949	6997	5487
1950	4198	5497
1951	9415	5498
1952	6871	5499
1953	8412	5501
1954	5194	5503
1955	6898	5506
1956	8165	5510
1957	9273	5511
1958	5102	5512
1959	8260	5520
1960	9261	5521
1961	8304	5536
1962	4293	5538
1963	7613	5540
1964	7799	5542
1965	3817	5544
1966	7855	5546
1967	7163	5547
1968	7072	5548
1969	4061	5555
1970	6744	5560
1971	4345	5564
1972	7804	5566
1973	7588	5569
1974	3058	5570
1975	4247	5578
1976	7449	5586
1977	7703	5593
1978	8436	5598
1979	7609	5608
1980	7354	5613
1981	6993	5614
1982	8789	5621
1983	7611	5623
1984	7149	5627
1985	9120	5629
1986	9158	5630
1987	7827	5631
1988	6765	5637
1989	3007	5639
1990	4280	5641
1991	8565	5645
1992	9570	5647
1993	7057	5649
1994	7124	5654
1995	7676	5655
1996	7633	6052
1997	9185	5659
1998	8471	5660
1999	8134	5663
2000	8525	5670
2001	8469	5673
2002	7665	5677
2003	9593	5679
2004	5238	5682
2005	8467	5690
2006	8628	5692
2007	8110	5695
2008	9100	5697
2009	9142	5699
2010	8101	5703
2011	8332	5709
2012	7770	5710
2013	4004	5711
2014	7343	5713
2015	9110	5716
2016	7703	5717
2017	7784	5724
2018	9025	5725
2019	9142	5731
2020	9046	5737
2021	7707	5739
2022	8105	5742
2023	9002	5742
2024	9519	5743
2025	8375	5745
2026	8765	5745
2027	7291	5746
2028	9466	5751
2029	7110	5755
2030	6970	5758
2031	9563	5758
2032	9000	5762
2033	9237	5765
2034	8468	5766
2035	7452	5768
2036	8265	5772
2037	8226	5772
2038	7665	5773
2039	7390	5777
2040	8208	5784
2041	6830	5785
2042	7738	5788
2043	6997	5792
2044	9588	5795
2045	7501	5798
2046	7637	5803
2047	7002	5805
2048	7561	5811
2049	9253	6078
2050	3290	5818
2051	7674	5818
2052	8791	5821
2053	9512	5825
2054	5471	8084
2055	3957	5121
2056	7039	5836
2057	6933	5840
2058	3278	5841
2059	8753	5843
2060	7603	5845
2061	8936	5845
2062	7428	5849
2063	8853	5850
2064	7781	5854
2065	9370	5858
2066	9290	5860
2067	7181	5862
2068	4081	4083
2069	4498	3121
2070	3720	4085
2071	8804	5885
2072	9610	5886
2073	9580	5895
2074	9020	5898
2075	8937	5900
2076	9269	5906
2077	9034	5908
2078	9055	5908
2079	8316	5910
2080	8953	5915
2081	4181	4094
2082	8413	5930
2083	8833	5934
2084	7504	5935
2085	7918	5937
2086	7149	5942
2087	8834	5955
2088	8417	5962
2089	7496	5966
2090	9626	5968
2091	5707	5975
2092	9200	5975
2093	7063	5976
2094	8973	5982
2095	7701	5984
2096	6935	5984
2097	8944	5991
2098	9608	5997
2099	7867	6006
2100	8786	6008
2101	8703	6013
2102	7779	6022
2103	8652	6026
2104	7631	6027
2105	7361	6031
2106	9439	6032
2107	8561	6032
2108	8395	6038
2109	9150	6115
2110	7911	6044
2111	8694	6053
2112	8440	6055
2113	8907	6056
2114	9375	6057
2115	9203	6060
2116	7570	6060
2117	8350	6063
2118	4148	6065
2119	7098	6069
2120	7265	6070
2121	9178	6073
2122	7789	6121
2123	5293	6081
2124	8626	6082
2125	5919	6090
2126	9056	6091
2127	9252	6095
2128	7955	6101
2129	8591	6103
2130	7949	6106
2131	4352	6112
2132	7219	4124
2133	8644	6115
2134	9075	6116
2135	9467	6118
2136	9197	6119
2137	9122	6122
2138	8560	6123
2139	8073	6130
2140	8044	6129

REQUESTS = 2500
1	1229	11	12	3	5	2
2	1485	45	46	1	5	3
3	1341	31	32	1	4	1
4	1619	1	3	2	4	3
5	966	39	41	3	2	2
6	1058	11	14	3	3	2
7	1564	45	47	1	5	2
8	1285	64	66	1	3	1
9	1502	26	28	3	4	1
10	1713	26	28	3	2	1
11	910	3	6	2	1	3
12	1825	31	34	2	3	1
13	1906	42	44	3	4	1
14	1873	45	48	1	3	2
15	2035	7	10	1	4	3
16	1921	40	41	3	1	3
17	1082	28	30	2	3	1
18	1958	13	15	3	3	2
19	777	65	67	2	3	1
20	599	49	52	2	2	1
21	221	13	15	2	5	3
22	1304	47	50	1	1	3
23	274	12	15	2	2	2
24	2116	47	49	3	2	2
25	1994	3	6	1	4	3
26	1224	21	23	3	2	1
27	1407	49	51	3	1	1
28	1099	46	49	2	4	1
29	842	5	6	1	4	1
30	1691	4	5	3	2	2
31	537	38	39	3	1	3
32	1389	27	30	3	3	2
33	294	10	12	2	5	3
34	904	14	17	3	4	1
35	1328	64	66	2	4	3
36	2005	42	44	3	3	2
37	695	28	31	2	1	1
38	979	34	36	1	3	2
39	1894	31	33	2	5	1
40	1012	51	54	3	4	2
41	564	3	4	3	2	1
42	619	29	30	3	4	2
43	1312	33	34	1	5	3
44	1339	47	49	1	1	2
45	875	64	67	1	2	1
46	997	25	26	3	3	1
47	718	28	29	1	2	1
48	33	5	7	3	4	1
49	645	42	44	1	1	2
50	1860	4	7	2	2	2
51	878	22	25	2	2	1
52	393	63	65	1	4	2
53	2091	41	44	1	3	2
54	1563	51	53	1	1	1
55	701	4	6	2	5	2
56	662	32	34	1	5	3
57	219	9	12	1	3	2
58	1953	23	24	1	5	3
59	735	30	32	1	2	2
60	474	51	53	3	5	1
61	1450	31	33	2	1	2
62	2067	62	65	3	3	1
63	1405	59	62	3	5	1
64	109	41	44	2	4	1
65	1775	66	67	2	5	2
66	497	3	5	1	2	1
67	1904	61	64	3	1	2
68	84	36	38	1	3	2
69	981	7	9	3	1	1
70	1510	23	26	3	3	2
71	1254	28	29	2	1	1
72	245	20	22	1	4	1
73	1043	31	33	3	2	1
74	1427	25	27	3	2	1
75	1431	61	63	1	5	3
76	1629	39	41	2	2	2
77	1859	60	61	2	2	1
78	587	33	34	1	2	1
79	1551	12	15	3	2	1
80	1454	45	47	2	3	1
81	465	30	31	2	4	1
82	586	24	27	2	1	2
83	1418	10	11	3	1	2
84	1119	2	5	2	1	3
85	802	33	36	2	3	1
86	316	1	2	2	5	1
87	1913	17	20	1	1	3
88	900	1	3	2	3	1
89	2131	9	11	2	2	2
90	1372	52	55	1	2	2
91	1604	62	64	2	4	2
92	893	49	52	2	4	1
93	564	64	65	1	4	3
94	1652	60	61	3	5	2
95	2115	53	56	1	3	2
96	1172	24	25	3	4	1
97	82	11	13	3	1	3
98	2021	57	59	3	2	2
99	1711	3	4	1	2	2
100	254	41	43	1	4	1
101	570	14	17	3	4	1
102	1557	26	29	1	4	3
103	786	10	11	3	4	2
104	411	66	68	2	2	2
105	1070	19	22	2	3	1
106	527	29	30	3	3	1
107	1317	10	11	2	1	2
108	1979	59	60	3	3	1
109	2088	48	50	3	4	1
110	1411	55	58	1	2	1
111	712	3	4	1	1	3
112	1210	13	16	1	3	2
113	1443	10	13	3	1	2
114	1787	28	29	2	2	1
115	1707	31	33	3	5	2
116	2117	60	61	1	4	1
117	1930	62	65	1	4	2
118	327	36	38	2	3	1
119	506	40	41	2	5	3
120	952	6	9	3	4	2
121	1017	62	63	3	1	3
122	348	1	4	3	3	1
123	926	44	45	1	2	1
124	1302	47	48	3	4	1
125	1699	58	60	3	1	2
126	2066	24	27	3	2	1
127	1378	57	58	3	3	2
128	496	41	44	2	5	2
129	1230	60	62	2	3	2
130	1262	50	53	2	1	3
131	1828	11	13	2	1	2
132	310	56	59	2	1	1
133	1689	29	32	1	5	2
134	342	13	15	1	3	2
135	925	62	63	1	5	1
136	1531	11	13	2	5	2
137	1930	35	38	3	1	3
138	1217	65	68	1	4	2
139	1295	45	46	1	3	1
140	274	31	32	2	1	3
141	36	41	44	2	1	2
142	861	27	29	1	3	2
143	1282	4	6	2	4	2
144	320	11	13	3	4	1
145	104	58	59	2	4	1
146	676	12	15	2	5	3
147	1627	63	64	2	4	3
148	779	31	34	3	2	1
149	1794	15	17	3	4	2
150	659	33	35	1	1	1
151	1818	57	59	2	3	1
152	1255	62	64	1	4	2
153	1211	63	66	3	5	2
154	451	63	64	2	3	2
155	557	50	52	3	5	3
156	1371	28	30	3	3	2
157	448	7	9	2	2	1
158	758	59	62	1	5	2
159	1246	38	39	1	4	2
160	397	33	34	3	4	2
161	1902	45	47	1	3	2
162	1910	44	47	3	2	2
163	157	54	55	2	4	2
164	1703	56	59	2	5	1
165	1307	58	61	1	2	1
166	1966	21	22	1	1	1
167	1401	26	28	2	3	1
168	1588	42	43	2	5	3
169	420	33	35	1	4	2
170	312	43	44	2	5	2
171	1440	30	33	3	4	2
172	1201	50	52	3	2	1
173	28	46	48	2	5	1
174	1723	19	20	3	2	1
175	1512	51	54	3	2	1
176	116	64	65	3	2	1
177	148	48	51	2	2	2
178	1691	33	36	1	5	3
179	855	20	22	1	1	3
180	503	3	6	3	3	2
181	916	41	44	3	3	1
182	364	42	43	2	4	1
183	1226	10	13	3	4	1
184	1078	7	8	1	5	2
185	1334	33	35	3	2	1
186	25	63	65	1	5	3
187	1365	42	44	2	4	1
188	634	30	31	2	3	1
189	356	41	44	2	3	1
190	1653	6	9	3	3	1
191	1959	67	68	1	5	2
192	1302	1	4	3	3	2
193	1248	28	29	1	2	2
194	2074	14	16	1	3	2
195	2008	15	17	2	1	1
196	114	44	45	2	3	1
197	684	31	34	1	3	1
198	1997	7	8	2	2	2
199	918	12	15	1	4	2
200	1008	51	52	2	1	2
201	1297	55	56	1	5	2
202	1537	8	11	3	5	2
203	373	28	29	1	4	2
204	812	4	5	2	5	2
205	1139	19	22	1	3	1
206	1402	51	53	2	5	2
207	623	41	42	2	4	3
208	2110	49	52	3	2	2
209	1530	15	16	1	5	1
210	708	36	39	3	5	2
211	686	7	8	2	4	3
212	930	29	32	2	3	2
213	1784	59	62	2	5	2
214	1558	43	45	3	5	3
215	1415	1	2	1	3	2
216	512	25	27	2	5	2
217	1539	13	14	1	4	1
218	1385	29	30	1	5	2
219	1681	57	60	2	5	1
220	1894	39	41	2	2	1
221	1267	50	51	2	2	2
222	1202	10	12	2	1	2
223	153	10	12	1	2	1
224	1177	60	62	1	3	2
225	407	40	42	3	4	2
226	304	17	20	1	2	2
227	1235	52	54	3	3	2
228	1565	37	38	3	5	1
229	896	59	60	1	5	3
230	1453	41	43	3	4	3
231	770	4	6	2	2	2
232	585	54	56	2	3	1
233	1573	37	40	3	2	1
234	56	57	58	2	1	3
235	1004	17	19	1	2	2
236	1840	42	43	3	4	3
237	376	48	49	1	4	2
238	908	18	21	3	2	2
239	751	13	14	2	1	2
240	351	54	55	2	2	1
241	1695	8	9	3	1	3
242	338	8	9	1	5	1
243	282	43	46	3	4	3
244	215	27	30	1	3	2
245	61	32	33	1	5	1
246	1817	7	9	3	5	1
247	870	53	54	2	1	3
248	1166	27	30	2	4	1
249	661	52	54	3	3	1
250	404	25	28	3	1	2
251	401	63	64	1	3	1
252	2028	14	17	2	5	3
253	288	54	57	1	2	2
254	1021	54	57	1	5	1
255	344	19	20	3	4	3
256	1758	16	18	2	1	1
257	186	17	20	3	1	3
258	2107	37	40	3	3	2
259	521	54	56	2	3	1
260	1380	2	5	1	2	1
261	1535	63	65	1	3	1
262	1192	37	38	3	2	2
263	1444	37	40	1	4	2
264	1704	12	14	1	3	2
265	601	55	58	1	1	1
266	809	65	67	1	4	1
267	398	24	27	1	2	1
268	1859	28	30	3	3	1
269	196	43	45	3	2	2
270	2070	35	37	2	5	2
271	1675	13	15	3	4	3
272	1748	11	13	2	1	3
273	181	11	12	2	5	1
274	113	9	11	3	5	3
275	671	9	10	3	4	2
276	654	15	17	3	1	2
277	2003	12	14	1	3	2
278	2052	60	63	2	3	1
279	2071	9	11	3	5	2
280	349	43	46	1	5	2
281	188	24	25	2	5	1
282	962	45	48	1	2	1
283	911	37	39	2	2	2
284	1655	59	61	2	4	1
285	942	2	5	2	5	1
286	1003	40	41	3	3	2
287	50	31	32	2	1	1
288	1845	52	55	1	3	1
289	1280	64	67	3	1	2
290	1235	17	20	1	4	2
291	101	36	38	1	3	2
292	1616	21	24	3	1	3
293	484	7	10	2	4	1
294	1276	65	67	1	3	1
295	993	24	27	3	5	3
296	760	47	49	1	1	3
297	796	44	46	3	4	2
298	1060	8	10	3	4	1
299	1063	8	10	1	2	2
300	539	55	58	3	4	2
301	1878	23	25	2	4	3
302	258	47	48	1	2	1
303	576	13	16	2	1	3
304	924	39	42	1	2	1
305	980	29	31	3	5	3
306	1761	67	68	1	5	1
307	363	52	55	3	5	1
308	961	51	54	1	4	1
309	2108	60	63	1	5	1
310	1518	53	55	2	3	2
311	673	39	41	2	3	2
312	1737	55	56	2	5	1
313	1016	20	23	1	2	1
314	626	60	62	3	2	1
315	2106	61	63	1	1	1
316	981	14	16	2	2	2
317	963	25	28	2	2	2
318	1150	14	17	2	5	1
319	1789	12	13	3	4	2
320	1993	16	18	1	3	1
321	868	44	47	1	1	1
322	941	26	27	1	4	2
323	210	9	10	3	3	1
324	1032	30	32	1	2	2
325	286	19	21	2	4	1
326	172	52	53	1	3	2
327	439	14	17	2	5	2
328	705	34	36	2	3	2
329	352	12	14	3	1	1
330	1480	43	46	1	1	2
331	362	12	14	1	2	1
332	658	8	10	3	2	2
333	265	6	9	2	4	2
334	43	57	58	2	4	3
335	346	53	54	3	1	2
336	1599	17	19	3	4	2
337	1503	48	51	2	2	1
338	1648	29	31	3	1	2
339	2065	43	45	1	5	1
340	1364	41	43	3	2	1
341	1788	51	53	1	3	2
342	95	41	42	1	3	2
343	1807	8	9	1	1	1
344	1672	19	22	3	1	2
345	74	37	39	3	4	2
346	1783	53	55	1	2	2
347	1048	39	40	3	3	1
348	1572	59	61	2	2	1
349	1118	5	8	2	5	2
350	2036	62	65	1	1	3
351	190	46	49	2	2	2
352	1123	45	46	3	5	2
353	1855	16	17	1	2	2
354	1751	31	32	1	2	2
355	1698	23	25	1	3	1
356	248	5	8	1	3	1
357	1206	31	32	1	4	1
358	1521	27	29	3	2	1
359	1429	33	34	2	4	3
360	2086	47	48	3	5	3
361	483	10	12	2	4	3
362	2085	21	22	3	3	2
363	301	59	61	1	3	1
364	892	62	64	1	5	3
365	2011	65	66	2	5	3
366	1958	46	48	2	4	3
367	979	52	54	2	4	2
368	472	68	69	1	2	1
369	164	35	36	2	1	2
370	1433	27	29	2	2	2
371	88	1	2	3	5	1
372	1947	14	16	3	4	1
373	1078	58	61	2	2	2
374	2127	3	5	3	4	1
375	1965	38	41	2	3	1
376	104	41	42	2	5	3
377	1303	59	61	2	5	2
378	1592	37	40	2	3	2
379	1319	40	43	2	4	2
380	1839	32	34	3	4	1
381	381	9	11	3	5	2
382	1801	49	52	2	3	1
383	504	29	31	3	1	2
384	89	47	50	3	2	1
385	434	41	43	2	3	2
386	356	15	16	1	3	1
387	525	6	7	1	5	3
388	1797	18	19	1	4	3
389	243	32	34	3	1	2
390	741	22	24	1	1	3
391	635	11	14	2	3	2
392	480	62	65	2	3	1
393	1548	47	49	1	1	2
394	303	64	65	1	1	1
395	75	26	27	2	4	1
396	1040	47	48	2	2	2
397	590	32	35	3	3	2
398	1107	31	33	3	3	2
399	644	35	38	3	5	3
400	606	13	16	2	3	1
401	9	7	9	1	5	3
402	594	12	15	2	1	2
403	238	54	56	3	4	1
404	574	8	9	2	2	1
405	1765	46	49	2	3	1
406	734	21	23	2	4	2
407	32	15	17	1	3	1
408	1872	56	59	2	1	3
409	649	23	25	2	3	1
410	70	58	60	1	3	1
411	1399	47	50	2	4	2
412	1538	55	56	3	2	2
413	1403	24	25	3	3	2
414	51	15	18	1	1	3
415	131	47	50	3	1	3
416	975	19	22	2	1	1
417	774	20	22	2	1	2
418	1144	42	44	2	5	1
419	801	38	40	1	5	3
420	1478	6	7	2	1	3
421	1877	55	56	3	4	3
422	1524	23	26	2	3	2
423	713	31	34	3	2	1
424	389	8	11	2	2	1
425	929	49	52	1	4	1
426	277	51	54	2	5	1
427	2004	15	16	2	1	1
428	1922	10	13	3	2	1
429	141	9	12	3	5	3
430	259	52	53	3	1	3
431	1084	5	7	3	3	1
432	715	14	16	1	2	2
433	1379	39	41	2	1	2
434	1764	29	31	1	1	3
435	416	32	35	1	3	1
436	202	50	53	2	5	2
437	782	28	31	1	2	1
438	1215	33	34	1	4	3
439	393	5	8	1	4	1
440	1717	48	49	1	3	1
441	1316	50	53	3	5	3
442	918	1	2	2	2	2
443	247	51	54	1	4	3
444	1300	1	3	3	3	1
445	680	59	60	1	3	2
446	32	43	45	2	2	1
447	505	18	19	3	3	2
448	1291	6	8	1	5	1
449	1209	27	30	3	3	1
450	31	17	18	3	2	1
451	309	50	53	1	3	2
452	1756	38	40	1	5	2
453	1946	66	68	1	5	1
454	1259	17	18	2	1	1
455	526	7	9	2	1	2
456	2132	19	22	3	4	1
457	576	63	66	3	3	2
458	1604	43	46	3	2	2
459	1685	43	45	2	5	2
460	1547	30	32	3	2	2
461	90	8	9	2	4	1
462	1197	29	31	3	2	1
463	2121	19	21	1	3	2
464	315	7	8	1	4	2
465	1722	66	68	1	3	1
466	1597	53	56	2	5	3
467	1587	64	65	1	4	2
468	1477	64	66	1	3	1
469	1966	4	6	2	3	2
470	1283	4	7	1	4	3
471	180	64	65	3	4	1
472	392	57	58	1	5	3
473	4	20	21	1	5	3
474	249	24	26	2	5	1
475	515	9	11	2	2	1
476	1867	45	46	1	2	2
477	1494	49	51	1	2	1
478	1273	31	34	2	1	1
479	1756	25	26	2	2	1
480	1513	57	60	1	5	3
481	1873	19	22	1	3	2
482	2139	55	57	3	3	1
483	413	24	27	3	4	1
484	1469	19	22	1	5	3
485	533	61	63	3	2	1
486	378	30	31	2	5	2
487	1223	57	58	2	2	2
488	1808	68	69	1	2	1
489	1884	9	12	3	2	1
490	2107	33	36	2	5	1
491	666	23	25	3	4	2
492	932	21	22	1	3	1
493	1085	16	18	2	3	1
494	770	35	38	2	5	1
495	235	65	68	2	5	3
496	732	17	18	2	3	1
497	157	29	31	3	2	2
498	586	25	27	3	4	2
499	1912	51	52	2	4	1
500	2083	2	5	3	2	1
501	522	40	42	2	1	2
502	1718	23	26	3	4	2
503	871	25	26	2	2	2
504	951	20	23	3	3	1
505	2040	13	14	1	1	1
506	1817	35	37	2	2	2
507	996	23	26	3	1	3
508	1261	53	56	3	2	1
509	1688	50	51	3	5	1
510	80	23	26	2	1	1
511	418	26	27	2	2	2
512	1091	12	15	1	2	1
513	2129	52	53	3	5	2
514	1972	27	28	2	3	2
515	799	12	15	2	5	1
516	793	27	29	2	5	2
517	328	63	64	3	1	1
518	1661	22	23	1	5	1
519	1284	37	38	2	1	3
520	1059	38	39	2	3	2
521	1781	1	3	2	4	1
522	1599	65	67	1	1	1
523	549	9	11	1	5	2
524	1646	41	42	1	3	2
525	400	44	45	1	3	1
526	924	19	20	1	2	2
527	525	14	17	3	2	1
528	2001	3	4	2	1	3
529	631	24	26	3	2	1
530	63	46	47	1	1	2
531	467	36	37	3	3	1
532	441	6	7	1	5	1
533	1604	41	44	3	3	2
534	806	11	14	3	3	1
535	1962	32	33	2	2	1
536	749	46	49	1	5	3
537	192	16	17	3	3	1
538	1581	37	38	1	3	1
539	118	39	42	2	2	1
540	672	64	67	3	4	2
541	1010	50	52	2	1	2
542	1995	55	56	2	1	1
543	1945	42	45	1	4	3
544	1106	6	8	2	4	1
545	313	16	18	2	4	3
546	1143	41	44	2	3	1
547	873	48	49	1	1	2
548	161	10	12	1	5	1
549	1131	48	51	3	4	3
550	1932	22	25	2	1	1
551	162	43	46	3	4	2
552	120	29	31	1	3	1
553	952	63	66	1	4	3
554	1621	60	61	2	2	1
555	1455	11	12	2	5	1
556	958	30	32	2	2	1
557	432	36	38	2	3	2
558	1935	2	5	2	5	2
559	160	48	49	1	4	1
560	538	58	60	3	2	2
561	1580	30	31	3	5	2
562	1207	26	29	3	3	1
563	1167	46	47	2	3	2
564	240	25	27	3	2	2
565	639	17	19	3	3	2
566	1631	53	55	2	4	2
567	1415	63	65	1	2	1
568	715	28	29	2	5	3
569	191	49	50	2	4	2
570	1757	36	39	1	1	3
571	283	25	27	1	3	2
572	1390	35	37	1	3	1
573	2007	59	61	3	4	1
574	158	38	41	3	4	1
575	295	48	50	2	2	2
576	723	18	21	3	4	1
577	2044	54	55	2	5	1
578	498	63	66	1	4	1
579	489	13	14	3	5	1
580	848	55	58	2	1	1
581	901	11	12	1	4	3
582	2024	43	44	3	4	1
583	1567	36	38	3	3	1
584	2052	40	43	3	2	1
585	707	18	20	1	5	3
586	1645	34	37	2	1	2
587	937	56	58	1	2	1
588	1409	32	33	2	3	1
589	1311	61	62	1	3	2
590	1388	18	21	3	1	3
591	1971	19	21	2	1	2
592	832	43	46	3	3	1
593	693	17	19	1	1	1
594	178	59	60	3	5	3
595	661	15	17	3	2	2
596	1218	49	52	3	1	1
597	1156	51	53	1	5	2
598	866	3	5	2	2	1
599	650	33	34	2	5	1
600	2077	3	4	3	5	3
601	1473	6	9	1	2	1
602	2050	26	29	1	4	2
603	1274	32	35	1	4	2
604	1476	58	61	2	1	3
605	379	64	65	3	4	2
606	1601	55	58	2	4	3
607	23	43	44	1	4	3
608	638	31	33	1	2	2
609	836	64	66	2	1	2
610	170	46	49	3	4	3
611	649	17	19	1	1	3
612	574	26	29	1	1	1
613	2034	20	23	2	3	2
614	399	58	59	2	2	2
615	882	29	31	3	4	1
616	1448	42	44	1	5	1
617	1608	8	11	1	4	2
618	2020	6	7	3	2	2
619	1682	23	24	2	2	1
620	1437	4	7	3	4	1
621	1398	16	19	3	2	2
622	1809	3	5	1	1	3
623	807	30	33	2	3	1
624	163	50	53	2	5	3
625	453	14	15	1	5	3
626	358	30	33	1	2	1
627	805	62	63	3	1	3
628	158	45	47	3	1	2
629	1243	63	66	2	2	2
630	2138	53	56	3	1	2
631	783	28	29	2	2	2
632	829	45	46	2	1	2
633	501	20	21	2	1	3
634	1140	1	4	3	4	3
635	440	47	50	3	5	2
636	1374	14	17	3	4	1
637	374	56	59	2	2	1
638	1732	58	61	1	1	3
639	1516	62	65	2	4	2
640	2114	5	8	2	1	3
641	182	24	25	1	2	2
642	1641	60	63	2	5	1
643	1283	9	10	3	5	1
644	2068	53	56	1	3	2
645	328	60	61	1	1	1
646	69	20	21	2	2	1
647	1249	25	28	2	5	2
648	370	66	68	2	1	3
649	1842	3	5	2	4	1
650	1922	14	16	3	4	1
651	1408	61	64	1	2	2
652	1917	53	56	3	2	2
653	560	29	31	2	2	2
654	14	41	44	2	2	2
655	1964	28	30	1	4	3
656	1013	19	22	1	5	2
657	1752	35	36	3	5	1
658	1799	42	45	3	4	3
659	965	13	14	3	4	1
660	96	9	10	3	1	2
661	1138	41	43	1	4	1
662	1294	48	49	1	1	1
663	507	19	20	1	2	1
664	1680	6	7	1	4	1
665	2011	47	49	3	4	3
666	524	1	4	3	1	1
667	1777	30	32	2	3	1
668	937	1	3	1	3	1
669	73	24	25	3	1	1
670	142	24	25	2	4	2
671	2096	44	45	1	5	3
672	200	34	37	2	5	3
673	384	27	30	3	2	1
674	747	38	40	1	4	3
675	1968	9	12	3	3	2
676	1854	36	37	1	5	1
677	1137	16	17	3	5	1
678	854	64	67	1	4	1
679	1321	17	19	3	3	1
680	1396	67	68	1	4	3
681	989	44	47	2	3	1
682	1432	46	49	1	4	2
683	818	36	39	2	2	1
684	1208	62	65	2	5	3
685	784	49	51	2	4	3
686	1020	31	33	3	1	3
687	825	19	21	2	1	1
688	987	15	17	3	4	2
689	2041	23	24	1	1	3
690	1678	22	24	1	5	1
691	252	50	51	2	2	1
692	687	54	55	1	1	1
693	1573	47	49	2	1	2
694	1606	60	61	1	2	1
695	1599	4	5	2	5	3
696	1798	64	65	3	4	3
697	1602	8	10	2	1	2
698	849	26	28	2	5	1
699	1147	25	27	3	4	3
700	2048	54	57	1	2	2
701	1950	56	57	3	2	2
702	1570	49	50	2	4	3
703	1802	44	45	1	3	1
704	1136	15	17	2	4	3
705	1964	57	59	1	5	3
706	1956	33	34	3	5	1
707	331	36	38	3	3	1
708	1069	37	38	3	4	1
709	1178	29	31	2	4	3
710	1222	53	56	3	4	1
711	144	19	21	3	4	3
712	2078	31	33	1	4	1
713	1315	11	13	3	2	2
714	360	33	36	2	1	3
715	698	45	48	2	5	3
716	935	64	66	2	1	1
717	1532	26	28	1	3	2
718	520	41	43	3	5	2
719	887	5	8	2	2	1
720	2037	17	19	3	2	2
721	1749	15	18	2	3	1
722	567	51	54	3	1	2
723	263	55	56	3	1	1
724	1663	41	44	3	2	1
725	831	18	19	1	3	2
726	241	55	56	1	2	1
727	1386	51	54	3	4	1
728	1562	4	7	3	4	1
729	1061	36	39	3	4	2
730	149	5	7	3	3	2
731	1076	11	13	3	5	3
732	630	28	30	1	4	3
733	2012	16	19	2	1	3
734	1439	21	23	2	5	3
735	516	64	67	1	1	3
736	1677	64	66	2	1	1
737	1924	58	60	3	4	1
738	902	59	61	3	2	2
739	558	22	23	3	1	3
740	2069	33	35	1	4	2
741	912	55	56	1	3	1
742	1744	55	58	3	4	1
743	324	11	14	2	4	1
744	691	21	22	2	4	1
745	1911	55	57	3	4	1
746	709	57	59	1	2	2
747	138	46	47	2	4	3
748	746	20	21	2	5	2
749	1127	60	63	2	5	3
750	1211	33	35	1	3	1
751	78	49	51	3	2	1
752	37	19	22	2	2	2
753	455	57	59	2	3	2
754	428	6	8	3	5	1
755	828	51	52	1	4	1
756	1742	40	42	1	2	2
757	49	60	63	1	3	1
758	1573	18	21	1	1	3
759	936	11	14	2	5	2
760	124	6	9	2	2	1
761	530	1	3	2	5	2
762	726	66	68	2	4	1
763	110	23	25	2	1	2
764	1125	58	61	2	4	1
765	417	54	57	3	4	3
766	839	48	50	2	5	1
767	629	61	63	2	5	1
768	780	31	33	1	2	2
769	653	11	12	1	3	1
770	578	17	19	2	1	3
771	1535	12	15	3	5	1
772	1921	6	8	2	1	3
773	757	57	60	2	5	3
774	1495	18	20	1	1	1
775	1782	14	16	3	3	1
776	1803	64	66	2	2	2
777	1612	23	24	3	4	3
778	1360	27	30	1	1	2
779	913	32	34	1	2	1
780	731	24	25	2	2	2
781	1589	52	55	3	2	2
782	1436	57	60	1	5	3
783	297	54	55	2	3	1
784	1898	38	41	3	3	2
785	1969	11	14	2	4	3
786	559	54	56	2	1	3
787	694	52	53	3	5	3
788	427	59	61	1	5	2
789	1338	27	28	3	5	2
790	1001	23	26	1	1	3
791	1268	28	30	2	4	3
792	1077	15	18	1	3	1
793	921	25	27	1	1	2
794	1452	45	47	3	1	1
795	1508	12	15	3	4	2
796	1032	2	5	1	1	3
797	1344	33	35	2	4	3
798	1952	27	28	3	1	1
799	826	45	48	1	1	3
800	1161	17	18	3	2	1
801	106	7	9	3	5	2
802	1449	37	39	2	4	3
803	195	12	14	2	2	2
804	1029	22	24	3	3	2
805	1827	37	40	3	3	1
806	1693	34	37	3	4	2
807	613	13	15	1	4	2
808	1814	54	56	1	2	1
809	1064	66	67	2	4	1
810	226	6	9	2	5	1
811	1725	22	23	3	4	2
812	1509	59	62	1	5	1
813	756	10	11	2	4	1
814	1460	6	9	3	1	3
815	1908	9	11	1	1	2
816	394	62	63	1	5	1
817	238	36	39	2	1	2
818	517	61	63	1	1	2
819	766	45	46	2	3	1
820	2092	38	39	2	3	1
821	860	40	41	3	2	1
822	7	40	43	1	1	1
823	234	36	38	2	5	1
824	1830	56	58	1	4	2
825	2029	12	15	2	2	2
826	442	33	34	2	4	3
827	1933	36	38	3	1	3
828	940	25	26	3	2	2
829	919	46	49	1	4	1
830	1199	25	26	1	4	1
831	543	63	66	2	2	1
832	130	23	26	2	2	1
833	1796	27	29	1	4	2
834	1511	6	8	3	3	1
835	1636	20	22	2	2	1
836	128	13	16	1	4	2
837	1006	27	28	1	3	1
838	983	34	36	1	3	2
839	920	40	43	1	2	2
840	656	4	5	2	5	1
841	745	51	52	1	4	1
842	1151	46	49	2	2	1
843	1045	7	10	2	4	2
844	1236	50	53	2	3	2
845	20	8	11	1	5	3
846	1832	35	37	1	2	2
847	1113	53	56	1	4	3
848	143	26	29	1	2	2
849	753	63	64	3	5	1
850	1197	55	56	2	1	3
851	510	29	30	2	1	2
852	1747	43	45	2	4	1
853	1031	55	58	3	2	1
854	815	3	6	2	3	2
855	1674	41	44	2	4	2
856	893	16	18	2	1	3
857	556	57	58	1	2	2
858	2136	7	8	3	4	1
859	823	64	65	2	2	1
860	580	21	24	3	1	3
861	1420	27	30	3	4	3
862	1507	32	33	1	1	3
863	2015	14	16	2	1	3
864	1257	52	55	3	2	2
865	1970	61	62	3	3	1
866	1940	57	60	2	5	2
867	1805	9	11	2	1	3
868	1484	35	38	3	3	1
869	433	52	55	1	5	1
870	1671	19	20	2	3	2
871	1430	4	6	3	3	1
872	1785	61	64	1	4	3
873	547	50	52	1	2	1
874	1377	62	65	1	4	2
875	151	66	68	1	3	2
876	315	60	62	2	4	2
877	509	40	41	1	2	1
878	992	32	34	1	5	2
879	1893	31	34	3	5	1
880	1196	45	48	2	4	1
881	1861	16	17	1	1	3
882	850	50	51	2	4	1
883	767	37	40	3	4	1
884	1326	13	15	2	2	2
885	1245	58	59	2	3	2
886	402	58	59	1	1	1
887	1428	33	35	2	4	3
888	1793	28	29	3	5	3
889	529	16	18	2	1	1
890	1780	16	19	2	4	1
891	878	40	42	2	4	1
892	1318	44	47	2	3	1
893	1517	51	52	2	4	2
894	1728	38	40	3	3	2
895	1741	31	33	2	3	2
896	1205	64	66	3	5	1
897	1370	32	35	2	5	2
898	596	2	3	1	3	1
899	1620	7	10	3	3	1
900	1883	27	28	1	4	2
901	289	26	29	1	5	2
902	1292	14	17	1	2	2
903	2000	46	48	1	4	1
904	223	44	47	2	2	1
905	1991	11	14	1	3	2
906	108	29	30	1	4	3
907	2090	25	26	3	1	3
908	568	32	35	2	5	2
909	1177	58	61	1	5	2
910	716	42	45	3	2	1
911	39	19	20	3	4	1
912	285	26	28	3	1	1
913	1624	65	66	2	4	2
914	217	10	13	3	4	1
915	255	57	60	3	1	1
916	1930	60	63	1	1	1
917	278	31	32	3	1	1
918	1692	66	67	2	3	1
919	27	3	6	3	1	1
920	1760	34	35	2	5	1
921	1414	28	31	2	2	1
922	2119	16	18	1	3	2
923	288	57	58	1	4	1
924	1343	33	35	3	2	2
925	213	28	30	2	5	1
926	1149	53	56	2	4	2
927	675	15	18	3	2	2
928	621	17	20	2	5	2
929	45	28	29	3	5	1
930	1234	34	37	2	3	2
931	787	32	34	1	3	1
932	1238	51	54	2	4	3
933	1533	52	55	3	3	2
934	1305	51	54	1	1	3
935	1187	3	4	2	1	1
936	588	60	63	1	4	1
937	268	36	39	2	3	1
938	1610	19	22	3	5	2
939	1981	34	37	2	4	1
940	227	65	68	2	1	1
941	603	2	5	1	2	1
942	1130	8	11	1	3	2
943	1772	23	25	3	4	3
944	956	3	6	1	1	3
945	692	52	55	1	2	1
946	1097	30	32	3	1	1
947	1786	49	50	1	1	3
948	2100	48	49	2	1	3
949	1381	39	42	1	3	2
950	1310	64	65	1	1	2
951	347	20	23	2	2	2
952	1162	17	19	1	2	2
953	45	34	37	1	2	1
954	1220	50	52	3	2	1
955	1700	55	57	3	2	1
956	1499	44	46	2	2	1
957	1290	6	8	2	4	3
958	1804	58	61	2	2	2
959	469	30	32	1	3	2
960	171	27	29	1	1	1
961	1656	14	15	2	1	2
962	137	5	8	3	3	2
963	1957	1	2	1	1	3
964	1348	52	54	3	4	1
965	1400	3	4	2	2	1
966	1163	38	40	3	5	2
967	1417	8	11	3	2	2
968	176	9	12	3	4	3
969	1904	64	67	2	2	2
970	1736	40	42	1	5	3
971	1188	9	12	3	1	3
972	1056	7	9	2	5	2
973	1306	55	57	1	5	1
974	1519	61	64	2	3	1
975	1120	11	13	3	1	2
976	2017	17	19	1	4	1
977	8	8	11	2	1	2
978	1329	12	15	3	1	2
979	298	5	6	1	5	1
980	744	2	5	3	4	1
981	1836	6	7	1	4	3
982	1159	32	34	3	2	2
983	337	42	45	3	1	1
984	126	2	4	2	4	3
985	1331	58	60	2	1	2
986	1391	33	36	2	2	1
987	1739	13	15	3	5	2
988	1618	7	9	2	2	1
989	431	11	13	1	5	1
990	296	44	46	1	3	1
991	83	10	11	3	3	1
992	1330	60	63	1	5	1
993	1314	41	43	3	5	2
994	1225	27	30	2	3	2
995	2084	49	51	2	1	1
996	383	18	21	2	5	1
997	864	11	14	1	3	1
998	2059	8	10	1	4	1
999	1379	62	64	1	5	2
1000	614	60	63	3	5	1
1001	175	46	48	3	3	1
1002	72	19	21	2	3	2
1003	1105	41	43	2	3	1
1004	531	50	51	3	4	1
1005	1459	2	3	2	3	2
1006	214	60	61	1	3	2
1007	1735	8	10	1	3	1
1008	1074	48	50	1	1	3
1009	2047	48	51	3	4	3
1010	565	1	2	2	2	2
1011	436	50	53	1	5	2
1012	264	18	21	3	5	1
1013	883	12	15	2	1	3
1014	1644	42	45	3	3	1
1015	2087	51	54	3	1	3
1016	92	18	21	3	3	2
1017	681	45	46	1	1	3
1018	1684	26	29	1	1	3
1019	1157	37	39	2	4	1
1020	2023	17	19	3	1	3
1021	791	44	45	2	1	3
1022	172	44	45	1	2	1
1023	1190	47	48	2	5	1
1024	10	32	34	3	1	2
1025	2025	49	52	1	5	2
1026	289	3	5	3	3	1
1027	1500	58	61	2	5	2
1028	690	46	47	1	5	1
1029	317	50	51	2	1	2
1030	1242	48	51	2	3	2
1031	528	3	6	2	5	1
1032	1598	45	47	1	3	1
1033	834	60	63	2	3	2
1034	2019	10	11	1	1	2
1035	1200	23	25	3	2	2
1036	1075	39	41	3	4	2
1037	1353	48	49	2	2	1
1038	1800	17	19	2	1	1
1039	244	38	39	2	2	1
1040	1560	51	52	1	5	3
1041	733	23	25	2	2	1
1042	988	60	63	2	3	1
1043	991	6	9	1	3	2
1044	561	19	20	1	3	2
1045	1180	14	15	3	2	1
1046	1025	25	26	1	2	2
1047	1901	47	48	1	3	1
1048	1471	25	27	2	4	1
1049	974	36	37	3	1	1
1050	292	21	22	1	2	1
1051	1186	54	55	3	5	3
1052	1824	23	26	3	5	1
1053	1541	29	32	1	1	1
1054	1812	27	29	1	1	1
1055	1281	15	17	2	4	3
1056	1769	1	2	2	5	3
1057	2100	49	51	3	5	1
1058	1463	62	65	3	1	3
1059	1233	20	22	2	5	3
1060	2132	8	10	1	2	2
1061	1212	50	53	1	5	2
1062	575	40	42	1	1	2
1063	808	47	50	1	4	3
1064	1135	27	30	3	5	2
1065	725	1	3	3	2	1
1066	388	53	56	3	2	1
1067	731	37	38	2	3	2
1068	336	26	28	2	5	2
1069	1762	26	29	2	5	2
1070	1842	22	25	2	2	2
1071	1410	63	66	3	5	1
1072	1126	62	64	3	4	2
1073	1263	6	8	2	3	2
1074	122	12	14	2	1	3
1075	1732	59	60	2	3	1
1076	945	38	41	1	4	3
1077	377	35	36	1	3	1
1078	1014	25	28	1	3	1
1079	479	47	49	2	3	1
1080	1985	1	4	1	3	1
1081	1633	41	42	1	3	1
1082	752	30	32	1	3	1
1083	1507	54	55	1	2	2
1084	1714	49	52	3	1	3
1085	2073	32	33	2	5	2
1086	129	20	22	2	1	2
1087	628	29	30	1	5	1
1088	1593	38	40	3	5	2
1089	1973	5	6	2	2	1
1090	1111	26	28	2	4	1
1091	385	1	4	3	4	3
1092	485	37	38	2	5	2
1093	91	43	46	2	2	1
1094	1054	41	44	1	3	1
1095	1862	21	23	2	5	3
1096	1109	58	59	2	2	1
1097	569	39	41	3	1	1
1098	363	3	6	1	2	2
1099	350	25	28	3	3	2
1100	1876	37	40	1	1	3
1101	53	38	41	3	4	3
1102	1821	57	60	1	4	1
1103	522	52	53	2	3	1
1104	1148	61	63	3	5	2
1105	2018	32	35	1	2	1
1106	44	1	4	3	3	2
1107	878	8	11	3	4	3
1108	2060	52	54	2	3	2
1109	598	29	32	1	3	2
1110	1733	25	28	3	3	2
1111	1665	21	24	3	1	1
1112	789	29	32	3	2	1
1113	1625	23	26	2	1	2
1114	838	63	65	3	3	2
1115	523	51	52	2	1	3
1116	1980	4	5	2	3	1
1117	1296	37	39	3	5	1
1118	591	55	56	1	5	3
1119	105	61	64	2	1	3
1120	1514	18	20	2	5	3
1121	1550	54	56	2	5	3
1122	2051	27	30	1	1	2
1123	1899	44	45	1	1	3
1124	19	23	25	2	4	2
1125	1611	51	52	3	4	2
1126	679	64	66	3	5	2
1127	42	24	27	1	2	1
1128	77	41	42	2	1	3
1129	2109	3	5	2	5	3
1130	1034	24	27	1	5	1
1131	445	8	11	3	3	1
1132	414	53	55	1	2	1
1133	2103	4	6	3	2	2
1134	1549	32	33	1	3	1
1135	1211	56	59	3	1	3
1136	817	1	3	1	1	3
1137	403	44	46	1	4	1
1138	296	40	43	3	4	2
1139	1044	37	39	3	2	2
1140	759	22	23	1	1	2
1141	1501	36	37	1	5	3
1142	534	44	46	2	4	1
1143	1411	57	58	2	5	3
1144	939	25	28	3	1	3
1145	1352	14	15	1	2	1
1146	239	62	63	2	1	3
1147	810	17	20	3	4	2
1148	994	41	44	1	1	3
1149	1203	40	42	2	4	1
1150	1667	56	57	3	3	2
1151	1438	8	9	3	4	3
1152	1602	60	61	1	1	3
1153	926	39	42	1	5	2
1154	1626	10	12	3	1	2
1155	1579	49	51	2	3	2
1156	627	36	38	1	5	2
1157	354	9	11	3	1	2
1158	492	54	55	1	1	2
1159	1666	13	15	1	1	3
1160	421	19	20	3	3	1
1161	1356	2	5	1	5	3
1162	1811	38	40	2	3	1
1163	291	30	32	2	4	1
1164	177	53	56	3	2	1
1165	1891	66	67	2	3	2
1166	1871	52	55	1	2	2
1167	1720	25	27	2	5	1
1168	471	17	19	1	3	2
1169	1412	44	46	1	5	1
1170	459	6	7	3	3	1
1171	1939	60	62	3	1	2
1172	592	63	66	1	1	1
1173	1179	22	24	3	1	1
1174	1103	59	60	2	3	2
1175	1848	27	28	2	1	2
1176	1	62	63	1	2	1
1177	1337	49	51	3	4	2
1178	641	66	67	2	3	1
1179	1104	34	36	2	3	2
1180	1102	60	63	2	1	1
1181	1672	34	36	3	1	1
1182	377	60	62	3	5	3
1183	1009	21	22	1	2	2
1184	1820	45	48	3	4	1
1185	1319	63	66	3	1	3
1186	1566	25	26	3	1	1
1187	798	6	8	3	4	3
1188	2	50	52	3	1	1
1189	1327	47	48	2	3	1
1190	1807	63	66	1	1	3
1191	651	17	20	3	3	2
1192	2032	40	43	2	5	3
1193	1796	2	5	1	2	2
1194	869	38	39	2	1	3
1195	1359	64	67	3	1	1
1196	604	63	64	3	2	1
1197	914	33	36	3	2	2
1198	1211	66	68	1	1	1
1199	1290	18	19	1	5	3
1200	667	65	66	1	4	1
1201	444	5	6	3	3	2
1202	1021	13	15	1	5	3
1203	2019	25	26	3	2	1
1204	736	11	13	3	1	1
1205	1134	28	29	3	4	1
1206	316	40	43	3	3	2
1207	1873	59	62	3	5	3
1208	1088	24	26	1	4	1
1209	719	54	56	1	2	1
1210	1960	51	53	1	4	2
1211	1441	5	8	3	4	2
1212	2104	20	21	1	1	2
1213	246	28	30	1	4	1
1214	1089	34	37	3	4	3
1215	720	58	59	1	1	3
1216	260	6	8	3	2	1
1217	1092	60	61	3	5	1
1218	380	28	31	2	5	1
1219	617	59	61	1	3	2
1220	1053	19	20	3	5	3
1221	1522	2	4	1	4	1
1222	1288	37	38	2	2	2
1223	1468	53	56	2	5	3
1224	2056	60	61	3	3	2
1225	1905	37	38	3	3	1
1226	18	56	59	1	4	2
1227	16	32	33	2	3	1
1228	1094	36	39	3	5	3
1229	795	65	67	3	4	3
1230	107	23	24	1	3	2
1231	1843	67	68	1	4	2
1232	230	21	24	3	1	2
1233	1247	3	4	1	4	3
1234	1221	49	52	3	5	2
1235	1470	39	42	3	1	2
1236	753	35	38	2	2	2
1237	218	20	22	2	4	2
1238	550	2	4	2	4	2
1239	1628	49	51	1	5	3
1240	1687	47	49	2	2	1
1241	86	60	62	2	1	3
1242	607	37	39	3	2	1
1243	293	21	23	3	5	3
1244	85	12	13	3	4	1
1245	788	29	30	2	3	1
1246	682	42	43	1	2	2
1247	1437	53	56	3	4	2
1248	1554	42	43	3	5	1
1249	600	43	45	2	2	2
1250	652	62	64	2	1	1
1251	2118	42	45	2	3	2
1252	1046	24	25	3	1	2
1253	1416	56	59	3	2	1
1254	727	28	31	2	5	2
1255	1897	4	5	1	4	3
1256	813	6	8	3	4	2
1257	1028	36	38	1	1	1
1258	809	49	50	3	3	2
1259	1545	33	35	3	5	1
1260	1078	30	33	3	2	1
1261	325	29	30	2	4	2
1262	1555	11	12	2	2	1
1263	309	46	47	3	5	2
1264	1472	7	9	1	4	1
1265	923	61	62	2	1	3
1266	833	66	69	1	2	1
1267	1445	50	53	1	3	1
1268	1050	16	19	3	3	2
1269	326	6	8	2	2	1
1270	2045	51	54	1	3	2
1271	2090	27	28	3	2	2
1272	1654	15	17	2	1	1
1273	1362	65	68	2	1	2
1274	1673	7	8	1	5	3
1275	1258	30	33	2	3	1
1276	2063	40	42	3	1	3
1277	1695	35	37	2	5	3
1278	1019	15	16	1	2	1
1279	664	62	65	2	1	3
1280	306	6	8	1	4	3
1281	844	58	61	2	2	1
1282	1176	31	33	2	4	2
1283	487	35	37	1	5	1
1284	231	67	68	2	3	2
1285	1683	4	6	2	4	2
1286	1568	12	15	1	2	1
1287	1583	54	57	2	4	1
1288	79	61	62	3	3	1
1289	65	44	47	3	4	1
1290	608	45	47	2	3	2
1291	1782	43	44	2	5	1
1292	2076	44	45	2	1	3
1293	949	61	64	1	5	3
1294	3	12	13	2	2	2
1295	169	26	29	2	3	2
1296	898	7	8	2	5	2
1297	1404	11	14	1	2	2
1298	2099	58	59	2	2	1
1299	851	30	33	1	4	1
1300	1608	60	62	3	4	2
1301	1449	56	59	1	1	3
1302	1286	54	57	2	1	3
1303	1241	31	33	3	3	2
1304	1726	52	55	3	1	1
1305	1586	56	59	2	4	3
1306	2135	34	35	1	2	1
1307	194	20	22	1	3	1
1308	1141	16	18	1	1	2
1309	957	23	25	1	3	2
1310	174	41	43	1	2	1
1311	403	28	31	1	4	1
1312	1450	16	18	3	5	2
1313	1911	14	17	3	5	3
1314	139	26	27	3	3	1
1315	882	53	55	3	4	1
1316	1036	63	66	3	2	2
1317	1192	53	54	3	4	1
1318	1857	24	27	1	2	1
1319	722	36	38	3	4	3
1320	357	66	68	2	5	3
1321	625	25	26	2	2	1
1322	1521	34	37	3	1	1
1323	400	56	59	2	3	2
1324	1563	4	7	1	3	1
1325	1836	10	13	3	2	1
1326	1287	53	55	3	4	3
1327	729	54	56	2	1	3
1328	650	38	41	3	4	3
1329	1689	30	31	2	3	1
1330	1992	22	25	1	1	3
1331	1585	12	13	2	4	1
1332	636	2	3	3	4	2
1333	1434	31	34	1	4	2
1334	491	47	48	3	3	2
1335	147	17	18	3	1	2
1336	224	35	38	3	2	2
1337	2100	20	21	3	2	1
1338	1487	56	58	1	5	1
1339	1577	47	49	2	2	2
1340	460	55	58	1	4	1
1341	1442	21	22	3	4	3
1342	578	9	11	3	3	1
1343	355	11	14	3	1	2
1344	670	63	64	3	2	1
1345	1189	43	45	3	5	3
1346	1755	10	11	2	2	2
1347	937	60	61	2	4	1
1348	1349	15	16	3	1	2
1349	251	31	34	1	4	3
1350	1983	63	65	2	5	2
1351	270	33	34	1	2	2
1352	143	58	60	2	5	2
1353	1492	13	15	3	3	2
1354	639	35	36	2	4	2
1355	1750	52	54	3	2	2
1356	2120	29	30	3	4	2
1357	579	57	58	1	2	2
1358	553	24	25	3	1	2
1359	2049	67	68	2	2	2
1360	1142	11	13	1	2	1
1361	209	6	7	1	5	3
1362	1244	24	26	1	5	3
1363	1660	26	28	2	2	2
1364	566	63	65	3	3	1
1365	1846	17	19	1	3	1
1366	1498	56	59	3	5	3
1367	11	49	52	3	3	1
1368	986	20	22	3	2	2
1369	722	65	66	3	2	1
1370	1543	47	48	1	2	2
1371	938	24	27	3	2	2
1372	1485	40	42	1	1	1
1373	978	17	18	1	5	2
1374	187	8	9	2	2	2
1375	66	34	37	1	4	2
1376	1489	55	56	2	3	1
1377	361	4	6	1	4	2
1378	1423	9	10	3	4	3
1379	2057	7	9	1	2	1
1380	697	34	35	3	5	1
1381	1090	29	30	1	5	2
1382	577	18	19	3	4	3
1383	1428	48	50	3	5	3
1384	1208	59	62	3	2	2
1385	133	4	5	1	1	2
1386	2101	7	9	3	1	3
1387	1093	29	30	2	4	3
1388	890	30	33	3	5	3
1389	1909	39	40	3	2	2
1390	551	21	23	2	2	2
1391	1659	29	31	2	4	2
1392	25	7	9	2	2	1
1393	1182	6	9	1	3	1
1394	710	52	55	2	3	2
1395	922	16	18	1	2	1
1396	272	39	41	3	2	1
1397	1409	2	3	2	1	2
1398	2061	18	21	3	2	2
1399	535	8	9	3	5	2
1400	1810	17	18	2	3	1
1401	387	62	64	3	1	3
1402	1999	28	31	1	5	3
1403	113	22	25	1	5	1
1404	1194	13	16	3	5	2
1405	1358	39	41	3	4	2
1406	64	18	20	1	2	1
1407	1361	59	60	1	4	2
1408	2058	41	43	1	5	1
1409	1594	15	18	1	5	2
1410	572	35	38	2	4	2
1411	1172	28	29	3	3	2
1412	541	46	48	1	5	3
1413	646	43	45	3	4	1
1414	950	42	44	3	1	2
1415	1394	53	55	3	3	1
1416	1907	43	45	1	2	1
1417	1622	36	39	3	2	1
1418	1947	5	7	2	1	1
1419	1039	27	30	1	4	1
1420	1000	45	46	3	1	3
1421	184	62	63	3	1	1
1422	721	35	38	3	4	1
1423	1347	41	42	2	2	2
1424	229	2	5	2	1	2
1425	1299	66	68	2	2	2
1426	1350	49	51	2	5	1
1427	56	46	47	3	4	2
1428	125	60	63	3	4	3
1429	1844	17	19	1	2	1
1430	683	48	50	2	4	2
1431	508	29	30	2	3	1
1432	419	54	55	3	2	2
1433	29	48	49	3	3	2
1434	831	7	9	1	1	2
1435	1211	41	44	2	3	2
1436	1884	7	10	2	3	1
1437	1954	21	22	1	4	1
1438	1823	36	38	1	4	1
1439	1116	42	44	3	5	1
1440	1942	8	11	3	1	2
1441	1055	50	53	1	1	1
1442	1941	33	34	3	5	1
1443	1139	16	19	2	1	2
1444	946	46	47	1	4	1
1445	154	23	25	3	1	2
1446	1660	64	65	3	5	1
1447	874	27	29	2	4	1
1448	269	15	16	2	4	2
1449	1630	28	31	2	3	1
1450	208	61	64	1	1	2
1451	1285	16	18	2	2	2
1452	1117	10	11	3	4	3
1453	870	48	51	1	5	3
1454	96	28	30	1	2	2
1455	284	55	56	1	3	1
1456	1383	1	3	1	4	1
1457	1104	65	66	2	4	2
1458	454	33	36	3	4	2
1459	17	19	20	1	4	2
1460	267	54	57	3	1	3
1461	1763	17	20	1	2	1
1462	1369	42	45	2	2	2
1463	174	59	60	3	1	2
1464	1888	51	53	3	5	2
1465	960	18	20	1	3	2
1466	911	1	2	2	2	2
1467	2007	26	28	2	5	2
1468	755	40	41	1	2	1
1469	609	62	63	2	3	1
1470	192	59	61	1	2	2
1471	1484	37	38	1	5	1
1472	502	9	10	2	5	1
1473	2124	43	46	2	2	2
1474	279	42	43	1	1	2
1475	1961	30	32	1	4	2
1476	845	42	43	3	1	1
1477	488	40	43	2	4	1
1478	1617	45	47	1	1	2
1479	1146	18	20	2	1	1
1480	470	27	30	2	5	3
1481	2042	62	64	1	2	2
1482	612	23	24	1	1	2
1483	1649	18	21	2	2	2
1484	205	49	50	1	2	2
1485	1195	21	24	2	4	3
1486	1574	21	22	2	4	2
1487	581	37	40	3	1	3
1488	1865	51	52	1	3	1
1489	1686	43	45	3	2	2
1490	275	63	64	1	5	2
1491	597	27	28	3	2	2
1492	18	17	18	1	4	2
1493	130	48	51	2	5	3
1494	1719	55	58	3	3	2
1495	1251	48	49	1	4	2
1496	1425	26	27	3	1	1
1497	408	45	46	3	3	1
1498	22	30	31	3	4	1
1499	455	22	24	1	1	2
1500	589	27	30	3	1	2
1501	1899	25	27	3	4	1
1502	1701	65	66	3	1	1
1503	1260	20	22	3	3	2
1504	240	29	30	3	1	2
1505	1174	30	31	1	3	1
1506	1595	18	20	1	5	2
1507	1127	2	5	1	3	1
1508	819	27	29	2	2	1
1509	198	41	44	2	5	3
1510	1375	28	31	3	5	3
1511	504	59	61	1	2	1
1512	430	19	21	1	4	1
1513	1435	63	66	3	2	2
1514	450	21	24	2	2	1
1515	429	49	51	2	4	3
1516	204	13	16	2	1	3
1517	944	59	61	3	3	2
1518	1011	2	4	2	4	1
1519	811	50	51	3	1	1
1520	790	25	26	1	1	2
1521	242	14	15	3	2	2
1522	1880	37	40	3	1	3
1523	1918	23	26	1	4	1
1524	62	49	52	2	3	1
1525	206	37	39	2	4	3
1526	1301	36	37	2	2	2
1527	463	24	26	2	5	2
1528	2021	9	11	1	4	3
1529	1533	40	42	3	1	2
1530	1265	41	43	3	2	1
1531	979	5	7	3	5	2
1532	1483	25	28	1	1	2
1533	2026	9	10	3	3	2
1534	620	60	62	3	5	2
1535	1690	56	58	3	3	1
1536	616	53	54	3	3	2
1537	396	25	27	3	5	1
1538	1869	9	10	2	2	2
1539	955	22	24	1	1	3
1540	372	23	24	2	1	2
1541	1496	39	41	2	4	2
1542	1324	40	41	1	4	1
1543	1124	6	7	1	2	1
1544	615	30	31	1	4	3
1545	623	61	63	2	2	1
1546	1047	47	50	1	2	1
1547	353	58	61	1	3	1
1548	884	52	55	2	1	2
1549	699	16	17	1	4	3
1550	15	54	57	2	1	2
1551	835	25	28	3	2	1
1552	637	27	28	3	1	2
1553	582	35	36	3	3	1
1554	236	58	59	2	1	1
1555	1642	21	22	2	2	2
1556	1297	35	36	3	1	1
1557	475	9	10	1	1	3
1558	573	61	64	1	1	3
1559	1974	16	19	2	5	2
1560	443	49	51	1	3	1
1561	1133	60	62	3	2	1
1562	1002	63	66	1	5	3
1563	112	54	57	1	1	1
1564	1309	14	17	1	4	1
1565	1826	47	49	3	4	3
1566	166	51	54	1	5	3
1567	906	60	63	2	2	2
1568	1397	8	11	1	2	2
1569	921	28	29	2	3	2
1570	1069	56	57	3	3	1
1571	1730	15	16	3	3	1
1572	1721	29	31	3	5	3
1573	927	21	24	3	5	1
1574	1392	58	59	1	4	2
1575	282	26	28	2	3	2
1576	1746	5	7	2	5	3
1577	513	33	34	2	1	2
1578	653	1	2	2	5	1
1579	1422	41	43	2	4	1
1580	1985	26	27	3	3	1
1581	456	47	50	3	2	2
1582	907	24	27	2	3	2
1583	1575	9	11	1	3	1
1584	1646	26	29	2	5	2
1585	1190	49	50	1	3	1
1586	973	6	7	2	5	3
1587	494	1	2	3	4	3
1588	1903	59	61	3	4	3
1589	859	41	43	3	4	3
1590	555	1	2	3	5	2
1591	6	18	19	3	2	2
1592	928	13	15	1	3	2
1593	1657	64	65	1	4	2
1594	802	46	48	1	2	1
1595	1921	58	59	1	5	2
1596	2100	67	68	2	4	2
1597	1020	14	16	2	2	2
1598	1066	33	35	2	3	2
1599	1709	35	38	2	1	2
1600	917	21	23	1	5	2
1601	2060	53	56	2	4	3
1602	1293	65	67	2	3	2
1603	964	28	31	3	1	2
1604	552	56	57	3	1	3
1605	457	56	58	2	1	2
1606	735	35	36	3	3	2
1607	954	8	11	3	4	2
1608	1517	36	37	2	4	3
1609	1198	20	23	1	4	3
1610	179	50	52	3	1	3
1611	2071	6	8	3	4	3
1612	371	52	54	2	1	1
1613	333	53	56	3	3	2
1614	2006	36	39	2	4	1
1615	152	28	29	2	4	1
1616	121	56	59	2	3	2
1617	1457	65	68	2	2	1
1618	397	34	35	3	2	1
1619	1862	40	43	2	1	2
1620	393	63	65	2	5	1
1621	2102	44	46	1	5	3
1622	1466	8	9	2	1	2
1623	571	35	36	1	4	1
1624	1511	6	7	2	2	1
1625	1990	43	45	3	4	3
1626	618	60	63	2	1	2
1627	736	31	33	1	2	1
1628	1759	52	55	2	2	2
1629	638	15	18	1	2	1
1630	853	53	55	2	5	2
1631	1100	58	60	1	3	2
1632	2140	14	17	2	5	2
1633	1866	35	37	1	5	2
1634	2031	50	53	2	2	1
1635	54	7	8	3	1	3
1636	880	44	47	2	4	1
1637	356	36	38	1	5	3
1638	225	36	37	3	2	2
1639	979	8	11	3	3	1
1640	647	46	48	1	2	1
1641	2043	6	9	2	2	2
1642	545	14	15	3	5	1
1643	453	33	35	2	3	1
1644	318	27	30	2	4	2
1645	1753	17	18	1	5	3
1646	1269	44	47	1	3	2
1647	98	27	28	1	3	1
1648	1590	29	32	1	5	2
1649	775	38	41	1	1	2
1650	2134	49	52	3	4	2
1651	1986	50	52	1	3	1
1652	290	60	61	1	4	1
1653	1115	37	40	1	3	2
1654	1506	23	25	3	3	2
1655	1168	49	52	2	4	3
1656	1994	48	49	2	5	3
1657	1751	8	11	2	1	1
1658	1611	8	11	1	4	3
1659	1447	45	47	1	1	2
1660	1833	33	36	2	5	1
1661	1038	1	4	1	5	3
1662	777	3	5	3	1	1
1663	2128	30	33	3	5	1
1664	301	24	26	3	1	3
1665	165	34	35	2	4	3
1666	150	23	26	2	2	1
1667	211	22	24	2	3	2
1668	1027	45	46	1	5	1
1669	462	16	17	2	2	2
1670	1623	10	11	3	5	1
1671	1250	10	13	3	2	1
1672	233	58	59	1	5	3
1673	273	57	59	3	5	3
1674	862	48	50	1	1	3
1675	307	58	61	2	3	1
1676	2130	33	35	2	4	3
1677	602	9	11	3	4	3
1678	1662	43	45	1	1	2
1679	1219	60	61	2	4	2
1680	2014	46	47	1	2	1
1681	2065	16	17	3	4	1
1682	558	6	8	2	3	2
1683	35	17	19	2	3	1
1684	714	54	55	3	1	2
1685	354	4	5	3	5	2
1686	1122	57	58	3	5	3
1687	519	55	56	3	3	1
1688	1920	9	11	1	4	3
1689	959	30	32	3	2	1
1690	287	12	13	1	1	1
1691	1967	10	13	2	3	1
1692	886	58	60	1	2	2
1693	466	6	7	1	2	2
1694	888	30	32	1	5	3
1695	1170	50	52	2	1	1
1696	473	19	22	3	3	2
1697	1118	27	30	3	5	1
1698	24	26	28	3	3	1
1699	643	57	59	2	5	2
1700	2133	58	59	1	4	3
1701	772	57	60	1	2	2
1702	1849	37	40	1	1	3
1703	58	27	29	3	4	3
1704	816	63	66	1	2	1
1705	2046	55	57	3	5	1
1706	1944	24	27	1	1	2
1707	1727	50	52	1	4	1
1708	271	25	28	2	5	1
1709	115	40	42	1	2	2
1710	1951	25	26	1	2	2
1711	341	52	53	1	2	1
1712	970	41	42	1	3	1
1713	1368	47	49	3	4	2
1714	1834	53	56	2	2	1
1715	2010	25	26	3	3	1
1716	867	20	22	2	4	1
1717	195	20	23	2	5	3
1718	1886	64	67	1	4	1
1719	1774	25	27	2	1	1
1720	976	57	60	2	5	3
1721	356	42	45	1	4	3
1722	1712	7	10	1	5	2
1723	1183	10	11	3	2	2
1724	1819	20	23	3	1	3
1725	1121	13	14	2	2	2
1726	1493	10	11	3	2	2
1727	1115	64	66	3	2	1
1728	135	59	62	3	1	1
1729	435	15	16	1	1	2
1730	1170	10	11	2	3	2
1731	193	6	7	1	4	1
1732	1863	56	58	2	4	3
1733	897	16	18	3	3	2
1734	544	12	13	1	5	1
1735	778	11	12	2	2	1
1736	677	25	27	2	1	3
1737	1367	29	30	2	5	2
1738	86	33	34	3	4	2
1739	1708	1	3	1	4	3
1740	1171	64	67	2	4	1
1741	1529	65	66	2	4	1
1742	89	24	27	2	1	2
1743	2054	43	44	2	4	3
1744	1596	4	6	3	5	1
1745	146	25	28	1	4	1
1746	48	7	8	3	1	1
1747	518	23	24	3	5	2
1748	2093	12	14	2	5	1
1749	1928	41	43	3	5	2
1750	1481	12	14	3	5	2
1751	26	9	11	3	2	2
1752	345	15	17	1	4	2
1753	1837	15	16	3	4	1
1754	123	21	24	2	5	2
1755	1360	4	7	2	5	2
1756	1706	57	59	3	2	2
1757	1767	52	54	3	2	1
1758	1014	64	67	2	3	1
1759	1651	56	58	1	2	2
1760	1114	39	42	2	5	2
1761	335	40	42	3	1	2
1762	1345	4	7	3	2	1
1763	1670	6	7	3	2	2
1764	1169	4	5	1	5	1
1765	985	13	16	1	2	2
1766	741	3	5	3	1	1
1767	648	60	62	2	1	3
1768	281	10	11	1	5	2
1769	1275	15	17	2	5	2
1770	1373	52	53	2	4	3
1771	2022	39	42	1	4	2
1772	258	67	69	1	1	2
1773	1323	50	53	3	5	3
1774	300	54	56	3	4	1
1775	446	33	35	1	4	2
1776	87	51	52	1	1	3
1777	1030	21	22	3	5	3
1778	948	16	19	2	4	2
1779	1351	50	53	1	1	2
1780	926	47	49	2	3	2
1781	1838	6	8	1	1	1
1782	148	33	34	1	5	3
1783	1955	51	53	1	2	2
1784	422	37	40	3	3	1
1785	367	38	41	2	5	1
1786	1937	58	59	2	5	1
1787	2013	33	36	1	4	2
1788	624	47	49	2	2	2
1789	1462	61	62	3	3	2
1790	2054	14	16	2	3	2
1791	865	33	34	3	5	2
1792	1885	60	61	1	2	2
1793	36	62	65	2	5	2
1794	1081	17	19	1	4	1
1795	830	9	11	3	3	1
1796	1982	56	59	1	3	2
1797	1710	32	34	1	1	2
1798	1995	2	3	3	2	2
1799	1007	8	9	2	4	3
1800	1208	61	63	1	4	1
1801	1635	59	62	1	2	2
1802	1845	14	17	3	4	3
1803	1491	55	58	2	2	2
1804	532	52	54	3	5	3
1805	773	64	65	3	3	1
1806	1325	56	59	1	2	2
1807	511	59	61	3	5	1
1808	1850	57	59	1	2	2
1809	1571	52	53	1	2	1
1810	724	57	59	2	4	3
1811	536	48	50	2	5	1
1812	1643	46	47	2	5	2
1813	437	12	15	1	3	1
1814	1534	29	30	1	5	3
1815	107	25	27	3	5	2
1816	876	66	67	3	4	2
1817	1617	39	41	1	5	1
1818	692	60	62	3	2	2
1819	1055	43	44	2	2	2
1820	1771	11	13	3	4	2
1821	1151	4	5	2	2	1
1822	2027	4	6	1	1	3
1823	2105	53	56	1	5	1
1824	2080	26	27	1	5	3
1825	1095	43	46	1	4	3
1826	804	34	36	1	5	3
1827	1658	41	44	1	2	1
1828	2062	65	68	1	5	2
1829	1546	62	63	2	5	2
1830	1240	30	33	1	5	2
1831	1042	61	63	1	4	3
1832	1231	57	60	2	1	3
1833	738	8	11	3	2	1
1834	1925	35	37	3	3	2
1835	566	38	41	3	2	2
1836	464	63	64	1	2	1
1837	1108	16	19	1	5	3
1838	877	60	63	1	2	2
1839	562	14	15	3	1	1
1840	537	46	49	2	1	3
1841	1068	12	14	2	4	2
1842	740	3	5	2	3	2
1843	1035	32	34	1	4	2
1844	1357	27	28	2	3	2
1845	2122	35	37	3	4	2
1846	633	62	65	1	4	2
1847	542	53	56	3	2	2
1848	1609	9	12	3	5	2
1849	1745	1	4	1	2	1
1850	1497	52	53	1	5	2
1851	1191	14	15	3	5	2
1852	754	15	18	2	3	2
1853	1768	50	52	1	1	3
1854	1611	48	50	1	1	2
1855	1482	16	17	1	2	1
1856	130	48	50	2	2	2
1857	1109	2	3	1	2	1
1858	81	48	49	2	2	2
1859	1336	21	23	1	1	2
1860	1451	61	64	3	4	1
1861	611	16	17	3	1	1
1862	885	63	65	1	3	2
1863	610	10	12	3	2	2
1864	1607	29	30	3	3	1
1865	1963	35	36	1	4	2
1866	261	2	5	2	5	1
1867	2094	9	10	3	3	1
1868	1175	60	61	3	5	1
1869	1778	51	53	1	4	2
1870	1420	24	25	1	1	3
1871	136	8	11	1	1	3
1872	604	40	42	3	1	3
1873	1572	50	51	3	5	3
1874	69	31	34	3	4	2
1875	554	43	44	1	1	3
1876	1720	34	37	2	4	3
1877	59	48	51	1	3	2
1878	1639	61	62	2	2	2
1879	730	14	17	1	4	1
1880	57	29	32	3	2	2
1881	1929	5	8	3	5	2
1882	969	52	54	1	4	1
1883	1881	34	37	3	3	1
1884	703	5	8	3	4	2
1885	368	55	57	1	5	2
1886	846	5	8	3	3	2
1887	1653	45	47	1	1	2
1888	2131	54	56	3	1	2
1889	863	54	55	1	5	1
1890	152	45	47	1	3	1
1891	254	13	16	1	3	1
1892	1302	13	14	2	3	1
1893	2055	42	44	2	5	2
1894	1584	36	38	3	5	1
1895	314	35	38	1	5	3
1896	1271	56	57	3	3	1
1897	1468	22	24	1	4	1
1898	449	50	51	1	1	3
1899	2098	17	20	3	5	3
1900	1668	53	56	3	2	2
1901	776	39	42	3	2	1
1902	527	43	44	3	2	1
1903	1734	18	21	3	4	2
1904	1816	59	61	3	1	1
1905	1086	14	15	3	5	1
1906	1853	19	22	3	1	3
1907	422	52	54	1	3	1
1908	1712	65	67	3	3	2
1909	1041	14	16	1	2	2
1910	276	54	55	3	4	1
1911	185	3	6	3	3	1
1912	1387	25	27	1	4	2
1913	540	4	7	2	1	3
1914	1559	56	58	1	3	2
1915	1310	32	33	2	4	2
1916	155	48	50	1	4	1
1917	1758	29	31	2	5	3
1918	1647	49	51	3	1	1
1919	1340	3	5	1	2	2
1920	1882	39	42	1	1	1
1921	94	19	20	1	1	1
1922	1582	47	49	1	2	2
1923	999	17	20	2	5	1
1924	838	54	56	1	1	3
1925	937	60	61	3	2	1
1926	1397	4	7	2	3	1
1927	1488	49	50	3	2	2
1928	1128	58	60	1	2	2
1929	1770	62	64	2	3	1
1930	596	50	51	3	1	2
1931	1406	51	53	1	2	1
1932	1208	28	30	2	1	2
1933	1897	6	9	1	5	1
1934	968	7	8	3	5	2
1935	1634	13	14	1	5	2
1936	1332	25	27	3	2	2
1937	841	1	4	3	5	3
1938	2089	43	46	2	5	1
1939	395	50	52	3	1	2
1940	822	1	4	3	1	2
1941	1705	49	50	1	2	2
1942	173	22	25	2	1	2
1943	742	36	39	2	2	2
1944	1905	26	27	1	1	1
1945	1145	10	13	2	3	2
1946	1523	58	61	3	3	1
1947	1976	16	17	1	3	1
1948	613	2	5	2	2	2
1949	1108	49	50	1	5	1
1950	490	12	13	1	2	1
1951	750	11	13	1	5	1
1952	1005	42	45	1	5	3
1953	1813	53	56	2	1	2
1954	1071	14	17	1	5	1
1955	593	23	26	1	3	2
1956	2030	47	50	1	4	2
1957	1921	7	8	2	2	1
1958	102	20	21	3	4	2
1959	1183	49	52	1	5	3
1960	785	56	59	1	5	1
1961	1874	15	16	3	3	1
1962	1815	2	5	2	1	3
1963	1458	26	28	2	3	2
1964	1896	54	55	3	3	2
1965	1204	65	66	3	3	2
1966	1132	38	40	2	2	2
1967	1057	53	54	2	1	2
1968	412	7	10	2	1	2
1969	757	19	22	2	1	2
1970	30	10	12	3	4	2
1971	843	56	59	1	4	2
1972	253	32	33	2	3	1
1973	1766	43	46	3	2	2
1974	323	23	25	2	1	1
1975	21	55	57	2	3	1
1976	778	53	55	1	3	2
1977	1890	16	19	1	2	1
1978	1536	43	44	3	5	3
1979	717	37	40	2	5	2
1980	685	56	59	3	2	1
1981	943	2	3	1	4	3
1982	1870	37	39	3	2	2
1983	1564	61	63	3	4	2
1984	1340	14	16	2	1	3
1985	953	41	42	3	1	1
1986	817	19	20	1	3	1
1987	493	35	37	1	2	1
1988	461	54	57	1	1	1
1989	1868	35	38	2	5	1
1990	476	29	31	3	4	1
1991	1975	22	24	2	3	2
1992	952	54	56	3	3	1
1993	329	21	24	3	3	1
1994	295	58	61	2	1	3
1995	438	47	48	2	2	2
1996	55	63	66	3	4	3
1997	38	56	57	2	4	3
1998	1738	49	52	2	3	1
1999	985	30	31	3	1	2
2000	1848	18	21	2	5	1
2001	852	20	22	2	4	3
2002	117	37	38	3	4	2
2003	1073	24	27	2	1	1
2004	1154	48	51	3	3	2
2005	41	66	69	1	1	2
2006	2025	19	20	3	5	3
2007	934	43	45	1	1	2
2008	1158	24	26	1	1	1
2009	1931	66	68	1	4	2
2010	134	31	34	2	5	2
2011	1384	60	62	3	3	2
2012	1851	38	40	3	3	1
2013	1022	60	61	3	2	2
2014	1740	59	61	2	3	1
2015	2061	39	41	2	3	1
2016	386	2	5	1	5	3
2017	1299	48	50	1	3	2
2018	700	20	21	1	4	1
2019	769	2	5	2	2	1
2020	1486	26	27	3	5	1
2021	1308	41	44	3	4	3
2022	959	4	7	2	5	2
2023	573	33	36	2	2	1
2024	1474	13	14	1	1	2
2025	1525	14	15	2	5	3
2026	1776	51	53	3	4	1
2027	405	62	64	1	3	1
2028	1729	43	45	1	5	2
2029	592	28	31	2	3	2
2030	1919	45	46	3	3	1
2031	1637	18	19	2	2	1
2032	640	57	58	1	5	1
2033	319	51	53	2	2	1
2034	1542	34	37	2	1	3
2035	406	41	42	1	5	1
2036	1409	26	27	3	2	1
2037	2113	59	61	2	3	1
2038	1938	4	7	3	1	2
2039	365	3	4	2	2	2
2040	1698	21	22	1	5	3
2041	1773	15	16	1	2	1
2042	498	40	43	3	2	2
2043	45	66	68	2	1	2
2044	1152	6	9	2	3	1
2045	825	22	24	2	5	1
2046	1083	33	34	3	2	1
2047	688	3	5	1	3	1
2048	2123	12	14	2	4	2
2049	406	43	44	3	1	2
2050	364	50	51	2	1	1
2051	1419	64	65	1	3	1
2052	2137	52	54	1	5	3
2053	1531	33	36	2	5	1
2054	1298	18	20	2	1	1
2055	1021	59	61	2	4	3
2056	1070	4	7	3	1	2
2057	985	37	40	1	1	1
2058	2097	9	11	1	2	2
2059	1632	60	63	3	1	3
2060	366	8	11	1	2	2
2061	1873	53	54	1	4	1
2062	1716	54	57	1	2	1
2063	1934	58	59	1	3	2
2064	1877	67	69	1	4	3
2065	257	64	67	1	5	1
2066	1264	46	47	2	1	2
2067	1895	59	61	2	5	2
2068	1515	41	43	1	4	3
2069	657	11	13	3	3	2
2070	1664	31	33	1	2	1
2071	1669	42	45	3	2	2
2072	250	52	55	1	5	1
2073	1278	38	39	2	3	2
2074	1251	47	48	1	2	2
2075	2126	49	51	1	4	1
2076	343	46	48	2	1	3
2077	178	16	19	2	4	1
2078	1829	10	11	2	1	1
2079	1803	30	31	1	1	2
2080	827	7	10	2	3	2
2081	1553	28	30	1	3	1
2082	225	25	26	1	1	2
2083	1461	40	43	2	2	1
2084	282	38	41	2	5	3
2085	464	8	11	3	2	2
2086	369	43	44	1	1	2
2087	1841	33	35	2	3	1
2088	1569	44	46	3	1	1
2089	1424	61	63	3	4	1
2090	1499	36	38	1	5	1
2091	99	5	8	1	4	2
2092	68	25	27	3	4	1
2093	485	58	60	2	3	1
2094	1697	19	20	1	5	2
2095	189	66	67	2	3	1
2096	468	11	12	1	1	2
2097	1552	30	31	3	2	1
2098	982	31	32	1	1	2
2099	1421	29	30	3	2	1
2100	1731	38	41	1	1	2
2101	132	49	52	3	3	1
2102	2064	9	12	3	2	2
2103	305	15	17	3	3	2
2104	52	64	67	2	3	2
2105	456	33	34	1	4	1
2106	451	23	26	1	1	3
2107	1413	58	61	3	2	2
2108	60	21	23	3	3	1
2109	1996	14	16	1	1	3
2110	1193	52	53	3	4	2
2111	423	49	51	3	3	1
2112	840	10	12	3	3	2
2113	1327	22	23	3	2	2
2114	1465	17	20	1	3	2
2115	1110	58	60	3	2	1
2116	2033	4	5	2	2	1
2117	1795	36	39	1	1	1
2118	548	61	62	1	5	3
2119	1072	42	45	1	2	1
2120	1234	2	5	1	2	2
2121	1153	33	36	3	4	3
2122	400	6	9	2	4	3
2123	584	64	65	3	1	1
2124	1232	20	22	3	5	2
2125	1052	43	46	1	4	2
2126	1354	43	44	1	5	1
2127	25	64	65	1	2	2
2128	1600	63	64	2	1	1
2129	481	3	5	1	3	2
2130	1770	22	24	3	4	3
2131	947	55	57	2	4	3
2132	982	25	28	2	1	1
2133	1556	4	6	3	3	1
2134	47	41	44	1	2	1
2135	1987	17	19	3	2	2
2136	446	5	7	2	1	3
2137	622	50	53	3	2	2
2138	915	34	35	3	3	2
2139	1067	52	53	2	2	1
2140	1900	40	41	1	4	3
2141	2002	59	60	3	3	1
2142	321	66	68	2	1	3
2143	100	42	44	2	5	2
2144	167	32	35	2	1	3
2145	678	19	21	3	3	2
2146	1936	49	52	1	1	3
2147	702	27	29	3	4	2
2148	1049	7	10	3	3	2
2149	895	56	58	1	3	1
2150	197	21	22	3	3	1
2151	12	32	33	2	2	1
2152	856	26	29	2	1	2
2153	632	48	51	1	3	2
2154	1169	60	63	1	3	1
2155	825	60	62	1	1	2
2156	1528	29	32	3	3	2
2157	1019	16	19	3	4	1
2158	97	7	9	2	5	2
2159	1272	30	31	2	5	1
2160	696	30	31	2	4	1
2161	583	20	21	3	3	2
2162	1214	46	49	2	3	2
2163	761	36	37	2	2	2
2164	382	34	36	2	4	3
2165	1322	61	63	1	2	2
2166	1706	42	45	1	3	1
2167	1831	62	65	3	2	2
2168	1214	62	63	1	3	2
2169	1676	34	36	2	4	2
2170	1227	1	4	3	4	2
2171	1426	28	30	2	1	2
2172	119	44	46	3	5	2
2173	370	32	34	2	3	1
2174	340	57	60	3	5	3
2175	13	33	35	2	1	2
2176	797	45	46	3	3	1
2177	1561	7	8	1	4	1
2178	1355	21	23	2	4	3
2179	391	58	59	1	5	3
2180	1098	46	49	1	1	2
2181	2095	15	16	1	1	2
2182	311	6	9	2	4	3
2183	1591	2	5	3	4	2
2184	216	44	45	2	2	2
2185	711	34	37	2	5	2
2186	71	27	30	2	3	1
2187	1173	45	47	1	3	1
2188	76	36	39	1	1	3
2189	163	13	16	1	3	2
2190	2081	25	27	1	3	2
2191	1527	8	10	1	5	1
2192	553	13	14	3	3	1
2193	1289	22	23	3	1	1
2194	1544	66	67	1	4	3
2195	1858	31	32	3	2	2
2196	459	65	68	1	1	2
2197	308	3	5	3	2	1
2198	34	55	56	3	5	2
2199	1743	11	13	1	3	1
2200	998	7	9	1	1	3
2201	879	11	13	3	1	2
2202	1159	9	10	2	2	1
2203	1122	43	44	3	1	2
2204	1916	26	27	2	4	1
2205	1101	53	54	1	4	2
2206	1763	19	21	2	5	2
2207	814	3	6	1	2	2
2208	891	20	22	3	2	1
2209	1067	31	34	1	2	2
2210	704	64	66	2	1	3
2211	1736	18	21	3	4	1
2212	1856	9	12	3	5	1
2213	563	17	18	3	1	2
2214	1540	8	10	1	1	2
2215	1471	28	29	3	3	1
2216	736	52	53	1	1	1
2217	156	11	13	2	2	1
2218	1395	64	67	2	4	3
2219	1527	16	17	2	1	1
2220	777	36	38	1	2	1
2221	1978	4	6	3	1	3
2222	1896	52	54	1	2	2
2223	1989	44	46	2	1	3
2224	1185	45	47	1	4	3
2225	800	7	9	1	5	3
2226	426	49	52	2	2	2
2227	237	44	47	3	3	2
2228	748	8	10	2	2	2
2229	1847	60	63	2	5	1
2230	1237	28	31	3	2	2
2231	556	41	43	2	5	2
2232	546	54	57	3	1	3
2233	199	60	61	2	2	2
2234	410	25	26	3	5	2
2235	1640	27	30	1	3	2
2236	1926	22	24	2	5	3
2237	1088	29	31	1	1	1
2238	1048	7	10	3	5	1
2239	605	13	15	1	3	1
2240	330	4	6	2	1	3
2241	232	20	23	1	5	1
2242	46	48	49	1	2	1
2243	1520	39	41	3	1	2
2244	768	35	37	2	2	2
2245	1754	60	63	3	4	2
2246	1774	34	37	2	5	3
2247	1080	53	56	3	3	1
2248	1927	39	40	1	2	1
2249	421	52	55	2	1	1
2250	482	21	22	3	2	2
2251	376	35	36	3	5	1
2252	1679	55	57	1	4	2
2253	1026	57	59	2	1	1
2254	452	45	47	1	2	1
2255	500	7	10	3	1	3
2256	5	25	26	2	3	2
2257	478	7	9	2	4	2
2258	660	15	17	1	4	2
2259	1385	42	43	1	3	1
2260	62	31	32	1	3	2
2261	316	10	12	1	2	1
2262	256	36	38	1	1	2
2263	359	24	27	2	5	2
2264	201	21	23	3	1	3
2265	2016	35	37	2	3	2
2266	652	8	10	2	5	2
2267	2075	56	59	2	3	2
2268	1613	62	65	3	3	1
2269	663	25	27	1	1	1
2270	2038	11	13	1	3	1
2271	2079	49	50	2	1	1
2272	1998	57	59	2	4	3
2273	495	34	37	2	1	2
2274	796	19	21	2	1	3
2275	1129	53	54	3	1	3
2276	1239	19	20	2	1	2
2277	40	23	26	2	3	2
2278	140	40	43	1	5	1
2279	1522	16	19	2	2	1
2280	1181	21	22	3	4	2
2281	1160	42	43	1	1	1
2282	1792	49	50	1	2	1
2283	222	26	29	3	5	3
2284	212	22	24	1	2	1
2285	595	26	29	1	4	2
2286	872	20	21	3	4	3
2287	514	24	27	2	4	3
2288	1079	48	50	3	1	2
2289	1346	15	16	2	5	3
2290	903	46	49	1	1	2
2291	1464	62	64	1	1	1
2292	1313	39	41	2	4	2
2293	111	67	68	1	1	1
2294	1216	11	14	1	4	1
2295	1467	23	24	3	4	3
2296	821	45	46	3	3	1
2297	1112	42	44	3	1	1
2298	2009	52	53	2	5	1
2299	1984	44	46	2	3	2
2300	457	9	12	2	4	2
2301	1277	4	5	2	5	2
2302	1505	45	48	2	3	1
2303	1419	54	55	1	2	2
2304	339	30	32	1	5	2
2305	1366	10	11	2	5	3
2306	1213	64	67	2	2	2
2307	1889	12	15	3	5	1
2308	668	18	19	1	4	3
2309	1806	64	65	1	1	3
2310	847	52	53	2	1	3
2311	159	43	45	2	4	1
2312	1615	21	24	3	4	1
2313	1977	58	60	3	1	3
2314	1526	15	16	2	1	1
2315	477	64	67	1	5	1
2316	1475	17	19	2	3	1
2317	270	66	68	2	4	2
2318	1074	2	5	3	2	1
2319	2072	35	38	3	3	1
2320	1948	59	60	1	5	2
2321	458	7	8	2	5	2
2322	2082	25	28	1	4	1
2323	1060	11	14	2	1	3
2324	1454	39	40	1	4	3
2325	103	29	31	3	2	2
2326	220	50	51	2	5	1
2327	1490	60	63	2	1	1
2328	2053	59	60	1	5	3
2329	1962	40	43	3	1	1
2330	1915	58	59	3	2	1
2331	1533	33	35	2	4	3
2332	1943	33	36	2	4	3
2333	1822	46	48	2	4	3
2334	332	5	6	1	2	1
2335	499	18	21	3	5	1
2336	1446	42	43	3	3	1
2337	899	63	65	1	5	2
2338	883	54	55	1	2	2
2339	728	48	51	3	4	2
2340	1228	27	30	1	1	1
2341	2013	24	25	2	4	2
2342	84	55	58	3	1	1
2343	739	33	34	1	3	2
2344	1046	39	40	2	5	1
2345	764	38	41	3	5	1
2346	93	63	65	1	5	3
2347	824	36	39	1	3	2
2348	669	19	22	2	2	2
2349	2112	19	21	3	3	2
2350	762	8	10	3	2	1
2351	1052	15	17	3	5	3
2352	881	56	57	3	2	1
2353	794	12	15	2	2	1
2354	1049	63	64	1	1	3
2355	207	19	21	1	2	1
2356	820	40	43	1	5	1
2357	228	23	24	2	5	1
2358	706	40	43	3	2	1
2359	1018	65	67	3	1	1
2360	325	28	30	1	5	1
2361	266	19	22	3	1	1
2362	541	23	24	3	5	2
2363	1876	23	26	1	1	1
2364	803	61	64	1	2	2
2365	972	30	33	1	1	3
2366	1037	20	21	3	5	2
2367	792	29	30	1	2	1
2368	1363	28	31	2	3	1
2369	424	58	59	3	4	3
2370	857	6	7	1	3	2
2371	1299	6	8	1	1	2
2372	1638	56	59	2	2	2
2373	995	63	66	3	1	2
2374	145	52	55	3	3	2
2375	967	53	55	2	4	3
2376	743	29	30	2	5	3
2377	984	55	56	1	2	2
2378	302	14	17	1	4	3
2379	1603	3	5	2	4	2
2380	815	36	37	3	5	2
2381	1371	55	57	3	3	1
2382	375	54	57	2	5	3
2383	1421	52	55	3	1	3
2384	1456	37	39	2	2	1
2385	990	18	19	3	5	3
2386	299	23	26	1	3	2
2387	771	48	51	2	5	1
2388	1253	4	5	3	1	2
2389	1914	36	39	3	5	2
2390	334	44	47	2	4	2
2391	889	38	39	3	5	1
2392	1875	48	51	3	3	2
2393	1125	25	28	2	5	1
2394	1270	47	50	3	1	2
2395	1023	21	24	3	4	2
2396	1702	67	68	2	4	3
2397	127	21	24	3	3	2
2398	447	59	60	3	5	1
2399	655	62	64	2	4	2
2400	1479	37	40	1	4	2
2401	1320	60	63	3	2	2
2402	673	24	26	2	3	2
2403	11	32	33	1	4	1
2404	886	34	36	2	4	2
2405	409	58	59	1	5	2
2406	1864	26	27	2	3	2
2407	23	65	67	1	5	3
2408	1887	23	24	2	2	1
2409	1111	35	36	2	4	2
2410	1342	47	49	2	3	2
2411	1265	47	50	1	4	2
2412	1889	26	28	1	2	2
2413	425	8	10	2	2	2
2414	1252	64	65	1	3	1
2415	2125	48	50	2	1	1
2416	317	48	49	2	5	2
2417	1518	3	6	1	1	1
2418	1724	62	63	2	1	3
2419	1155	27	29	3	4	1
2420	322	29	32	3	2	1
2421	486	44	47	3	1	1
2422	1696	61	64	3	5	3
2423	894	50	52	2	2	2
2424	1096	59	61	2	1	2
2425	1024	31	34	1	3	2
2426	1065	15	16	3	2	2
2427	1279	24	25	2	1	2
2428	67	28	29	1	4	3
2429	909	7	8	1	4	1
2430	1335	2	5	1	3	2
2431	2030	9	12	2	2	1
2432	931	48	51	3	4	3
2433	1605	21	24	2	5	1
2434	203	65	66	3	4	2
2435	977	50	51	2	3	1
2436	159	13	14	3	3	1
2437	1988	1	3	1	5	1
2438	1382	30	31	1	2	2
2439	763	48	50	2	5	1
2440	1363	9	11	2	4	1
2441	280	55	56	2	4	2
2442	1266	36	39	3	1	3
2443	341	59	60	3	4	3
2444	905	9	10	1	5	1
2445	2039	65	68	2	2	2
2446	262	40	42	1	4	3
2447	781	44	45	2	3	2
2448	53	42	44	3	3	1
2449	888	44	45	1	3	2
2450	1051	35	36	1	4	1
2451	1806	18	19	2	4	3
2452	1376	60	62	3	1	2
2453	765	58	60	3	5	2
2454	1015	61	62	2	3	2
2455	1737	35	37	2	5	1
2456	1165	37	39	3	1	2
2457	1923	21	23	3	4	2
2458	642	4	5	3	5	3
2459	1614	54	55	1	1	2
2460	933	34	37	3	3	2
2461	1694	30	31	1	2	1
2462	1504	22	25	3	3	1
2463	1393	3	6	3	2	2
2464	674	28	30	3	4	1
2465	168	49	51	3	4	1
2466	390	65	67	2	1	2
2467	183	60	61	1	3	1
2468	858	26	27	1	2	2
2469	210	43	44	2	4	1
2470	1184	60	63	2	3	2
2471	1570	56	57	2	1	1
2472	689	58	59	1	3	2
2473	1835	47	49	3	4	3
2474	1790	46	47	1	5	2
2475	774	53	55	1	2	1
2476	1879	9	11	2	4	2
2477	1062	19	22	1	1	1
2478	971	58	61	3	5	2
2479	1256	25	27	3	5	2
2480	1892	15	18	3	2	2
2481	1791	16	17	3	3	2
2482	1779	38	39	1	5	3
2483	415	39	41	3	5	3
2484	1333	26	28	3	2	1
2485	1715	2	5	1	2	2
2486	1576	54	55	2	2	1
2487	1164	47	48	3	3	2
2488	837	40	42	3	4	1
2489	1852	9	10	2	1	1
2490	1087	35	36	1	4	1
2491	358	21	23	3	2	2
2492	713	31	34	3	5	3
2493	1949	5	7	3	3	2
2494	1578	28	30	3	3	1
2495	665	3	5	1	3	1
2496	737	43	46	1	2	1
2497	1650	9	12	1	1	1
2498	2111	17	20	2	1	3
2499	87	55	58	2	2	2
2500	1033	10	12	2	1	1

