DATASET = ORTEC-hidden instance set VeRoLog competition
NAME = tools over distance over vehicle days over vehicles with 2500 requests over 75 days

DAYS = 75
CAPACITY = 50
MAX_TRIP_DISTANCE = 17000
DEPOT_COORDINATE = 0

VEHICLE_COST = 1
VEHICLE_DAY_COST = 5000
DISTANCE_COST = 300000

TOOLS = 2
1	15	98	20000000
2	15	112	30000000

COORDINATES = 2193
0	7410	5448
1	9080	6131
2	7904	6140
3	8838	6142
4	6617	7532
5	9133	6146
6	5534	6148
7	4347	6152
8	9361	6153
9	8409	6157
10	7946	6158
11	7388	6160
12	7392	6161
13	9327	6163
14	9067	6166
15	8655	6170
16	9134	6173
17	3666	6175
18	8677	8142
19	9144	6183
20	7682	6193
21	7086	6195
22	8172	6195
23	7642	6198
24	8831	6201
25	8126	6205
26	7470	6207
27	3979	5133
28	6031	8149
29	8929	6147
30	8957	6233
31	7618	6237
32	8805	6237
33	3943	4146
34	6264	6241
35	3500	6242
36	8390	4733
37	4148	6243
38	9491	6245
39	8853	6246
40	6373	6250
41	7231	6257
42	7870	6264
43	8447	6267
44	7526	6281
45	6371	6283
46	4320	6284
47	6046	6301
48	3881	4157
49	8183	6309
50	8247	6309
51	7864	6313
52	5985	6320
53	8157	6164
54	4112	6330
55	6794	6331
56	7737	6338
57	7846	6340
58	8445	6343
59	7539	6344
60	6700	6347
61	8208	4163
62	6788	6348
63	9472	6167
64	8547	6356
65	3939	6380
66	8478	6380
67	3479	6391
68	6329	6398
69	8518	6398
70	8647	6413
71	6909	6430
72	7399	6437
73	8310	6446
74	8599	6447
75	6852	6456
76	8240	6457
77	7928	6470
78	8173	6477
79	6142	6480
80	3845	6487
81	7809	6191
82	3366	6496
83	4043	6498
84	9497	6011
85	8445	6519
86	7909	6520
87	3351	6528
88	8385	6532
89	8212	6547
90	7500	6549
91	8680	6552
92	4220	6559
93	3754	6559
94	6748	6560
95	7423	6562
96	5537	6577
97	7941	6577
98	7461	6589
99	7863	6590
100	7548	6593
101	8197	6594
102	4032	6597
103	8441	6600
104	8663	6602
105	8080	6605
106	3780	6613
107	7125	6613
108	7666	6614
109	7193	6620
110	6741	6622
111	3341	6625
112	8268	6629
113	8691	6632
114	7055	6633
115	4415	4211
116	3543	6639
117	3667	6639
118	8587	6639
119	8616	6645
120	4055	6650
121	7888	6657
122	8669	6661
123	8631	6669
124	7699	6674
125	4066	6676
126	8062	6679
127	8716	6680
128	3725	6686
129	4284	6224
130	7022	6693
131	5746	6703
132	8111	6709
133	8605	6228
134	7186	8233
135	3567	6727
136	3680	6730
137	7726	6734
138	3737	4228
139	8479	6736
140	8504	6736
141	8701	6741
142	6488	6744
143	3692	6750
144	3508	6757
145	7192	6757
146	6534	6760
147	8625	6763
148	4130	6766
149	4214	6767
150	3893	6770
151	6325	2231
152	8550	6776
153	7688	6780
154	4114	6784
155	3330	6790
156	3645	6792
157	3708	4752
158	7574	6812
159	8205	6813
160	7125	6814
161	3446	6818
162	6875	6823
163	4218	6830
164	8661	6836
165	7129	6837
166	8479	6842
167	3492	6847
168	3847	6851
169	8351	6852
170	7717	6857
171	4585	6863
172	4663	6866
173	8758	6876
174	6932	6883
175	8681	6885
176	8117	6888
177	3885	6890
178	8389	6898
179	5019	2754
180	4198	6903
181	9547	6913
182	7820	6916
183	4633	6922
184	3985	6932
185	8750	6934
186	9459	6941
187	5974	6943
188	4007	6944
189	7458	6946
190	7462	6948
191	7598	6267
192	7481	6950
193	7531	6959
194	3957	4266
195	8730	6960
196	8023	6961
197	9024	6963
198	6777	6969
199	5566	8337
200	8214	6987
201	8144	6988
202	8725	6989
203	7550	6992
204	6907	7012
205	4240	7014
206	7844	7020
207	7855	7021
208	3916	5560
209	4277	7026
210	7729	7027
211	3541	7028
212	6395	4278
213	7672	7035
214	6939	8236
215	8743	7048
216	3928	7052
217	9362	7055
218	6554	7059
219	4319	4284
220	4795	7071
221	3982	7074
222	6886	7074
223	6458	7074
224	3995	7081
225	7533	7091
226	8742	7094
227	7981	7095
228	7848	7096
229	7747	7100
230	7642	7100
231	7533	8296
232	5886	7106
233	4528	2361
234	4419	7115
235	7706	7115
236	7153	7116
237	7699	7120
238	4598	7130
239	8903	7132
240	6879	8302
241	6744	7140
242	8491	7142
243	8256	7153
244	7784	7157
245	8665	7168
246	4779	3964
247	8764	7171
248	4181	7175
249	6903	7177
250	6782	7177
251	7324	7180
252	7562	7181
253	8991	7182
254	4491	7183
255	7121	7183
256	3511	7189
257	7493	7196
258	6726	7197
259	3882	7199
260	8875	7199
261	3936	7201
262	7497	7202
263	9326	7209
264	7101	8315
265	4266	7217
266	4244	7221
267	7424	7221
268	4032	7222
269	3902	7225
270	7757	7228
271	9179	7229
272	8016	7231
273	6839	7232
274	4147	7233
275	8582	7233
276	4534	7234
277	6153	4367
278	4074	7243
279	8562	7246
280	7443	7253
281	4102	7253
282	8798	7261
283	4913	7263
284	8387	7264
285	7980	4316
286	4140	7267
287	8542	7267
288	7385	7270
289	7388	7274
290	4458	7277
291	8205	7278
292	6694	7279
293	7447	7281
294	4746	2320
295	3808	7307
296	7170	7971
297	6778	7311
298	8546	4325
299	9266	7320
300	6998	7323
301	7793	7324
302	8018	7325
303	8054	7326
304	3746	7327
305	6622	7329
306	7400	7331
307	4965	4328
308	4521	7332
309	8166	7335
310	8524	7336
311	9425	7345
312	3490	7346
313	8048	7348
314	3899	7350
315	6586	7353
316	3845	7358
317	7852	7359
318	7332	7359
319	8742	7367
320	7160	8774
321	5094	4335
322	6540	7380
323	6382	7381
324	9266	8345
325	7276	7401
326	8351	7401
327	8050	7403
328	6784	8347
329	7767	7419
330	6971	7422
331	3810	7428
332	6494	7576
333	3928	4348
334	8328	7461
335	7965	8356
336	9561	7469
337	8652	7474
338	8096	7476
339	6588	7487
340	3645	7488
341	6845	7488
342	6941	7490
343	6403	7511
344	9420	7511
345	8259	7513
346	6486	7515
347	3775	7520
348	4165	4360
349	6795	7530
350	9331	7531
351	6649	7536
352	8781	7536
353	6030	7537
354	3680	7538
355	6530	7539
356	3542	7541
357	7038	7545
358	6533	7549
359	8056	8372
360	6766	7557
361	2418	4366
362	6595	7558
363	9299	7563
364	3785	7564
365	5696	7980
366	9315	7569
367	3733	7572
368	8770	7573
369	8641	4370
370	4310	4372
371	5984	8261
372	3920	7601
373	7823	7601
374	7913	7601
375	6389	7609
376	8553	7610
377	6194	7618
378	7529	7621
379	4336	6380
380	5707	7628
381	6507	7633
382	7974	7642
383	8470	7647
384	7716	7647
385	7264	7649
386	8519	7654
387	7994	7657
388	5698	7661
389	8035	7667
390	5729	7678
391	7570	7679
392	9475	7692
393	3542	7699
394	7525	7701
395	9723	8785
396	3533	7705
397	7206	4390
398	5358	7712
399	8374	7715
400	5980	7715
401	6290	7720
402	7523	7720
403	8572	7723
404	7196	7725
405	7121	7727
406	5921	7729
407	5429	7731
408	6460	7731
409	5816	7731
410	5340	7733
411	8410	7741
412	4498	7743
413	5856	7751
414	8167	7751
415	7102	7752
416	6699	7756
417	6682	8406
418	6472	7765
419	3922	4402
420	3624	4403
421	7108	7792
422	6763	7802
423	6769	7808
424	8362	7816
425	7986	7816
426	6816	7820
427	5683	7826
428	6877	7862
429	4425	4412
430	5274	7852
431	6582	7853
432	4172	7856
433	4142	7867
434	6934	7869
435	3700	2414
436	9143	7872
437	6036	7875
438	9645	7886
439	7453	7888
440	9670	8427
441	7192	7889
442	7400	7892
443	5790	7900
444	5370	7907
445	4654	4425
446	6012	7928
447	8763	7932
448	9879	7932
449	6935	7937
450	8259	7937
451	2412	4430
452	5399	7944
453	8872	7950
454	4328	7959
455	7477	7966
456	6014	7968
457	5856	4434
458	7174	7974
459	7422	7978
460	5995	7984
461	8213	7984
462	7514	7992
463	7949	7995
464	5335	7996
465	6603	7997
466	6902	7999
467	4297	4441
468	5399	8015
469	8219	8022
470	7764	8026
471	6213	8032
472	8324	8034
473	6115	8035
474	5851	8040
475	5448	8042
476	5489	8048
477	6888	8051
478	3539	8057
479	6120	8058
480	7590	8074
481	8891	8458
482	5543	8082
483	6237	8087
484	7667	8088
485	7932	8461
486	3704	5196
487	5866	7998
488	7712	8093
489	6911	8098
490	7114	8098
491	8143	8099
492	9628	8103
493	6539	8109
494	7128	8116
495	6456	8121
496	4999	4459
497	7077	8124
498	6210	8134
499	7278	8135
500	6023	3996
501	6143	8471
502	7561	8156
503	6920	8157
504	6904	8161
505	5920	3197
506	8904	8171
507	9332	8172
508	8492	8184
509	8097	5142
510	5695	8198
511	6690	8200
512	7301	8204
513	8825	5199
514	7359	8217
515	8979	8228
516	7180	8231
517	6615	8231
518	7755	8233
519	6472	8233
520	8683	8236
521	4170	4479
522	6842	8246
523	6278	8249
524	6326	8250
525	5920	8251
526	7715	8261
527	6896	8263
528	5329	8490
529	5492	8268
530	5746	8277
531	8776	8277
532	5444	8278
533	7106	8288
534	7576	8293
535	7753	8293
536	6962	8296
537	7501	8298
538	7187	8299
539	5650	8301
540	6537	8302
541	6810	8318
542	5371	8319
543	7174	8333
544	6879	8342
545	7752	8348
546	7840	8349
547	5346	8350
548	2549	4498
549	9335	8353
550	7666	8357
551	7722	8360
552	9351	8361
553	7696	8506
554	8928	8369
555	7616	8378
556	4017	6506
557	7890	8386
558	3673	8387
559	8093	8389
560	9773	8392
561	5600	8401
562	6636	8401
563	3823	8403
564	5341	4406
565	7756	8405
566	7619	8407
567	7212	8514
568	7302	8419
569	8200	8422
570	6372	3525
571	7406	8426
572	3837	8432
573	6334	8437
574	5470	8452
575	7839	4515
576	5729	8460
577	7396	8471
578	7501	8473
579	4094	5209
580	5985	8479
581	6018	8485
582	8887	8486
583	7814	8487
584	8754	8488
585	6269	8490
586	5786	8497
587	7709	8502
588	7882	8504
589	5904	8506
590	5873	8508
591	7741	8510
592	8271	8512
593	7239	8532
594	7856	8515
595	6865	8516
596	7834	8517
597	7714	8518
598	7092	8522
599	6834	8524
600	5361	8528
601	6557	8534
602	6874	8534
603	8152	8539
604	5572	8542
605	6223	8542
606	6141	8557
607	6217	8559
608	6679	8539
609	7485	8570
610	6354	8578
611	6814	8582
612	8243	4536
613	6296	8596
614	7622	8608
615	8478	8612
616	6109	8620
617	6166	8621
618	7792	8621
619	9828	8623
620	8534	8624
621	6454	8626
622	7446	8632
623	3940	8635
624	4177	2541
625	7794	8637
626	8441	8637
627	8655	8639
628	9270	8647
629	8069	8649
630	6305	8656
631	7520	8657
632	7753	8668
633	5862	8558
634	5651	8671
635	6799	8559
636	6937	8678
637	9267	8678
638	5634	8686
639	9861	8690
640	8492	6557
641	6262	8696
642	5727	8697
643	6897	8699
644	5966	8707
645	5961	8710
646	5914	8715
647	6386	8717
648	6742	8724
649	6465	8726
650	3910	8726
651	5664	8727
652	7152	8731
653	9405	8733
654	7540	8738
655	8984	8738
656	6943	8752
657	5992	2562
658	7360	8765
659	5441	8773
660	7480	8774
661	5497	8783
662	5415	8784
663	8074	8793
664	5697	8795
665	5738	8797
666	8020	8806
667	4972	4574
668	7615	8811
669	5702	8816
670	8947	6020
671	6669	8828
672	8103	8828
673	7525	8833
674	7539	8840
675	5861	8851
676	6941	8852
677	7106	8854
678	6446	8859
679	7589	8862
680	7056	8868
681	6068	8870
682	9402	8874
683	5944	8875
684	8383	4585
685	7293	8881
686	6243	8898
687	9854	8897
688	7394	8902
689	5568	8909
690	5875	8909
691	8907	8917
692	6103	8919
693	6028	8920
694	4199	4593
695	5595	8931
696	5714	8936
697	6765	8939
698	8646	4595
699	7814	8948
700	9469	8949
701	5829	8949
702	8753	8949
703	7851	8953
704	8630	8956
705	7308	8962
706	9782	8970
707	7529	8971
708	7502	8971
709	8801	8973
710	9179	8986
711	7735	9001
712	7100	9003
713	7330	9006
714	7751	9013
715	7955	9014
716	7888	9019
717	7925	9021
718	7965	9022
719	6250	8616
720	7981	9027
721	5624	9028
722	7661	9031
723	5726	9032
724	9656	9039
725	7862	9053
726	8201	9064
727	7713	9066
728	5694	9067
729	5791	9069
730	7492	9078
731	7931	9079
732	5600	9085
733	5171	4620
734	7731	9087
735	6334	9087
736	5792	9089
737	2658	4622
738	6446	9097
739	6827	9099
740	8214	9108
741	9254	9110
742	9573	9115
743	6860	9116
744	6890	9127
745	2474	4430
746	8335	9133
747	6401	9142
748	6361	9149
749	7368	9150
750	7291	9166
751	8586	9168
752	6233	9170
753	8269	9174
754	7318	9176
755	9737	8641
756	7535	9181
757	5856	9182
758	6680	9184
759	7661	9185
760	6815	9186
761	6150	9188
762	6398	9190
763	4564	2635
764	7455	9202
765	8384	9213
766	8738	9215
767	5159	3632
768	6685	9223
769	7915	9224
770	7537	4643
771	8625	9230
772	8967	9242
773	6554	9244
774	7384	9244
775	8041	9246
776	7326	9246
777	7176	9253
778	7909	9254
779	7468	9256
780	6916	9258
781	6830	9260
782	7966	9261
783	7926	9267
784	8861	9268
785	7879	9275
786	3816	6656
787	7471	9282
788	8683	9283
789	7170	9290
790	8732	9290
791	9272	9298
792	8272	9304
793	7994	9307
794	8064	9311
795	7464	9323
796	7968	4659
797	9006	9326
798	6892	9328
799	6725	9329
800	8754	9332
801	8207	6664
802	6462	9336
803	9212	9338
804	9096	9341
805	7116	9342
806	6921	9347
807	8541	9347
808	6973	9360
809	9051	9362
810	9347	9362
811	8624	9374
812	6478	9378
813	8285	8677
814	8668	9392
815	4579	2668
816	3681	6676
817	7093	9401
818	6207	9409
819	8389	9414
820	9059	9415
821	6755	9423
822	8691	9427
823	8593	9433
824	7898	9435
825	8580	9450
826	6681	9464
827	8886	9466
828	6162	8690
829	6592	9468
830	8505	9468
831	8418	9476
832	6914	9480
833	9152	9482
834	6718	9487
835	6758	9490
836	7784	9501
837	7171	9503
838	6809	9513
839	8427	4693
840	9123	9525
841	7001	9525
842	8602	9527
843	6941	9533
844	8229	9556
845	7234	9568
846	8997	9575
847	8394	9583
848	8286	9586
849	6872	9595
850	8057	9613
851	8495	9631
852	8187	9634
853	7085	9637
854	6765	9647
855	5037	9648
856	5076	9654
857	8520	9654
858	8167	9657
859	7222	8723
860	5105	9672
861	4126	5249
862	3790	5249
863	7412	9719
864	6187	8737
865	8752	9765
866	2764	2731
867	8632	9780
868	9065	9787
869	8847	9789
870	6458	2742
871	6001	9840
872	6264	9855
873	8337	4748
874	4752	4751
875	6453	9874
876	3704	6761
877	3502	2757
878	9083	5657
879	7417	4764
880	3975	7680
881	7802	6058
882	7402	9981
883	7542	4769
884	7371	9995
885	7638	8782
886	3495	2776
887	5964	2861
888	8620	4801
889	7395	8678
890	6884	6807
891	7939	6818
892	4186	2814
893	5743	8826
894	7520	4820
895	8467	6833
896	7035	2843
897	5429	4855
898	8392	4875
899	650	2864
900	6913	8480
901	6552	8875
902	3854	4869
903	5827	2877
904	7609	4875
905	6948	8681
906	8786	4882
907	8626	8899
908	5153	5285
909	8746	4905
910	6503	2902
911	7312	6922
912	7304	2919
913	8748	4931
914	4046	2933
915	5003	2890
916	7774	6094
917	8490	6947
918	7862	8956
919	3972	4950
920	4028	6956
921	5910	2950
922	7076	2956
923	3892	2958
924	5996	2959
925	6675	8971
926	3828	4976
927	5299	4978
928	4079	6984
929	7025	4981
930	5805	2980
931	8627	4988
932	8308	6105
933	9142	7004
934	7724	6506
935	3954	5008
936	3849	5010
937	8134	7016
938	7952	9021
939	8817	5014
940	7860	5017
941	5610	5022
942	4196	7026
943	8997	7028
944	4766	7035
945	5960	5031
946	5636	3031
947	6191	3035
948	8404	5046
949	3885	4115
950	4181	7060
951	7780	9066
952	9030	5073
953	4356	4520
954	3231	5078
955	4060	7084
956	4655	3083
957	4252	7094
958	7342	5098
959	6648	0
960	3968	5112
961	6677	3113
962	4039	5120
963	8168	4127
964	6395	66
965	7711	5120
966	6233	70
967	6355	73
968	8081	9128
969	6454	82
970	5431	5123
971	6504	3121
972	6259	101
973	3966	4530
974	6717	115
975	6519	115
976	4539	3129
977	6417	142
978	5409	3131
979	6470	167
980	7327	5139
981	8043	5142
982	6530	203
983	6502	226
984	6496	9339
985	6809	6537
986	3622	7163
987	6668	306
988	4831	3157
989	6451	319
990	6443	319
991	9085	5164
992	6710	348
993	6415	9175
994	7560	4370
995	8643	7175
996	4380	4539
997	6612	396
998	7015	397
999	7048	9184
1000	6535	409
1001	6878	7742
1002	6734	432
1003	6604	8213
1004	6208	447
1005	6592	469
1006	4867	3186
1007	6336	483
1008	7854	5195
1009	3648	5196
1010	4712	3193
1011	8374	9204
1012	6930	3196
1013	5264	5362
1014	8064	5203
1015	6274	585
1016	3641	5210
1017	2923	3215
1018	8296	5221
1019	8470	9232
1020	6560	718
1021	3986	3226
1022	5504	3227
1023	7131	5238
1024	9052	7245
1025	6828	811
1026	3324	3241
1027	8498	9254
1028	9333	5253
1029	7375	8616
1030	6275	872
1031	9576	9265
1032	6429	911
1033	6120	3262
1034	5312	3263
1035	8542	7276
1036	5356	3272
1037	5236	3273
1038	6772	1021
1039	7347	9287
1040	6507	9292
1041	8009	5287
1042	3462	7300
1043	4619	6966
1044	3519	4164
1045	2942	4966
1046	8654	9315
1047	3574	3305
1048	7284	9321
1049	7399	9323
1050	8447	4967
1051	8525	9327
1052	6903	1317
1053	6774	1324
1054	6936	3326
1055	3843	7337
1056	6991	1359
1057	6613	1371
1058	7218	9346
1059	8697	5342
1060	9266	9352
1061	7065	5347
1062	7140	1438
1063	7161	5350
1064	3850	7359
1065	4207	3355
1066	2993	4976
1067	5603	3361
1068	6937	1551
1069	7046	5372
1070	6692	1590
1071	6486	1602
1072	3509	7380
1073	8730	5379
1074	6203	1627
1075	7397	7981
1076	6335	1636
1077	6399	1647
1078	6208	1653
1079	6470	1667
1080	6246	1677
1081	7614	5392
1082	6821	9401
1083	6418	1717
1084	5571	3397
1085	6961	1751
1086	6840	1753
1087	6236	1765
1088	1426	1775
1089	1267	3404
1090	6550	9414
1091	7068	1797
1092	7910	5409
1093	6383	1805
1094	6841	1813
1095	3993	3409
1096	2943	2779
1097	5762	1839
1098	7105	1845
1099	8114	5418
1100	6817	1872
1101	67	1875
1102	7149	1876
1103	3769	5390
1104	6810	1889
1105	6488	1892
1106	5847	1908
1107	6550	1915
1108	5718	1925
1109	6511	1935
1110	6401	1936
1111	8884	6191
1112	1385	1953
1113	6503	1958
1114	5463	1959
1115	5375	1970
1116	8166	5438
1117	5884	1980
1118	5166	1982
1119	5492	1989
1120	6385	2006
1121	6671	2014
1122	5226	2015
1123	4428	5445
1124	8587	5449
1125	1909	2058
1126	4703	2075
1127	5719	2086
1128	850	2096
1129	83	2099
1130	6099	2108
1131	5119	2120
1132	26	2121
1133	1872	2133
1134	4656	4197
1135	5400	2137
1136	6059	2157
1137	1548	2169
1138	4618	2175
1139	4845	2184
1140	4763	2195
1141	320	2201
1142	6296	2204
1143	5843	2208
1144	7531	4599
1145	6309	2221
1146	6104	2234
1147	5400	2244
1148	6238	2247
1149	4846	2257
1150	4651	2260
1151	5294	2264
1152	4787	2285
1153	5089	2297
1154	4809	2300
1155	5035	2301
1156	6310	2325
1157	9061	9503
1158	4889	2333
1159	5002	2339
1160	9166	5499
1161	6418	2339
1162	5057	2344
1163	2043	2355
1164	5098	2365
1165	4954	2367
1166	4879	2379
1167	6841	7511
1168	6813	5510
1169	6393	2407
1170	4642	2410
1171	7542	5511
1172	4672	2416
1173	6342	2417
1174	5501	2432
1175	3599	4224
1176	2022	2469
1177	3200	2471
1178	9553	5809
1179	3960	2492
1180	3319	2493
1181	6790	2499
1182	6277	2503
1183	4109	2504
1184	6519	7987
1185	4180	7533
1186	6208	2519
1187	2454	2523
1188	3286	2524
1189	5081	2533
1190	6229	2535
1191	5026	2543
1192	4968	2559
1193	6086	3532
1194	6591	2566
1195	3331	2575
1196	3917	2575
1197	4674	2608
1198	5622	3812
1199	2451	2615
1200	4600	2627
1201	3318	2635
1202	773	2637
1203	4674	2648
1204	2812	2650
1205	2845	2653
1206	6764	2653
1207	6644	2664
1208	4863	2665
1209	4106	2668
1210	3459	2671
1211	6942	2673
1212	2510	2674
1213	4702	2674
1214	8671	7558
1215	6427	2679
1216	3271	2680
1217	5047	2681
1218	6219	2688
1219	3404	2689
1220	6872	2690
1221	5661	2702
1222	2608	2705
1223	4821	2707
1224	3881	2708
1225	2691	2712
1226	6750	2718
1227	6225	2721
1228	7558	5565
1229	3391	2737
1230	2841	2740
1231	8700	5565
1232	3706	2740
1233	7417	7569
1234	3539	2746
1235	2895	2747
1236	5484	3567
1237	2893	2770
1238	5148	2770
1239	683	2771
1240	4629	2774
1241	5069	2778
1242	4703	2784
1243	4254	2785
1244	6165	2787
1245	4137	2790
1246	4802	2792
1247	2934	2794
1248	3165	2796
1249	4660	2812
1250	256	2814
1251	5836	2819
1252	7645	7583
1253	4278	2826
1254	430	2835
1255	4673	2836
1256	4947	2844
1257	6632	2846
1258	5728	2846
1259	2481	2854
1260	5393	2854
1261	6469	2855
1262	5408	2857
1263	5402	2862
1264	5420	2863
1265	2482	2868
1266	3084	2878
1267	4829	2888
1268	3327	2890
1269	2377	2891
1270	300	2895
1271	4173	2899
1272	3962	2900
1273	2505	2903
1274	2335	2903
1275	669	2908
1276	3895	2915
1277	2512	2917
1278	485	2932
1279	2517	2932
1280	6756	7601
1281	2332	2935
1282	4746	2936
1283	638	2937
1284	5168	2950
1285	3401	4224
1286	5625	2951
1287	4577	2952
1288	8817	5601
1289	6417	2953
1290	6273	2956
1291	4144	2958
1292	1913	2960
1293	6898	2962
1294	3157	2977
1295	3946	2977
1296	6290	2979
1297	4633	2982
1298	5101	2983
1299	5518	2987
1300	4578	2992
1301	5589	2993
1302	5140	2996
1303	6637	3007
1304	6260	3014
1305	4685	3019
1306	2761	3028
1307	6917	3028
1308	6026	3029
1309	6327	3031
1310	6763	3033
1311	6474	3035
1312	4139	7619
1313	3871	3038
1314	5474	3040
1315	6838	3042
1316	6813	3050
1317	6611	3055
1318	2286	3057
1319	4753	3061
1320	5981	3064
1321	2791	3067
1322	5522	3067
1323	6647	3068
1324	6085	3078
1325	6077	3082
1326	5742	3088
1327	6333	3088
1328	6121	3088
1329	6547	3090
1330	4098	3096
1331	3073	3096
1332	6599	3102
1333	4544	3102
1334	6360	3106
1335	4674	3108
1336	7106	3109
1337	6793	3116
1338	2524	3117
1339	2685	3119
1340	5752	3119
1341	6878	3123
1342	3207	3138
1343	6705	3140
1344	4927	3141
1345	6308	3142
1346	4289	3161
1347	5932	3163
1348	4781	3163
1349	4875	3164
1350	3298	3169
1351	4578	3170
1352	6259	3175
1353	6339	3178
1354	5861	3186
1355	4624	5641
1356	6028	3189
1357	1696	3193
1358	5410	3202
1359	2753	3204
1360	6083	3209
1361	4832	3215
1362	5560	3216
1363	6592	3219
1364	4558	3221
1365	2978	3223
1366	6534	3228
1367	4917	3231
1368	7748	8636
1369	6164	3243
1370	3976	3256
1371	4025	3256
1372	6080	3261
1373	3999	3264
1374	2846	3271
1375	6327	3271
1376	4144	3274
1377	5268	3277
1378	6000	3282
1379	5595	3288
1380	5434	3298
1381	4918	3299
1382	7931	5659
1383	4432	3304
1384	5953	3324
1385	4864	3330
1386	6375	3333
1387	2485	3335
1388	5971	3335
1389	6435	3336
1390	6387	3337
1391	3656	3339
1392	5169	3339
1393	4079	3340
1394	6372	3342
1395	4447	3345
1396	1605	3347
1397	4321	3350
1398	2921	3351
1399	6580	3352
1400	5430	3355
1401	4068	3364
1402	4108	3365
1403	4554	3366
1404	2780	3368
1405	5429	3370
1406	4232	3371
1407	4158	3374
1408	5762	3386
1409	7832	5673
1410	5569	3388
1411	1738	3392
1412	3745	3393
1413	5886	3395
1414	5639	3401
1415	6070	3409
1416	7682	5677
1417	4053	3412
1418	4048	3414
1419	2110	3416
1420	6679	3430
1421	6531	3432
1422	4453	3679
1423	5788	3440
1424	4051	3443
1425	5518	3444
1426	6323	3447
1427	1365	3451
1428	5926	3456
1429	6509	3459
1430	5344	3460
1431	4176	3683
1432	6994	5687
1433	6355	3469
1434	1253	3472
1435	5564	3477
1436	7150	7692
1437	2244	3488
1438	5467	3489
1439	4208	3490
1440	6107	3492
1441	9028	5691
1442	4487	3500
1443	7815	5695
1444	5686	3519
1445	5819	4243
1446	6338	3524
1447	8663	6644
1448	1855	3527
1449	4834	3531
1450	4351	3532
1451	8674	6645
1452	3034	3538
1453	4329	3539
1454	7610	5699
1455	4812	3550
1456	6136	3557
1457	4710	3561
1458	4228	3564
1459	4235	3568
1460	4670	3569
1461	4354	3569
1462	4196	3702
1463	3196	3575
1464	5299	3579
1465	4192	3591
1466	5856	3601
1467	4225	3706
1468	7931	5711
1469	6380	3612
1470	6390	3615
1471	4880	3623
1472	4543	3629
1473	6061	3629
1474	5224	3633
1475	4866	3643
1476	5262	3644
1477	6544	3654
1478	6155	3658
1479	6021	3670
1480	4954	3671
1481	4401	3679
1482	4779	3686
1483	7219	7728
1484	5333	3696
1485	4697	3696
1486	6378	3698
1487	5224	3704
1488	6371	3706
1489	4731	3706
1490	3056	3708
1491	6156	3708
1492	4986	3722
1493	5259	3724
1494	1951	3729
1495	4421	3734
1496	2363	3735
1497	6251	3742
1498	4262	3745
1499	6768	3747
1500	4718	3751
1501	5350	7853
1502	5767	8654
1503	4648	3765
1504	5500	7741
1505	2939	3771
1506	5194	3780
1507	4934	3786
1508	5342	3796
1509	4130	3798
1510	4413	3811
1511	5754	3820
1512	4687	3826
1513	5382	3828
1514	2641	3833
1515	4997	3839
1516	5323	3748
1517	5995	7857
1518	4434	3873
1519	3150	3894
1520	6036	3900
1521	6037	7763
1522	2948	3902
1523	4306	3908
1524	2427	3919
1525	5891	3940
1526	5128	3945
1527	6097	3948
1528	2097	3956
1529	6865	3963
1530	6115	3966
1531	5937	3970
1532	4534	3975
1533	6169	3977
1534	4816	3980
1535	3988	3981
1536	4737	3983
1537	3774	3985
1538	4343	3987
1539	6241	3990
1540	3709	3991
1541	6722	3997
1542	5587	4000
1543	7010	4008
1544	5961	4009
1545	5072	4010
1546	6143	4013
1547	6743	4014
1548	7294	4016
1549	7811	4018
1550	4312	4024
1551	6652	4024
1552	4273	4028
1553	3440	4033
1554	3860	4040
1555	3512	4041
1556	3728	4045
1557	5396	4046
1558	4110	4049
1559	5485	4052
1560	4142	4059
1561	7879	4060
1562	5193	4061
1563	3970	4064
1564	5869	4067
1565	3621	4076
1566	3919	4077
1567	4116	4080
1568	3709	4082
1569	5954	4083
1570	1929	4085
1571	3951	4085
1572	3524	4086
1573	4767	4089
1574	1957	4091
1575	1879	4096
1576	4082	4098
1577	8196	4116
1578	5637	4118
1579	4193	4125
1580	4107	4133
1581	3515	4138
1582	3730	4143
1583	6828	4154
1584	3760	4155
1585	3580	4156
1586	6853	4160
1587	4842	4664
1588	4599	4162
1589	7274	6266
1590	3799	4169
1591	7150	7807
1592	6738	4174
1593	4037	4178
1594	3633	4180
1595	8927	7809
1596	4031	4186
1597	5497	4197
1598	3585	4203
1599	3997	4208
1600	8533	4213
1601	4794	4217
1602	3858	4217
1603	4200	4219
1604	7002	4219
1605	4132	4221
1606	4151	4236
1607	8112	4237
1608	4480	4243
1609	5561	4244
1610	7104	4246
1611	8300	4247
1612	3702	4251
1613	8180	4251
1614	8764	4254
1615	5043	4258
1616	4274	4260
1617	4070	4261
1618	3909	4263
1619	4962	4265
1620	3938	4266
1621	3984	4269
1622	8842	4271
1623	6304	4275
1624	2383	4282
1625	3294	4283
1626	4813	4292
1627	5189	4295
1628	3827	4304
1629	5531	4305
1630	4444	4308
1631	6779	4314
1632	8258	4316
1633	4743	4318
1634	8299	4319
1635	7603	5870
1636	4095	4323
1637	6136	4325
1638	6166	4327
1639	3253	4329
1640	8572	4329
1641	4162	4331
1642	4687	4337
1643	2341	4341
1644	6020	4344
1645	6309	4352
1646	4468	4356
1647	6076	4358
1648	6010	4359
1649	3757	4360
1650	7898	4362
1651	4442	4363
1652	5522	4365
1653	4552	4369
1654	4421	4369
1655	2493	4371
1656	6024	4375
1657	4749	4380
1658	8396	4384
1659	3338	4387
1660	6215	4389
1661	8903	4392
1662	4642	4393
1663	7132	4394
1664	4317	4396
1665	4467	4401
1666	5033	4401
1667	4644	4403
1668	7102	4404
1669	3431	4405
1670	2402	4407
1671	8107	4407
1672	2698	3841
1673	4068	4415
1674	3561	4415
1675	5203	4416
1676	2578	4428
1677	3724	4430
1678	3982	4433
1679	7735	4435
1680	3453	4436
1681	7888	4437
1682	8570	4442
1683	7931	4449
1684	7129	4451
1685	3678	4465
1686	4160	4479
1687	7571	4488
1688	3527	4490
1689	3764	4491
1690	8900	4491
1691	3386	4492
1692	8963	4496
1693	5753	4498
1694	5738	4499
1695	3908	4500
1696	8467	4505
1697	4663	4506
1698	2462	4512
1699	3931	4512
1700	4794	4514
1701	9052	4518
1702	2459	4520
1703	5793	4520
1704	3735	4522
1705	8504	4531
1706	8286	4535
1707	3427	4536
1708	5331	4538
1709	8520	4539
1710	7830	4543
1711	4004	4546
1712	5021	4552
1713	7709	4552
1714	2420	4554
1715	7928	4553
1716	8587	4554
1717	4731	4557
1718	8214	4557
1719	4875	4559
1720	6036	8641
1721	4985	4564
1722	5311	4565
1723	8324	4566
1724	4097	4568
1725	8362	4569
1726	4116	4572
1727	4916	4582
1728	4179	4588
1729	7554	4588
1730	3709	4590
1731	3698	4590
1732	5134	4591
1733	8856	4594
1734	4258	4600
1735	4269	4602
1736	7703	4604
1737	8260	4607
1738	4630	4616
1739	4891	4619
1740	5246	4621
1741	4791	4626
1742	7957	4632
1743	8426	4635
1744	7646	4642
1745	7593	4645
1746	4025	4649
1747	8769	4649
1748	4289	4651
1749	7869	4655
1750	8637	4657
1751	8561	4658
1752	7261	4663
1753	3784	4665
1754	5010	4672
1755	7331	4672
1756	8539	4673
1757	4258	4675
1758	8589	4682
1759	8728	4686
1760	4080	4688
1761	3947	4691
1762	2838	4694
1763	8226	4693
1764	4165	4702
1765	8628	4705
1766	6262	8001
1767	8630	4717
1768	5125	5897
1769	3857	4736
1770	8376	4742
1771	8067	4742
1772	7231	4745
1773	8579	4746
1774	4121	4750
1775	4040	4760
1776	8446	4762
1777	7426	4763
1778	4173	4771
1779	7346	4772
1780	3969	4776
1781	3771	4785
1782	8607	4785
1783	8372	4788
1784	7172	4789
1785	8351	4790
1786	3831	4797
1787	5699	4798
1788	4309	4799
1789	3646	4801
1790	8422	4804
1791	5452	4809
1792	8396	4813
1793	8241	4817
1794	7237	4820
1795	8412	4822
1796	3990	4825
1797	3790	4826
1798	3549	4828
1799	5414	4840
1800	8478	4844
1801	7429	4847
1802	8554	4849
1803	4762	4854
1804	7897	4856
1805	3733	4861
1806	8538	4865
1807	6556	7490
1808	8329	4866
1809	3684	4869
1810	3717	4873
1811	3822	4874
1812	8769	4875
1813	7128	4877
1814	3825	4878
1815	6046	4288
1816	3002	4883
1817	8006	4882
1818	4192	4884
1819	4247	4888
1820	3864	4890
1821	5351	4891
1822	3566	4894
1823	5863	4894
1824	8308	4894
1825	8288	4899
1826	5331	4901
1827	8557	4904
1828	8807	4909
1829	3106	4913
1830	7748	4918
1831	7981	4920
1832	7349	4921
1833	8467	4921
1834	9143	5929
1835	8758	4936
1836	3028	4941
1837	4369	4327
1838	8324	4942
1839	4065	4949
1840	8762	4951
1841	7396	4952
1842	8173	4962
1843	8414	4968
1844	2891	4976
1845	3477	4978
1846	5522	4983
1847	8566	4987
1848	3969	4991
1849	5425	4993
1850	3726	4994
1851	7280	4999
1852	7015	5942
1853	8418	5007
1854	8984	5008
1855	5313	3941
1856	8654	5011
1857	4644	5014
1858	8645	5017
1859	9077	5021
1860	3007	5025
1861	7903	5026
1862	9029	5028
1863	7037	5036
1864	7583	5040
1865	5446	5043
1866	8336	5051
1867	3953	5055
1868	3189	5056
1869	7545	5060
1870	3960	5063
1871	8414	5064
1872	8184	5067
1873	3842	5070
1874	3826	5073
1875	5526	5075
1876	7817	5083
1877	9018	5089
1878	7009	5094
1879	2834	4696
1880	7241	5098
1881	7105	5101
1882	7332	5104
1883	4105	5108
1884	9100	5109
1885	8245	5111
1886	8639	5112
1887	2730	5115
1888	8741	5117
1889	8675	5117
1890	4224	5120
1891	5068	3959
1892	3882	5125
1893	4050	5126
1894	4555	5128
1895	3411	5130
1896	7106	5131
1897	3382	5132
1898	5883	5132
1899	3580	5134
1900	7158	5143
1901	3213	5144
1902	4201	5147
1903	8953	5202
1904	5459	5155
1905	6829	9501
1906	6674	7974
1907	9329	5498
1908	9157	5173
1909	7306	5175
1910	3564	5177
1911	7034	5180
1912	4244	5499
1913	8217	5183
1914	8623	5183
1915	8020	5186
1916	7750	5186
1917	3152	5188
1918	7851	5190
1919	8190	5192
1920	8886	5199
1921	9059	5202
1922	5231	5205
1923	3192	5208
1924	3971	5211
1925	3556	5216
1926	3684	5219
1927	9060	5221
1928	5167	5222
1929	3881	5234
1930	7094	5241
1931	7015	5244
1932	7759	5246
1933	8183	5249
1934	4289	5253
1935	7295	5262
1936	4192	5265
1937	7837	4967
1938	5210	5268
1939	8964	5270
1940	4280	5274
1941	3039	5274
1942	4171	5276
1943	8197	5284
1944	4283	5285
1945	9070	5285
1946	5632	8305
1947	7806	5294
1948	8076	5300
1949	4146	5303
1950	5211	5307
1951	6555	8000
1952	8605	5330
1953	6967	5332
1954	7026	5334
1955	3092	5335
1956	8550	5343
1957	3902	5104
1958	5158	5354
1959	8244	5354
1960	8845	5356
1961	7966	5360
1962	4203	5363
1963	4278	5366
1964	4879	5372
1965	3074	5372
1966	7688	5379
1967	8449	5380
1968	4276	5388
1969	6987	5391
1970	8847	5392
1971	7207	5393
1972	5671	5394
1973	9085	5395
1974	7582	5410
1975	7358	5412
1976	7564	5413
1977	7244	8015
1978	8058	5415
1979	8984	6012
1980	7543	5420
1981	5339	5423
1982	9412	5427
1983	3061	5431
1984	7590	5433
1985	5172	5435
1986	7826	6016
1987	8098	5448
1988	8348	5452
1989	9184	5456
1990	7084	5457
1991	8307	5457
1992	5049	5458
1993	8352	5460
1994	7757	5460
1995	8174	5466
1996	4361	5467
1997	8351	5468
1998	4550	5468
1999	8583	5472
2000	8645	5477
2001	8518	5478
2002	5051	5483
2003	4270	5484
2004	5182	5485
2005	6997	5487
2006	7091	5492
2007	7950	5495
2008	8412	5501
2009	4331	5508
2010	8374	5513
2011	7147	5518
2012	4363	5524
2013	8546	5528
2014	3919	5530
2015	8304	5536
2016	6924	5538
2017	8714	5544
2018	4592	5545
2019	7855	5546
2020	7163	5547
2021	4181	5551
2022	6744	5560
2023	5601	4033
2024	4204	5566
2025	7804	5566
2026	7588	5569
2027	9053	6037
2028	3931	5571
2029	7398	5577
2030	4247	5578
2031	7520	5591
2032	6882	5592
2033	7703	5593
2034	3942	5596
2035	8492	5596
2036	7124	5601
2037	6980	5605
2038	4312	5606
2039	7494	5612
2040	4442	5617
2041	8404	5620
2042	8138	5622
2043	7149	5627
2044	9158	5630
2045	7827	5631
2046	6954	5634
2047	7835	5636
2048	7630	5638
2049	7905	5638
2050	7672	5640
2051	8185	5643
2052	8523	5647
2053	7811	5650
2054	7676	5655
2055	6954	5656
2056	9185	5659
2057	7795	5662
2058	7903	4051
2059	7505	5677
2060	9593	5679
2061	7846	5681
2062	8483	5687
2063	4430	5694
2064	7817	5708
2065	7770	5710
2066	8396	5712
2067	7674	5716
2068	7703	5717
2069	7426	5718
2070	9459	5718
2071	7927	5720
2072	9437	5720
2073	9025	5725
2074	4863	4060
2075	7384	5730
2076	9142	5731
2077	8137	5733
2078	9207	5733
2079	4522	5735
2080	7178	5736
2081	9046	5737
2082	8105	5742
2083	6550	8720
2084	7513	5747
2085	9466	5751
2086	6970	5758
2087	9563	5758
2088	8499	5762
2089	8468	5766
2090	7704	5769
2091	8819	5771
2092	7390	5777
2093	7768	5785
2094	6788	5787
2095	8155	5790
2096	6798	5790
2097	7504	5791
2098	3588	4072
2099	9588	5795
2100	9122	5797
2101	7126	5799
2102	9238	5799
2103	7002	5805
2104	8500	5808
2105	7561	5811
2106	7710	5816
2107	3290	5818
2108	7674	5818
2109	5200	5820
2110	7026	5821
2111	9438	5827
2112	9686	5920
2113	8279	5832
2114	6933	5840
2115	7603	5845
2116	8936	5845
2117	5907	4080
2118	9020	5848
2119	8853	5850
2120	7423	5852
2121	9477	5857
2122	9370	5858
2123	9456	5866
2124	7562	5871
2125	3720	4085
2126	7574	5875
2127	9663	5881
2128	9331	5882
2129	5663	5888
2130	8937	5900
2131	9343	5905
2132	7928	5907
2133	7687	5920
2134	8294	5930
2135	7775	5937
2136	8902	5946
2137	7772	5947
2138	7517	4967
2139	8417	5962
2140	7496	5966
2141	9626	5968
2142	9146	5969
2143	9564	5970
2144	5570	4101
2145	8973	5982
2146	5834	8110
2147	9129	5984
2148	8965	6106
2149	5788	4103
2150	9393	5992
2151	8796	5996
2152	9222	5996
2153	9216	5998
2154	8297	6000
2155	9480	6004
2156	8082	6005
2157	7499	6007
2158	8786	6008
2159	8703	6013
2160	4251	6015
2161	7443	6019
2162	8805	6020
2163	7713	6033
2164	7394	6034
2165	3424	6249
2166	8314	6037
2167	8395	6038
2168	7476	6040
2169	7595	8120
2170	9455	6044
2171	8649	6045
2172	6495	8121
2173	9565	6049
2174	8766	6051
2175	9375	6057
2176	8373	6062
2177	7938	6062
2178	5293	6081
2179	8626	6082
2180	3532	6083
2181	8925	6086
2182	8426	6087
2183	5919	6090
2184	9193	6091
2185	8579	6094
2186	9510	6096
2187	9334	6100
2188	7955	6101
2189	8677	6106
2190	8511	6108
2191	8343	6126
2192	4085	6131

REQUESTS = 2500
1	674	42	44	3	2	3
2	82	68	71	2	2	3
3	1770	3	6	3	2	1
4	1761	9	11	2	1	1
5	74	36	39	1	2	1
6	2059	20	23	2	2	1
7	1614	46	47	2	1	1
8	1350	33	34	3	1	3
9	1633	6	9	1	2	1
10	1048	9	12	2	2	1
11	684	19	21	3	2	3
12	837	56	57	1	2	1
13	1239	3	5	3	2	3
14	1142	29	32	2	1	2
15	1	56	58	1	1	1
16	1192	5	7	1	2	1
17	1828	37	38	2	1	2
18	1372	34	35	3	1	2
19	1887	69	71	3	1	2
20	804	49	50	3	1	2
21	353	22	25	1	1	1
22	201	55	58	1	1	3
23	2051	41	43	2	2	1
24	733	42	45	2	1	2
25	1621	50	53	3	2	3
26	306	54	57	2	1	2
27	1390	56	59	1	1	1
28	750	1	3	2	1	3
29	1349	37	39	2	2	3
30	1960	67	70	2	1	3
31	79	31	32	1	2	1
32	1024	60	61	1	1	3
33	944	52	54	1	1	2
34	1438	16	18	3	1	3
35	560	66	68	1	2	3
36	2166	41	42	1	1	1
37	309	63	66	3	1	1
38	829	1	4	2	1	2
39	982	68	69	1	2	1
40	1114	38	39	2	1	1
41	952	30	31	2	2	3
42	966	4	6	3	2	3
43	224	45	46	3	1	1
44	1856	53	55	1	1	3
45	1919	25	28	2	2	2
46	2190	48	49	3	2	2
47	356	48	49	1	1	1
48	1711	52	55	2	2	2
49	845	11	12	2	1	3
50	395	24	27	1	2	1
51	1251	24	27	2	1	2
52	1171	60	61	1	1	1
53	1772	48	49	2	1	3
54	563	15	17	1	1	1
55	1729	31	32	2	2	3
56	999	16	18	1	1	3
57	722	47	50	1	1	3
58	1237	12	14	3	2	1
59	760	71	72	1	2	2
60	581	71	73	2	2	1
61	1034	66	67	1	1	3
62	1345	52	55	1	1	3
63	1538	26	27	3	1	2
64	302	43	44	3	2	3
65	2108	39	41	1	1	2
66	917	31	34	3	1	2
67	1248	60	62	1	1	3
68	1923	69	70	2	1	1
69	63	36	39	1	2	2
70	162	66	67	2	1	1
71	502	53	55	3	2	2
72	1018	9	10	3	1	1
73	762	15	17	2	2	2
74	1964	71	74	1	1	1
75	695	61	62	3	2	1
76	1552	41	44	1	1	2
77	1858	60	63	3	2	1
78	834	48	51	1	1	1
79	699	46	49	3	1	1
80	101	29	32	1	1	2
81	474	13	15	2	2	2
82	1403	58	61	1	2	1
83	403	38	41	1	1	2
84	1466	34	37	1	1	1
85	1363	6	7	3	2	3
86	1701	5	8	1	1	3
87	368	58	59	2	2	3
88	1883	27	30	2	2	1
89	225	28	29	1	1	3
90	552	70	72	2	2	3
91	512	55	58	1	2	3
92	362	18	21	2	1	3
93	809	53	55	1	2	1
94	1328	65	66	3	2	1
95	1147	27	29	3	2	2
96	1370	45	46	3	1	1
97	470	33	35	2	1	1
98	1232	15	17	3	2	2
99	625	33	34	3	1	1
100	20	29	31	3	2	3
101	204	66	67	2	2	1
102	672	48	51	2	1	1
103	374	34	35	1	2	2
104	964	64	67	3	1	2
105	174	25	26	3	2	1
106	507	4	6	2	2	3
107	283	40	41	2	1	2
108	233	71	72	2	1	3
109	1081	31	32	2	2	1
110	1367	2	3	1	2	1
111	2070	30	33	3	1	1
112	1386	57	60	2	1	2
113	2087	51	52	2	2	2
114	1424	1	2	3	1	2
115	2102	68	69	3	1	2
116	242	34	36	2	2	1
117	1982	21	22	1	1	2
118	1302	57	58	1	1	3
119	725	16	19	3	2	3
120	1685	14	15	3	1	1
121	1900	1	3	3	1	1
122	1934	18	21	3	2	3
123	177	14	15	2	1	1
124	1015	56	59	2	2	2
125	106	68	69	2	1	2
126	813	28	31	2	2	1
127	773	8	9	1	2	3
128	679	2	3	1	1	2
129	197	70	72	1	2	2
130	1780	64	65	3	2	1
131	1680	59	62	2	1	3
132	1366	41	44	2	2	2
133	2118	68	71	1	2	3
134	160	7	9	2	1	3
135	923	66	67	2	2	2
136	194	11	12	2	2	3
137	462	51	54	3	2	1
138	633	54	55	2	2	1
139	1608	32	33	1	2	1
140	211	17	19	3	2	3
141	169	41	44	2	2	3
142	878	67	68	2	1	1
143	325	24	26	1	1	2
144	780	66	69	2	2	1
145	367	44	46	2	1	1
146	869	12	14	2	1	1
147	1580	46	47	1	1	2
148	68	51	53	1	1	1
149	948	14	17	1	1	1
150	1256	52	54	3	2	2
151	129	24	26	3	2	2
152	786	41	43	1	1	1
153	449	46	47	2	1	3
154	842	18	20	3	2	2
155	340	15	18	1	1	2
156	1669	65	66	1	2	1
157	764	60	63	1	1	1
158	1748	57	58	1	1	3
159	1266	32	33	1	1	1
160	529	5	8	1	1	3
161	1491	26	28	1	1	1
162	654	55	56	3	2	3
163	1178	7	10	3	2	1
164	1136	53	55	2	2	3
165	1657	23	24	2	2	3
166	34	62	65	1	2	1
167	774	43	45	2	1	2
168	232	5	6	2	1	1
169	785	64	65	1	1	3
170	1865	45	48	1	2	1
171	1953	47	48	2	2	3
172	1678	41	42	2	1	1
173	897	43	46	3	1	1
174	1550	19	22	2	2	3
175	2176	48	50	3	1	3
176	526	39	41	2	2	1
177	192	4	6	3	2	3
178	1376	11	14	1	1	3
179	1425	14	16	1	1	2
180	1812	25	27	1	2	1
181	754	42	44	3	1	1
182	1347	48	51	2	2	1
183	1411	22	24	1	2	2
184	729	19	22	1	1	2
185	553	39	41	2	1	1
186	1947	30	33	1	2	1
187	718	32	33	2	1	3
188	185	64	65	2	2	3
189	1166	30	31	1	1	2
190	1422	38	40	2	1	3
191	1547	44	47	1	2	1
192	1214	16	17	1	1	2
193	1300	25	28	1	2	1
194	2009	41	43	1	2	3
195	1137	51	52	1	2	1
196	567	12	15	1	1	2
197	1220	7	10	1	1	1
198	382	22	23	1	2	1
199	78	59	60	2	2	2
200	1481	14	15	2	2	3
201	1696	64	65	2	1	2
202	234	51	54	1	1	2
203	2055	28	29	2	2	1
204	1898	61	64	2	2	2
205	710	56	58	3	1	2
206	1299	2	4	2	2	3
207	768	14	17	3	1	1
208	29	59	61	1	1	3
209	959	14	16	2	2	3
210	1831	2	3	1	1	2
211	270	69	70	3	1	1
212	1548	30	31	1	1	2
213	1922	1	4	1	2	3
214	1634	37	39	3	2	1
215	1117	71	73	1	1	3
216	1506	25	28	3	2	2
217	1775	64	66	3	1	1
218	433	53	56	2	1	3
219	1388	26	29	2	2	3
220	428	40	42	1	1	2
221	59	52	55	1	1	3
222	285	50	52	3	1	1
223	1944	15	18	2	2	2
224	1102	53	54	1	2	1
225	213	56	59	2	1	3
226	1566	23	26	3	1	2
227	358	73	74	1	2	3
228	1855	56	59	3	2	1
229	906	39	41	2	1	3
230	287	63	64	1	2	1
231	1525	10	13	2	2	3
232	1530	20	23	2	2	3
233	714	65	68	1	2	2
234	851	33	35	2	1	3
235	863	2	4	3	2	1
236	1268	33	36	1	2	1
237	1785	2	4	1	2	3
238	724	5	6	1	2	3
239	2120	59	62	1	2	1
240	176	15	17	1	1	2
241	1323	22	25	1	2	1
242	386	27	28	1	2	1
243	2148	20	23	1	2	3
244	18	38	39	2	1	1
245	2010	64	65	2	2	2
246	694	30	32	3	2	2
247	1840	25	27	3	1	2
248	1056	67	70	2	2	1
249	636	3	6	2	2	3
250	540	39	42	3	2	3
251	582	15	17	1	1	1
252	1101	63	64	3	2	3
253	1453	4	7	1	2	3
254	1617	38	40	1	1	3
255	1355	14	16	3	1	1
256	935	59	60	1	2	2
257	579	63	66	2	2	2
258	1529	69	70	1	2	2
259	95	13	15	3	2	2
260	14	64	67	2	2	1
261	1194	51	52	3	1	1
262	1563	42	44	3	1	1
263	7	67	70	1	2	2
264	968	14	15	1	2	2
265	788	58	60	3	1	1
266	1886	48	51	3	1	1
267	977	71	73	2	1	2
268	914	59	61	2	1	3
269	443	41	42	2	2	1
270	331	6	9	1	1	2
271	749	51	53	1	1	3
272	327	55	57	3	2	1
273	990	37	40	1	2	2
274	1293	45	47	1	2	3
275	2031	22	23	2	2	2
276	1827	17	20	2	2	2
277	1336	56	58	3	2	3
278	1306	41	43	3	1	2
279	290	44	46	1	1	1
280	420	5	8	3	1	1
281	532	37	38	2	1	1
282	1716	36	39	2	1	1
283	99	55	57	2	2	1
284	1871	55	58	1	1	1
285	1032	9	12	3	1	1
286	1202	60	63	3	1	1
287	463	51	52	3	2	3
288	337	59	62	3	2	3
289	1823	20	21	2	2	2
290	1054	51	53	1	1	2
291	276	63	65	1	2	2
292	124	10	11	2	1	2
293	970	14	16	2	2	3
294	500	65	68	2	1	1
295	1792	6	9	3	1	2
296	597	6	8	2	2	2
297	2184	3	6	2	1	3
298	677	14	15	2	2	1
299	38	34	37	2	2	3
300	776	42	45	1	2	3
301	960	15	16	2	2	1
302	910	61	63	3	2	1
303	1474	16	19	2	1	3
304	1787	2	5	1	1	2
305	412	56	58	1	1	3
306	791	6	9	3	2	2
307	336	31	33	2	1	1
308	50	54	57	1	1	3
309	1669	30	31	1	2	1
310	789	22	23	3	2	2
311	1496	16	17	3	2	3
312	675	73	74	1	2	3
313	1797	57	59	2	1	1
314	2021	11	14	2	2	3
315	1423	62	65	3	2	2
316	2006	25	27	1	1	3
317	775	58	59	1	1	2
318	1194	33	34	3	1	2
319	73	32	34	3	2	2
320	1083	60	62	3	2	1
321	1571	63	64	2	1	1
322	1559	58	60	3	2	1
323	72	27	28	3	1	2
324	1351	31	32	3	1	2
325	811	56	57	1	2	3
326	2191	59	61	1	1	3
327	329	56	57	3	2	1
328	1946	5	6	3	2	2
329	2083	35	36	2	2	2
330	81	1	2	1	2	2
331	832	53	55	2	2	3
332	2180	71	72	1	2	1
333	1042	54	57	1	1	3
334	739	71	72	3	2	3
335	874	66	69	3	2	3
336	86	45	46	3	1	1
337	1296	19	22	2	2	3
338	1084	11	12	2	2	2
339	272	13	16	2	2	1
340	1179	58	61	2	1	2
341	83	22	23	1	1	1
342	1270	61	63	2	1	3
343	1746	52	54	2	2	3
344	1265	16	19	1	1	2
345	252	41	42	2	1	2
346	2007	15	17	1	1	2
347	333	30	31	3	2	2
348	629	8	9	2	1	2
349	1404	39	40	1	1	2
350	1263	25	28	1	2	1
351	1503	32	34	3	1	1
352	2172	32	35	2	1	1
353	624	53	54	2	2	1
354	286	62	65	3	1	1
355	957	16	19	2	2	2
356	1650	21	22	1	1	2
357	1590	2	5	2	1	1
358	1053	41	44	3	1	2
359	1061	62	63	3	1	1
360	1408	52	53	3	1	3
361	663	3	5	3	1	1
362	1672	41	42	3	2	3
363	1330	30	33	1	1	2
364	58	18	19	1	1	1
365	102	66	67	2	1	3
366	778	63	65	3	1	2
367	370	38	40	3	1	2
368	1444	35	38	2	2	2
369	1655	43	45	2	1	1
370	1304	63	64	1	2	3
371	89	56	59	3	1	2
372	1025	40	42	3	2	2
373	1730	12	14	2	1	1
374	1287	10	11	3	1	2
375	1485	38	40	2	1	3
376	520	44	47	3	2	2
377	659	65	66	3	1	2
378	1352	16	18	3	1	1
379	2192	38	39	3	1	2
380	1817	34	37	2	1	3
381	1684	18	20	1	2	1
382	1031	44	47	1	2	3
383	1783	27	29	3	2	3
384	357	37	39	2	2	3
385	108	44	46	2	1	1
386	1144	35	38	2	2	1
387	752	19	20	2	2	2
388	1098	44	46	2	2	3
389	51	26	27	3	2	1
390	1252	26	28	1	1	2
391	1963	64	66	3	1	2
392	1186	28	29	2	2	3
393	566	32	35	1	2	2
394	354	68	71	3	1	2
395	659	31	33	3	2	1
396	396	64	65	2	1	2
397	986	70	72	2	1	3
398	540	33	35	1	1	2
399	1920	6	9	3	1	1
400	848	68	69	2	2	1
401	682	33	36	3	1	1
402	1340	40	41	3	2	3
403	1035	61	64	2	1	1
404	1830	17	19	3	1	3
405	1320	16	17	2	2	3
406	1973	30	33	2	2	3
407	1835	40	42	2	2	2
408	678	1	3	1	1	3
409	454	59	60	3	2	3
410	1573	68	71	2	2	1
411	1170	10	12	1	1	3
412	1373	63	64	2	1	3
413	1456	48	49	3	1	3
414	1219	56	59	3	2	3
415	945	65	67	2	1	3
416	1826	12	13	2	2	1
417	1187	25	27	2	1	3
418	918	51	53	3	2	3
419	187	50	52	3	2	1
420	583	30	32	2	2	1
421	1498	16	18	2	1	3
422	1543	33	35	3	1	3
423	1201	12	14	2	1	3
424	255	38	40	3	2	2
425	585	34	35	1	2	2
426	1969	14	16	2	1	3
427	361	44	47	2	2	3
428	1765	9	12	2	2	3
429	808	70	72	3	1	1
430	2175	59	60	3	2	2
431	1094	2	3	2	1	3
432	339	54	56	2	2	1
433	212	17	19	2	2	1
434	1119	15	17	3	2	3
435	1023	24	27	1	2	2
436	93	64	67	3	1	1
437	342	25	27	2	2	1
438	2064	50	52	3	2	1
439	1882	55	58	2	1	3
440	218	64	67	1	1	3
441	1419	29	30	2	1	3
442	542	15	17	2	2	3
443	320	10	12	2	2	1
444	1472	16	17	2	2	2
445	503	29	31	3	2	2
446	1623	2	4	3	1	2
447	1229	25	26	1	2	1
448	1881	9	12	3	1	1
449	10	66	67	3	2	3
450	777	5	7	2	2	1
451	605	69	70	2	1	3
452	49	54	55	3	1	3
453	1635	62	65	2	1	2
454	1579	63	65	2	2	3
455	845	2	3	3	1	3
456	167	23	26	3	1	3
457	1537	42	43	2	1	1
458	666	57	58	3	1	1
459	61	26	29	2	2	2
460	883	8	11	1	1	3
461	80	41	44	1	2	3
462	373	42	43	3	2	3
463	1398	32	34	1	1	2
464	126	6	9	1	1	3
465	1289	26	27	3	1	2
466	345	63	65	1	1	3
467	1432	65	66	2	2	2
468	1310	22	25	3	2	3
469	1565	71	74	1	1	3
470	1764	6	9	3	2	1
471	841	55	58	2	2	3
472	1150	55	57	2	1	1
473	1972	2	4	1	2	1
474	472	41	42	1	2	1
475	493	56	57	1	2	1
476	1159	54	55	2	2	1
477	26	49	51	1	2	2
478	1522	48	51	2	2	1
479	1461	41	44	1	2	1
480	1405	62	63	2	2	3
481	1554	49	52	1	2	1
482	1808	32	34	1	1	3
483	696	68	69	3	1	1
484	1800	63	66	2	2	3
485	22	4	7	1	2	1
486	352	68	69	2	1	3
487	348	47	50	1	2	3
488	1941	34	36	2	2	1
489	1493	38	41	3	2	1
490	1995	19	22	3	2	2
491	796	43	44	1	1	3
492	1020	30	33	3	2	1
493	1943	45	48	1	2	3
494	1325	68	71	1	2	3
495	1639	36	37	2	1	1
496	451	5	7	1	1	3
497	48	11	13	3	1	3
498	1344	71	74	1	1	3
499	90	31	32	2	2	1
500	664	69	70	2	1	2
501	1803	56	59	1	2	2
502	1281	41	43	3	1	3
503	2075	57	58	3	1	1
504	497	64	65	1	2	2
505	2079	61	63	3	1	2
506	2160	68	71	3	1	1
507	2132	45	48	1	1	3
508	570	41	42	3	1	2
509	1747	26	28	2	1	3
510	357	56	58	1	1	2
511	838	41	42	3	2	1
512	1683	7	8	2	1	1
513	1647	61	64	3	2	1
514	48	32	33	1	2	3
515	1588	20	23	2	1	2
516	1833	43	45	3	2	3
517	1200	28	30	2	2	1
518	1998	60	61	2	2	1
519	743	12	15	2	1	1
520	1277	50	51	2	1	1
521	1308	43	44	2	2	2
522	2062	39	40	2	1	2
523	1463	21	23	2	1	2
524	1805	7	9	3	2	2
525	1324	43	44	1	1	3
526	515	14	17	1	2	1
527	1384	45	46	1	1	3
528	593	38	40	1	1	3
529	1417	15	18	3	1	2
530	1407	43	45	3	1	1
531	1809	61	63	2	2	3
532	389	18	20	3	2	2
533	1477	10	12	1	1	3
534	1157	51	52	2	1	1
535	1627	69	70	2	1	1
536	37	38	40	2	2	3
537	400	42	43	1	2	1
538	468	30	33	1	2	2
539	1307	31	32	3	1	2
540	759	65	67	1	1	1
541	2143	54	57	1	1	2
542	352	10	11	1	2	3
543	347	11	14	2	1	2
544	1126	37	38	3	1	1
545	850	20	21	1	1	3
546	1339	23	25	3	2	2
547	1859	12	13	2	2	1
548	447	41	43	1	2	3
549	710	55	57	3	2	1
550	243	32	34	2	2	2
551	1298	17	18	1	1	3
552	1397	27	28	1	1	2
553	2111	43	46	3	2	1
554	458	4	5	3	1	3
555	930	58	61	3	2	2
556	1374	7	10	2	1	1
557	84	9	11	1	1	3
558	1524	36	37	1	2	1
559	1383	57	59	3	2	1
560	317	54	57	1	1	1
561	300	33	34	1	2	1
562	981	44	46	3	2	1
563	522	25	27	2	1	1
564	814	31	34	3	1	3
565	284	25	27	3	2	1
566	633	60	61	3	2	2
567	1736	43	46	1	2	2
568	280	31	33	2	2	2
569	2170	32	35	2	2	3
570	1209	24	26	1	1	2
571	1677	8	11	3	1	3
572	1188	25	27	2	2	1
573	909	41	44	2	1	2
574	1378	50	53	3	1	1
575	147	66	69	3	1	1
576	693	71	74	1	1	3
577	1661	19	21	2	2	2
578	216	50	51	3	1	3
579	355	12	13	3	2	1
580	1609	42	44	1	2	1
581	1077	33	34	2	2	2
582	955	51	52	1	2	1
583	971	31	34	3	2	3
584	1152	44	45	1	1	2
585	2016	50	51	3	1	3
586	622	22	23	1	2	2
587	1819	22	24	1	2	1
588	1637	58	61	2	1	3
589	1858	45	46	3	1	2
590	1652	47	50	1	2	3
591	1923	28	30	3	1	3
592	332	51	52	1	1	3
593	1865	21	22	2	1	2
594	828	29	32	1	2	2
595	2163	11	14	2	2	3
596	889	8	10	3	2	3
597	2066	30	31	3	1	3
598	546	69	71	1	2	2
599	495	56	58	1	1	3
600	825	1	3	1	2	1
601	485	14	16	3	2	3
602	1495	63	64	3	1	3
603	2032	66	69	2	2	3
604	744	16	18	2	2	3
605	1955	22	25	2	1	3
606	886	7	8	2	1	2
607	1400	19	20	3	2	1
608	1278	64	65	3	1	1
609	1328	33	36	3	1	2
610	851	6	8	3	2	3
611	2029	13	15	2	1	3
612	1406	36	39	1	2	1
613	726	40	42	3	2	3
614	1895	63	64	1	1	3
615	226	31	33	3	1	2
616	741	28	31	3	1	2
617	1267	34	35	2	1	3
618	689	21	23	1	1	1
619	1069	46	48	3	1	2
620	803	37	39	3	2	2
621	2024	1	2	2	2	3
622	960	46	48	3	2	2
623	2019	44	46	2	1	3
624	166	66	69	1	1	3
625	1981	18	21	2	2	1
626	87	32	35	1	2	1
627	1596	32	33	3	2	1
628	858	62	63	3	2	2
629	1771	8	9	1	2	1
630	57	13	14	2	1	3
631	1002	11	14	3	1	1
632	1869	63	64	3	2	2
633	2025	18	20	2	1	2
634	1208	44	47	1	2	2
635	106	51	52	1	1	1
636	120	39	42	2	2	1
637	461	50	53	1	2	1
638	1001	26	28	2	2	3
639	2105	57	59	2	1	1
640	1272	17	20	2	1	2
641	2131	42	43	3	1	1
642	2079	3	4	1	1	3
643	2071	20	21	3	1	1
644	937	41	43	1	1	1
645	1928	5	8	1	2	3
646	2098	17	19	1	1	3
647	1925	7	9	1	2	1
648	525	14	16	3	2	2
649	69	25	26	1	2	3
650	630	52	55	2	1	1
651	746	69	72	3	2	1
652	695	35	38	2	1	2
653	1413	27	29	2	1	3
654	404	47	50	2	1	1
655	1894	9	11	1	2	2
656	681	37	40	1	2	1
657	257	20	22	1	1	3
658	1321	39	41	1	1	2
659	1784	60	63	1	1	2
660	121	61	64	1	1	3
661	1067	66	69	3	2	2
662	1029	1	4	3	2	2
663	137	22	25	2	1	2
664	2011	34	36	2	1	3
665	1537	70	71	1	2	3
666	1985	47	49	1	1	3
667	1524	27	28	1	1	2
668	730	12	14	2	1	2
669	661	51	52	1	1	3
670	1939	15	18	2	1	2
671	779	66	67	1	1	2
672	890	50	53	3	2	1
673	231	56	58	2	2	1
674	2012	35	36	3	2	1
675	1754	15	16	3	1	2
676	623	59	62	1	1	3
677	984	73	74	1	1	1
678	155	35	38	2	2	3
679	577	23	26	2	2	1
680	830	6	8	1	2	3
681	1476	24	26	1	1	2
682	1866	62	64	3	1	1
683	1740	34	35	3	2	3
684	442	32	33	2	1	3
685	1601	11	13	2	1	3
686	1877	33	36	3	2	3
687	1391	46	48	2	1	1
688	1713	65	68	2	2	3
689	1484	1	4	1	2	3
690	2092	11	14	3	2	2
691	1600	61	64	1	2	3
692	2074	2	4	2	1	2
693	1544	26	28	2	2	1
694	1484	42	43	3	1	1
695	947	69	70	3	2	2
696	1233	17	19	1	2	1
697	2065	42	44	3	1	3
698	397	40	41	3	1	2
699	2096	13	14	2	1	2
700	456	18	20	2	1	2
701	380	37	39	3	2	3
702	1762	42	44	3	2	3
703	1050	70	72	1	2	1
704	60	34	37	2	2	2
705	2061	49	51	1	1	2
706	647	7	10	1	2	3
707	407	35	36	2	1	2
708	1768	68	70	1	2	1
709	565	68	70	2	2	3
710	405	45	47	3	1	3
711	1047	6	7	3	1	3
712	128	67	69	3	1	3
713	379	10	11	1	1	1
714	251	35	38	1	2	1
715	488	34	35	1	1	2
716	12	59	61	1	1	2
717	1346	22	24	1	1	3
718	523	68	71	3	2	1
719	2150	44	46	1	2	2
720	17	23	25	2	1	3
721	1294	12	14	3	1	3
722	475	51	53	2	1	3
723	1439	22	23	2	1	3
724	1096	50	52	2	1	3
725	538	10	12	3	2	1
726	1469	13	16	2	2	3
727	1449	10	12	1	1	3
728	1139	45	46	3	1	1
729	1926	43	45	2	1	2
730	1942	14	15	3	1	2
731	52	38	39	2	1	1
732	2068	56	57	2	2	2
733	91	54	56	2	2	3
734	151	31	33	2	2	1
735	2005	54	56	3	1	1
736	326	66	68	1	2	1
737	808	18	20	3	1	1
738	1359	55	58	3	1	1
739	438	35	38	1	1	2
740	299	4	7	2	2	1
741	1401	27	29	3	1	2
742	1017	18	19	3	2	3
743	1022	68	69	2	1	1
744	2156	40	42	3	1	1
745	1920	29	31	3	1	3
746	1776	69	72	1	2	1
747	740	44	47	2	2	3
748	452	4	7	1	2	3
749	1269	33	35	1	1	1
750	790	66	67	3	2	2
751	1105	67	69	1	1	2
752	1092	11	13	1	1	3
753	1244	67	69	3	2	1
754	1146	1	3	2	1	1
755	805	71	73	1	1	2
756	510	42	44	1	1	2
757	1714	26	27	3	1	3
758	1319	40	41	3	2	3
759	880	70	71	1	2	1
760	580	61	64	3	2	2
761	641	58	61	2	2	2
762	1178	26	27	2	2	3
763	1409	26	28	1	2	2
764	1502	16	17	2	1	3
765	1134	42	45	3	2	3
766	1939	40	41	3	2	1
767	133	62	64	1	2	2
768	138	38	41	2	1	1
769	1528	38	40	3	1	2
770	1545	13	14	2	1	2
771	260	8	11	1	2	2
772	1062	52	53	1	2	1
773	855	23	26	1	2	1
774	1513	15	16	2	2	3
775	801	71	72	1	1	3
776	913	25	26	3	2	3
777	1822	51	53	3	1	3
778	290	70	72	2	1	3
779	144	34	36	3	1	2
780	820	5	8	2	1	2
781	1695	20	22	3	2	2
782	1752	50	53	3	1	1
783	1698	10	11	3	1	2
784	2020	16	19	2	1	3
785	645	2	5	2	2	1
786	148	54	56	1	2	2
787	1290	57	59	2	2	2
788	27	9	12	2	1	3
789	1682	9	11	2	1	3
790	1501	59	61	3	1	1
791	1888	37	39	3	2	2
792	1355	65	68	1	1	2
793	919	6	8	3	1	1
794	2053	66	69	2	2	2
795	2141	7	9	1	1	2
796	264	9	10	2	2	3
797	688	14	15	1	2	3
798	1228	62	63	3	2	3
799	1738	34	36	2	1	2
800	2092	53	55	1	1	2
801	787	52	54	2	1	2
802	2171	11	12	2	2	3
803	2034	27	30	1	1	3
804	1122	23	25	3	1	1
805	1303	61	64	2	1	1
806	1653	47	50	3	1	3
807	2043	56	59	2	1	1
808	865	44	46	1	1	2
809	846	46	48	2	2	2
810	2072	73	74	1	2	1
811	676	52	53	2	1	3
812	123	57	58	1	2	1
813	979	58	61	2	2	3
814	1038	47	49	3	1	1
815	1938	42	43	1	1	1
816	424	38	39	2	1	3
817	1884	11	14	3	1	3
818	292	55	58	1	1	1
819	1962	53	54	1	1	2
820	207	59	61	1	1	3
821	191	33	34	1	1	3
822	1354	58	61	1	1	2
823	390	8	10	2	2	2
824	410	68	70	1	2	2
825	75	71	72	2	1	2
826	1957	55	57	1	1	3
827	550	65	68	3	1	1
828	1127	12	13	3	1	1
829	1967	13	14	1	1	1
830	1055	19	22	2	2	3
831	1660	1	4	1	1	2
832	459	20	22	1	2	1
833	1940	9	12	2	2	2
834	122	43	46	2	1	3
835	1210	7	10	2	1	2
836	1421	57	58	3	1	3
837	200	12	13	1	1	3
838	222	43	46	3	2	2
839	1520	67	70	1	2	1
840	1467	46	48	1	2	1
841	377	55	56	3	1	1
842	2036	42	45	2	1	2
843	202	66	69	1	1	2
844	915	61	64	3	2	3
845	217	19	20	2	1	1
846	230	4	5	1	1	3
847	1697	36	37	3	1	3
848	1467	51	52	1	1	1
849	278	51	54	1	1	2
850	416	28	30	3	1	1
851	587	7	10	1	2	2
852	1462	55	57	1	2	3
853	1750	65	67	2	1	1
854	456	60	62	1	1	2
855	1645	55	56	2	2	1
856	1735	8	9	1	1	2
857	1848	58	59	1	2	1
858	139	13	15	1	2	2
859	854	53	55	2	2	1
860	45	18	21	2	2	1
861	491	61	62	1	1	3
862	720	30	33	1	2	1
863	253	10	13	2	2	2
864	1045	56	57	2	1	1
865	656	34	36	1	1	3
866	1622	49	52	1	2	3
867	1204	8	9	1	1	2
868	1295	34	35	1	2	2
869	1806	44	45	2	1	3
870	1436	62	63	3	1	2
871	543	49	52	3	2	1
872	209	1	4	3	2	3
873	638	66	67	3	1	1
874	399	69	70	1	1	3
875	269	27	29	2	2	1
876	481	13	16	2	2	1
877	32	26	28	1	1	1
878	2040	28	30	3	1	3
879	229	63	65	2	1	1
880	1041	25	26	2	2	2
881	598	40	43	3	1	1
882	1430	35	37	2	1	2
883	426	18	21	3	1	1
884	2109	38	41	3	2	2
885	2091	57	58	1	2	3
886	1690	5	8	1	2	2
887	450	63	65	3	2	2
888	524	2	3	1	1	2
889	1436	41	43	3	1	2
890	19	18	21	3	1	2
891	849	46	49	3	1	2
892	1125	58	61	1	2	3
893	755	49	50	2	2	2
894	650	40	41	3	2	2
895	1071	54	57	3	2	1
896	1196	55	56	2	2	3
897	2107	25	26	1	2	2
898	883	40	41	3	2	1
899	1451	44	46	2	2	3
900	1317	39	41	2	2	2
901	1040	39	41	2	2	2
902	409	70	72	3	1	1
903	1100	46	48	1	2	3
904	1891	16	19	3	1	2
905	470	66	67	2	1	1
906	341	49	52	2	1	3
907	1648	12	15	1	2	3
908	1212	26	28	2	2	1
909	1527	31	34	1	2	1
910	415	13	15	1	2	1
911	358	21	23	3	1	3
912	908	59	60	2	2	2
913	1127	47	48	1	2	2
914	301	65	68	3	2	1
915	393	38	41	1	1	3
916	1106	21	24	3	1	1
917	1517	37	40	2	2	3
918	1044	3	5	1	2	2
919	745	27	28	2	1	3
920	1440	23	25	1	2	3
921	514	32	35	3	1	2
922	1684	64	65	1	1	1
923	402	34	36	1	2	1
924	1284	17	20	2	2	3
925	1402	11	14	3	2	2
926	448	54	56	1	2	3
927	195	10	13	2	2	2
928	499	17	18	2	2	3
929	1118	24	25	2	1	2
930	2144	47	50	3	2	2
931	1814	58	61	2	2	3
932	549	33	34	3	2	2
933	611	28	30	3	2	2
934	975	26	29	2	2	3
935	6	61	62	1	1	2
936	1612	5	7	2	1	2
937	615	57	59	3	2	3
938	65	3	6	2	2	3
939	170	69	71	3	1	3
940	1509	49	52	1	1	3
941	617	54	56	2	1	1
942	483	23	26	1	2	1
943	2100	52	53	3	2	3
944	1003	24	27	1	1	1
945	1088	46	47	1	1	1
946	1690	46	49	3	1	1
947	1143	13	14	3	2	1
948	711	15	16	3	1	3
949	769	17	20	2	2	1
950	887	31	33	2	1	2
951	1907	56	57	2	2	1
952	1636	50	51	1	2	2
953	295	50	51	1	2	1
954	1611	68	71	2	1	2
955	273	41	43	2	1	1
956	208	26	28	3	1	3
957	1289	41	44	1	1	1
958	509	68	69	1	1	2
959	1198	67	69	3	2	2
960	2008	64	66	1	1	1
961	1704	57	58	3	2	2
962	1068	48	49	3	1	2
963	1104	31	33	1	2	1
964	2189	50	52	1	2	3
965	489	28	31	2	2	3
966	1454	19	22	2	1	3
967	1994	5	7	1	1	3
968	2119	39	41	2	1	1
969	1913	11	14	2	1	1
970	1275	1	3	3	1	2
971	555	70	71	2	1	3
972	1099	6	8	3	2	3
973	441	44	46	1	2	1
974	182	68	70	1	1	3
975	2134	40	43	1	1	1
976	1903	68	70	2	1	3
977	567	5	8	1	1	1
978	1810	50	53	1	1	1
979	1899	60	62	1	2	1
980	173	49	51	1	2	3
981	1007	51	52	3	2	1
982	1857	59	62	1	1	1
983	2123	46	47	1	1	2
984	1221	42	43	2	1	2
985	30	26	29	2	1	2
986	467	54	57	1	1	3
987	721	36	37	1	1	1
988	709	2	3	1	1	3
989	1365	18	19	3	2	1
990	844	21	24	3	2	3
991	2145	41	42	2	2	2
992	1438	32	35	3	1	1
993	501	14	15	2	1	3
994	784	24	25	1	1	2
995	1873	2	5	2	2	2
996	998	27	29	1	2	3
997	1247	70	73	2	1	3
998	856	56	58	3	1	3
999	1737	38	39	2	1	2
1000	2169	15	18	3	1	1
1001	1026	32	35	2	1	2
1002	806	24	27	3	1	3
1003	1258	43	46	3	1	3
1004	220	68	71	1	1	3
1005	511	52	55	2	2	2
1006	2097	23	24	2	2	3
1007	2165	27	30	1	1	3
1008	33	35	37	3	2	2
1009	238	39	41	2	2	2
1010	240	52	53	1	2	2
1011	2069	46	49	1	2	1
1012	1282	26	29	1	1	1
1013	2174	4	5	1	2	3
1014	1276	49	52	2	2	2
1015	305	48	51	2	1	2
1016	660	27	28	3	2	3
1017	1641	67	69	1	2	1
1018	965	62	65	2	2	3
1019	1859	71	73	1	1	1
1020	713	23	24	3	1	3
1021	2182	15	18	3	1	2
1022	765	9	12	3	1	3
1023	1554	64	66	3	2	3
1024	1041	33	34	3	1	1
1025	1632	32	35	3	1	2
1026	431	69	71	1	1	3
1027	1846	43	46	1	1	3
1028	158	44	47	1	2	1
1029	575	44	45	1	2	3
1030	2117	36	38	3	1	2
1031	643	25	28	1	1	1
1032	1670	8	11	3	2	3
1033	1337	35	36	2	1	2
1034	180	10	11	3	1	2
1035	1526	7	8	3	2	3
1036	904	2	5	2	1	3
1037	293	29	30	2	2	2
1038	2177	48	50	3	2	1
1039	245	71	72	2	1	1
1040	277	62	65	2	2	1
1041	282	23	25	3	1	1
1042	1207	37	38	1	2	3
1043	1630	40	43	1	1	1
1044	2159	60	63	2	1	2
1045	2014	33	36	2	1	1
1046	1763	7	9	3	2	2
1047	2138	14	17	2	2	1
1048	1262	10	12	2	1	1
1049	22	24	27	2	2	2
1050	975	61	63	3	2	1
1051	864	32	33	2	2	1
1052	822	55	57	1	2	2
1053	2125	71	74	1	2	3
1054	983	6	9	3	2	2
1055	1447	19	21	2	2	1
1056	2014	60	62	1	1	3
1057	1215	28	30	2	2	3
1058	1208	62	64	1	2	2
1059	2094	35	37	2	2	1
1060	1807	68	69	1	2	3
1061	1581	10	11	1	2	2
1062	1546	52	55	3	1	3
1063	735	26	27	2	1	1
1064	936	66	67	2	2	2
1065	1595	38	40	1	2	3
1066	1699	39	42	2	1	2
1067	2140	63	66	1	1	1
1068	261	63	65	1	2	3
1069	1190	32	34	3	1	2
1070	1250	67	70	3	2	3
1071	1394	33	36	3	1	1
1072	1487	60	61	3	1	2
1073	1315	3	6	1	2	2
1074	1594	7	9	1	2	1
1075	2167	37	39	1	1	3
1076	1785	47	49	3	2	1
1077	2033	4	7	3	2	2
1078	1260	64	67	3	2	1
1079	46	64	66	1	2	3
1080	1133	68	71	1	1	2
1081	1640	72	73	2	1	2
1082	292	69	71	3	2	2
1083	1921	24	27	3	2	2
1084	920	60	61	3	2	2
1085	1415	45	48	2	1	2
1086	378	35	36	2	2	1
1087	833	61	64	1	1	1
1088	815	19	21	1	2	1
1089	1073	26	27	1	1	2
1090	935	37	39	2	2	2
1091	1619	41	44	2	2	1
1092	896	53	56	1	2	1
1093	1564	15	17	1	2	3
1094	1261	23	25	1	1	2
1095	2093	26	28	1	1	3
1096	1791	36	39	3	1	2
1097	1691	49	50	3	1	3
1098	2129	19	22	3	1	3
1099	1397	58	59	3	1	2
1100	751	48	50	2	1	3
1101	1338	66	68	1	2	1
1102	505	2	3	3	1	3
1103	922	67	70	2	2	2
1104	1131	73	74	1	1	1
1105	1842	11	14	3	1	1
1106	853	27	29	1	1	1
1107	1435	70	72	1	1	2
1108	111	3	4	3	1	3
1109	797	29	31	1	2	2
1110	281	9	11	1	2	1
1111	1886	69	71	1	2	3
1112	1737	30	32	1	2	2
1113	607	39	40	2	1	2
1114	1082	62	63	2	1	3
1115	1586	68	71	1	1	2
1116	1531	63	65	1	1	2
1117	1971	62	65	1	1	3
1118	156	61	64	1	1	1
1119	43	37	39	1	2	3
1120	574	51	53	2	2	1
1121	899	57	60	3	2	1
1122	686	68	71	2	1	2
1123	1833	2	4	3	1	2
1124	1280	49	52	2	2	3
1125	996	63	64	2	1	1
1126	547	31	33	1	2	1
1127	678	14	15	3	2	3
1128	126	40	43	3	1	1
1129	1987	38	41	2	1	2
1130	303	37	38	3	1	2
1131	1675	47	50	1	1	1
1132	164	60	63	2	2	3
1133	1420	33	34	3	2	2
1134	1320	56	58	2	1	2
1135	861	37	39	2	2	3
1136	794	25	28	2	2	3
1137	47	31	34	3	1	3
1138	1773	8	10	1	2	2
1139	893	47	48	2	2	2
1140	9	58	61	2	1	3
1141	1727	56	57	2	1	3
1142	1033	47	48	2	1	2
1143	28	41	42	2	1	3
1144	591	31	34	2	2	1
1145	1164	60	63	2	2	1
1146	783	59	61	1	1	3
1147	571	2	3	3	2	2
1148	319	1	4	1	1	1
1149	1695	59	60	1	1	2
1150	888	4	7	2	2	3
1151	1897	63	64	2	1	1
1152	742	25	27	2	1	1
1153	1958	6	7	2	2	1
1154	1910	64	67	2	1	3
1155	418	16	17	2	1	3
1156	125	31	34	3	2	2
1157	931	15	18	1	1	3
1158	198	20	22	1	1	2
1159	951	62	65	2	1	1
1160	1279	40	42	2	1	3
1161	702	9	11	1	2	3
1162	1378	67	69	3	2	2
1163	1593	17	20	1	2	2
1164	497	1	2	1	2	2
1165	868	18	21	2	2	2
1166	669	9	12	3	1	1
1167	2179	24	27	3	2	3
1168	2015	33	36	1	1	1
1169	161	41	42	1	2	1
1170	1509	64	65	2	2	1
1171	1952	34	37	1	1	1
1172	62	60	61	2	2	1
1173	1498	22	25	3	1	3
1174	862	30	33	3	2	2
1175	1162	48	50	1	2	1
1176	498	35	38	1	2	2
1177	1836	9	10	3	1	3
1178	455	59	62	1	1	2
1179	670	12	14	3	1	3
1180	2151	12	13	3	1	3
1181	1888	54	57	1	1	1
1182	1715	57	60	3	2	2
1183	460	36	38	3	1	2
1184	1161	46	48	1	1	2
1185	1016	53	56	3	2	2
1186	1930	15	18	2	2	1
1187	1966	25	27	1	2	2
1188	296	10	12	1	2	1
1189	866	57	58	1	1	3
1190	249	32	35	3	2	1
1191	299	48	50	3	1	1
1192	1117	61	64	2	2	3
1193	1506	57	59	2	1	2
1194	1297	25	26	2	1	1
1195	1392	44	46	3	1	3
1196	391	31	32	3	1	1
1197	13	26	28	1	2	2
1198	1305	18	20	3	1	3
1199	1163	36	38	2	2	2
1200	1726	13	15	2	1	3
1201	736	39	41	1	2	1
1202	2124	20	22	2	2	1
1203	810	67	68	3	1	3
1204	1679	42	43	2	2	3
1205	1087	23	25	1	2	2
1206	297	24	25	3	1	1
1207	2041	38	39	2	2	1
1208	11	14	15	2	1	1
1209	1428	23	24	2	2	3
1210	1595	37	38	3	1	3
1211	312	47	48	3	1	1
1212	1795	31	32	3	1	2
1213	1970	22	23	3	1	3
1214	2161	9	11	1	1	2
1215	217	49	52	2	2	1
1216	39	30	31	3	1	3
1217	2067	1	4	1	2	3
1218	1755	66	69	2	1	2
1219	535	16	17	3	1	2
1220	2076	26	27	3	1	3
1221	1681	70	71	2	1	2
1222	1674	32	34	1	1	3
1223	326	37	38	2	1	2
1224	1356	41	44	1	2	3
1225	1717	47	48	3	1	1
1226	1132	39	41	2	1	1
1227	2095	2	4	1	1	3
1228	366	62	64	3	2	1
1229	2146	39	42	2	2	1
1230	1912	21	22	1	2	1
1231	1065	69	70	1	1	3
1232	408	67	70	2	2	2
1233	1824	27	29	1	2	2
1234	444	66	69	3	1	2
1235	346	8	10	2	1	2
1236	2107	17	20	1	1	3
1237	518	28	31	1	2	1
1238	824	4	6	1	2	2
1239	1128	40	41	2	1	1
1240	733	72	74	1	2	1
1241	1968	40	43	3	2	1
1242	2042	33	34	2	2	2
1243	997	12	13	1	2	1
1244	1264	66	68	1	2	3
1245	626	7	10	3	2	2
1246	205	21	22	3	2	3
1247	914	67	70	2	1	1
1248	696	50	53	3	1	3
1249	40	50	51	2	1	1
1250	75	19	21	2	2	3
1251	603	25	27	3	2	1
1252	619	11	14	1	1	1
1253	1898	2	5	2	2	2
1254	1015	51	54	2	1	3
1255	1893	46	47	2	2	3
1256	763	53	56	3	1	3
1257	690	20	23	2	2	2
1258	1392	55	56	2	1	2
1259	1502	63	66	3	2	3
1260	2089	1	2	3	1	3
1261	2004	17	20	3	2	3
1262	1631	41	44	1	1	2
1263	620	16	17	3	1	3
1264	1458	13	14	2	2	2
1265	1455	58	61	3	1	2
1266	227	49	50	3	2	3
1267	1793	54	57	2	2	2
1268	1863	22	25	3	2	1
1269	1832	55	58	3	2	3
1270	1541	61	64	1	2	3
1271	1146	67	68	2	1	3
1272	942	17	18	2	2	2
1273	1206	61	64	1	2	3
1274	1499	21	24	3	1	2
1275	817	44	46	1	2	3
1276	782	4	7	2	1	3
1277	1694	57	59	3	2	3
1278	1249	36	37	1	2	2
1279	1103	35	38	1	1	1
1280	820	39	42	3	1	1
1281	3	2	3	1	2	1
1282	351	7	8	2	2	3
1283	596	64	67	1	1	2
1284	1012	54	57	3	1	3
1285	299	20	22	3	1	1
1286	1104	6	9	2	1	1
1287	1387	2	4	2	2	3
1288	1369	70	73	1	2	1
1289	486	51	53	1	2	1
1290	1692	20	22	1	2	2
1291	941	22	24	3	1	3
1292	561	9	10	1	1	2
1293	1914	57	59	3	1	2
1294	1605	25	26	2	2	3
1295	419	14	17	2	2	1
1296	1434	69	71	1	1	1
1297	506	48	50	1	2	3
1298	130	29	30	1	1	2
1299	167	56	57	1	2	3
1300	1470	61	62	3	1	2
1301	190	3	5	1	1	2
1302	1212	32	35	2	2	1
1303	1058	7	10	2	2	2
1304	1375	30	33	2	1	3
1305	1766	7	10	2	2	2
1306	517	6	9	1	2	3
1307	2016	68	69	3	2	2
1308	459	7	8	1	1	3
1309	750	46	47	1	2	2
1310	1607	19	21	1	1	2
1311	1168	3	5	2	2	3
1312	172	49	51	1	1	1
1313	956	67	70	2	2	3
1314	783	54	55	1	1	3
1315	1031	20	21	3	1	1
1316	1246	63	66	3	2	3
1317	1597	2	3	1	1	3
1318	2017	11	14	1	2	3
1319	473	3	4	3	1	2
1320	976	3	4	3	2	2
1321	1603	30	31	2	1	2
1322	789	28	30	3	1	2
1323	1649	27	29	1	2	1
1324	1732	18	21	2	1	2
1325	2086	14	17	3	2	3
1326	527	10	12	3	2	3
1327	1361	50	53	2	2	1
1328	2133	1	2	3	2	1
1329	2110	69	70	3	2	1
1330	1169	50	53	2	1	1
1331	2116	6	9	3	2	1
1332	2187	37	38	1	2	3
1333	1756	16	18	1	1	3
1334	333	13	15	2	2	1
1335	857	42	44	1	2	2
1336	1107	17	20	1	1	3
1337	1203	56	59	3	2	2
1338	1553	11	13	2	1	2
1339	1182	3	5	2	1	2
1340	1983	23	26	2	1	1
1341	738	34	37	3	2	2
1342	1005	43	46	2	2	3
1343	558	57	60	3	1	1
1344	1403	42	45	2	1	1
1345	116	16	17	3	1	3
1346	1341	41	42	2	1	2
1347	259	32	34	2	1	2
1348	1052	38	41	3	1	2
1349	417	69	71	2	1	3
1350	1030	67	69	2	1	3
1351	430	19	21	2	2	1
1352	1254	17	20	2	2	3
1353	667	69	71	1	1	2
1354	478	57	59	3	1	2
1355	2093	67	70	3	2	2
1356	708	36	37	1	2	1
1357	136	64	65	3	1	3
1358	274	20	21	1	1	1
1359	521	25	28	3	2	1
1360	1023	10	12	2	2	2
1361	490	56	59	1	1	1
1362	1037	47	50	2	2	2
1363	359	64	66	1	2	1
1364	1798	46	47	3	2	1
1365	1512	41	43	3	2	3
1366	145	55	56	1	2	3
1367	1482	57	60	2	2	1
1368	865	35	37	3	2	1
1369	1734	54	55	1	1	1
1370	107	20	22	3	1	3
1371	516	60	63	1	1	2
1372	882	16	19	2	2	1
1373	1924	66	67	3	1	1
1374	1111	29	30	1	1	3
1375	747	29	32	3	1	2
1376	1615	71	72	1	2	3
1377	215	22	23	3	2	1
1378	1115	29	32	1	1	1
1379	1283	64	67	1	1	1
1380	578	31	34	3	1	1
1381	1638	34	35	2	2	1
1382	1820	39	42	2	2	2
1383	350	63	66	2	2	3
1384	1551	67	69	3	2	1
1385	297	42	43	3	1	3
1386	1312	1	2	1	1	2
1387	831	41	43	1	2	2
1388	1556	57	58	1	2	1
1389	1358	32	33	2	2	1
1390	1719	10	11	3	1	1
1391	2003	10	13	3	1	1
1392	1990	62	64	1	2	2
1393	1568	27	30	3	1	1
1394	1174	15	18	3	1	2
1395	21	24	26	3	1	3
1396	1311	41	44	2	1	1
1397	1036	16	18	1	2	3
1398	847	46	47	3	1	1
1399	1111	21	24	2	2	1
1400	876	18	19	3	2	2
1401	1667	68	69	2	1	3
1402	1618	7	10	1	1	2
1403	1709	34	36	1	2	3
1404	135	5	7	3	2	3
1405	482	30	33	1	1	1
1406	439	24	25	3	2	1
1407	1097	4	5	1	1	1
1408	1977	34	36	2	1	3
1409	2135	67	70	2	1	1
1410	1521	31	34	2	1	3
1411	2018	25	27	3	1	2
1412	1880	64	65	2	2	2
1413	1585	38	40	1	2	2
1414	1976	44	45	1	2	1
1415	464	26	28	2	2	3
1416	591	34	37	1	1	3
1417	2063	58	60	1	1	1
1418	916	1	2	3	2	3
1419	2127	25	26	2	2	1
1420	2057	12	14	1	1	3
1421	823	1	3	3	1	2
1422	1061	61	62	1	2	1
1423	2078	12	13	2	1	1
1424	1033	12	13	3	2	1
1425	1936	44	45	3	2	3
1426	1707	7	8	1	2	2
1427	1523	35	36	3	2	3
1428	1486	20	23	3	2	3
1429	1949	69	72	1	2	1
1430	446	71	74	1	1	1
1431	2185	55	57	1	2	3
1432	1917	68	69	1	2	2
1433	2169	37	40	1	2	2
1434	1794	4	6	2	1	2
1435	1441	42	45	1	1	1
1436	802	56	58	2	1	1
1437	963	23	26	3	1	3
1438	745	48	51	2	2	3
1439	954	19	21	3	2	1
1440	149	39	42	2	1	3
1441	598	16	17	1	2	2
1442	241	24	25	1	1	1
1443	2047	5	8	3	2	2
1444	2147	20	23	1	2	3
1445	1834	15	17	1	1	3
1446	2081	24	26	1	2	1
1447	487	40	41	3	2	3
1448	628	12	15	2	2	1
1449	1085	17	20	3	1	2
1450	569	20	21	3	2	3
1451	5	27	30	3	2	3
1452	1153	24	26	1	1	3
1453	1861	65	68	3	1	3
1454	981	66	67	1	1	2
1455	1533	20	21	1	2	2
1456	691	56	59	2	2	2
1457	728	67	69	1	2	1
1458	1377	54	55	1	1	2
1459	731	17	20	3	1	2
1460	387	58	61	3	1	3
1461	1492	2	3	1	1	2
1462	1433	31	32	3	2	2
1463	2022	18	21	1	1	3
1464	2048	25	28	3	1	3
1465	1184	33	35	2	2	3
1466	584	49	50	3	1	1
1467	1195	10	11	1	1	3
1468	2136	2	3	1	2	3
1469	291	68	71	3	1	1
1470	2153	2	3	3	1	2
1471	412	42	43	3	2	1
1472	570	71	73	2	1	3
1473	873	46	47	3	1	2
1474	1872	40	42	2	1	3
1475	1839	48	49	1	1	3
1476	1968	52	53	3	2	2
1477	494	48	49	1	2	1
1478	394	19	21	2	2	2
1479	2188	36	37	2	2	1
1480	2154	59	61	3	1	3
1481	766	48	50	3	1	3
1482	827	31	32	1	2	3
1483	376	54	57	2	2	1
1484	1223	49	50	3	1	3
1485	454	23	25	3	2	1
1486	1965	67	69	1	2	1
1487	100	7	8	2	2	1
1488	1644	27	30	1	2	3
1489	1782	56	57	3	1	1
1490	1575	29	31	1	2	3
1491	551	61	64	1	2	2
1492	618	54	56	3	2	3
1493	1433	35	38	1	1	3
1494	1702	26	28	3	1	2
1495	894	8	11	1	1	1
1496	793	61	62	2	1	2
1497	1606	20	23	1	2	3
1498	590	46	49	2	1	1
1499	1446	16	18	3	2	1
1500	1445	47	49	2	2	2
1501	1295	68	71	3	2	1
1502	1414	43	46	3	1	2
1503	264	44	47	1	2	2
1504	1979	11	13	3	2	1
1505	335	60	61	3	2	1
1506	2056	7	8	2	1	3
1507	1927	46	48	2	2	3
1508	621	23	26	1	1	1
1509	907	1	4	1	2	3
1510	324	35	38	3	2	1
1511	1124	48	49	1	2	3
1512	443	48	51	3	1	1
1513	423	31	34	1	1	1
1514	154	51	54	3	1	2
1515	1334	7	9	2	1	3
1516	816	49	51	3	2	1
1517	867	40	42	1	2	1
1518	276	52	54	1	2	2
1519	1901	1	2	2	2	2
1520	1954	55	58	1	2	1
1521	2077	11	13	2	2	1
1522	1316	16	18	2	1	3
1523	2018	25	28	1	2	2
1524	288	23	25	3	1	1
1525	748	69	71	1	2	3
1526	1489	36	38	3	1	2
1527	1224	28	29	1	2	3
1528	1733	61	64	3	2	3
1529	1145	50	51	2	2	3
1530	1829	48	51	2	2	3
1531	821	20	23	2	2	1
1532	476	42	45	3	2	2
1533	1320	38	41	2	1	1
1534	568	63	64	3	1	1
1535	807	17	19	1	1	1
1536	1670	31	34	2	2	3
1537	859	5	7	1	1	1
1538	1468	18	19	3	1	1
1539	1886	61	62	3	1	3
1540	492	67	69	1	1	3
1541	1110	35	38	3	1	2
1542	49	35	36	1	1	3
1543	1213	8	9	3	2	3
1544	721	48	50	2	1	3
1545	1009	24	26	1	1	2
1546	64	62	64	3	1	2
1547	1014	63	64	1	1	2
1548	267	37	39	3	2	2
1549	735	36	39	2	1	2
1550	1426	9	10	1	1	3
1551	1986	18	21	2	1	2
1552	1379	59	60	1	1	2
1553	1395	31	33	2	2	2
1554	1893	32	35	3	2	3
1555	1396	44	45	2	1	2
1556	255	60	63	2	2	2
1557	372	70	71	2	2	3
1558	885	40	41	2	2	1
1559	2181	72	73	1	1	1
1560	2026	27	28	1	1	1
1561	1191	19	22	2	2	2
1562	1027	3	6	3	1	3
1563	360	51	53	1	1	1
1564	1443	13	14	1	1	3
1565	1933	59	60	2	2	3
1566	2173	34	36	2	1	1
1567	950	24	27	2	2	2
1568	771	4	5	3	1	3
1569	1012	64	66	1	2	1
1570	1085	42	43	3	1	3
1571	1442	11	12	3	2	1
1572	104	17	20	3	2	3
1573	1033	66	68	2	2	3
1574	1887	42	43	2	1	1
1575	1342	60	63	3	1	3
1576	571	62	65	3	1	2
1577	1471	39	41	2	2	1
1578	338	49	50	1	2	3
1579	1205	45	47	1	2	1
1580	508	17	19	3	1	2
1581	1668	70	71	1	2	1
1582	366	39	41	3	1	1
1583	680	15	17	3	2	2
1584	1777	38	39	2	2	3
1585	770	64	67	3	1	1
1586	1175	22	23	3	1	2
1587	835	49	50	1	2	1
1588	1959	45	48	2	1	1
1589	644	4	5	2	1	2
1590	2082	67	68	3	1	2
1591	1708	15	18	1	2	2
1592	1165	16	19	1	1	1
1593	772	8	10	1	2	3
1594	134	33	34	3	2	3
1595	989	52	53	2	1	3
1596	1243	56	59	3	1	2
1597	413	15	17	3	2	1
1598	1075	36	39	2	2	3
1599	354	46	47	1	1	2
1600	68	10	11	3	2	1
1601	1613	27	28	3	2	3
1602	310	24	26	2	2	1
1603	884	60	62	3	1	1
1604	1181	8	11	1	2	3
1605	1234	59	62	3	1	3
1606	1255	14	17	3	2	2
1607	1779	28	29	2	1	1
1608	1997	19	20	3	2	3
1609	189	35	36	3	2	1
1610	719	27	30	3	2	1
1611	1623	51	52	1	2	2
1612	1335	7	9	1	1	3
1613	1230	6	9	2	2	1
1614	1892	36	38	3	2	2
1615	92	16	17	3	1	3
1616	1875	1	3	3	2	1
1617	2028	33	36	2	2	3
1618	1689	16	18	3	2	3
1619	1427	44	47	3	1	3
1620	1639	7	8	2	2	1
1621	432	38	41	2	2	2
1622	1412	37	38	3	1	2
1623	1870	69	71	1	1	3
1624	436	1	3	2	1	3
1625	318	62	63	2	1	1
1626	646	29	31	1	1	2
1627	492	36	39	1	2	2
1628	1662	23	26	3	1	3
1629	153	51	54	1	2	3
1630	911	38	40	3	1	3
1631	891	26	28	1	2	1
1632	1510	45	46	3	2	1
1633	759	29	32	3	2	3
1634	1774	58	61	3	2	2
1635	683	37	38	1	2	2
1636	1550	21	23	1	1	1
1637	732	52	54	3	2	3
1638	2001	65	67	2	1	2
1639	940	45	47	2	2	1
1640	1211	49	52	1	1	2
1641	920	14	17	2	2	1
1642	1749	42	44	1	2	3
1643	609	25	26	1	2	3
1644	1811	14	16	3	1	2
1645	598	2	4	3	1	3
1646	385	31	33	1	1	3
1647	1109	12	14	2	2	1
1648	2023	68	71	2	2	3
1649	843	65	67	3	1	2
1650	1867	30	31	2	1	2
1651	1796	9	12	2	2	3
1652	140	28	29	2	2	3
1653	1483	70	73	2	1	1
1654	184	56	58	1	1	1
1655	662	50	51	2	1	3
1656	1820	28	29	3	2	3
1657	206	25	27	2	1	3
1658	737	65	66	2	2	3
1659	877	26	27	2	1	2
1660	980	15	18	2	1	3
1661	542	63	66	1	1	2
1662	1909	60	61	1	1	3
1663	1322	48	49	3	2	3
1664	573	24	26	3	1	1
1665	1110	8	11	3	1	3
1666	649	54	57	1	2	1
1667	1273	42	43	2	2	1
1668	363	45	48	3	2	2
1669	1057	57	59	1	2	2
1670	94	56	58	2	1	2
1671	943	7	8	2	1	3
1672	1743	66	67	2	1	3
1673	1557	21	24	3	1	1
1674	315	30	33	1	1	1
1675	110	35	38	3	1	2
1676	1091	71	72	2	1	1
1677	1291	38	41	3	2	2
1678	1046	32	34	3	2	3
1679	1332	26	27	3	2	3
1680	1802	21	24	1	1	2
1681	142	47	49	3	2	3
1682	55	55	56	3	2	1
1683	1576	31	32	1	2	1
1684	165	59	60	2	2	2
1685	1671	29	30	1	2	3
1686	178	12	13	2	1	3
1687	1602	66	69	1	2	1
1688	2044	4	7	3	2	1
1689	837	54	57	1	1	3
1690	199	48	49	1	1	1
1691	2155	40	43	3	2	3
1692	23	71	73	2	2	3
1693	345	3	6	3	2	3
1694	1360	36	39	2	1	2
1695	895	45	46	3	2	2
1696	1849	46	47	1	1	2
1697	150	55	58	2	2	3
1698	388	56	59	2	2	2
1699	1767	63	65	1	2	3
1700	343	56	57	1	2	2
1701	168	30	33	3	2	3
1702	2137	71	72	2	2	2
1703	313	63	66	1	2	2
1704	1965	29	31	2	1	1
1705	1348	57	58	3	1	3
1706	1788	72	74	1	2	3
1707	1864	57	59	1	1	3
1708	757	42	43	1	2	3
1709	1167	36	37	2	2	2
1710	392	16	18	1	1	2
1711	1080	41	43	3	1	3
1712	2113	53	54	1	2	1
1713	900	23	25	2	2	3
1714	715	41	42	3	1	1
1715	1731	38	39	1	2	1
1716	1944	27	29	3	1	3
1717	2007	35	37	1	1	1
1718	673	20	23	3	2	1
1719	1675	55	58	1	2	1
1720	1056	14	16	2	1	2
1721	1130	62	64	3	2	3
1722	1497	7	9	3	2	3
1723	946	53	54	2	2	1
1724	539	65	66	3	1	2
1725	949	23	26	1	2	3
1726	119	50	51	3	1	1
1727	1978	1	3	2	2	2
1728	1948	31	34	3	1	3
1729	1642	45	48	3	2	3
1730	344	66	69	3	1	2
1731	159	65	68	3	2	1
1732	1983	11	12	3	1	2
1733	2158	54	55	1	2	1
1734	2164	58	60	1	2	2
1735	71	64	66	1	2	2
1736	606	63	66	1	2	3
1737	457	18	21	2	2	2
1738	1064	71	74	1	2	3
1739	1656	6	9	2	2	1
1740	938	12	13	3	2	2
1741	671	34	37	3	2	2
1742	228	70	71	3	1	3
1743	1852	4	5	2	1	3
1744	330	50	53	3	2	2
1745	1915	22	24	3	2	1
1746	580	14	16	1	2	1
1747	979	51	53	3	1	1
1748	1838	11	14	1	2	2
1749	1659	22	24	3	2	1
1750	1841	68	70	3	2	3
1751	475	60	61	2	1	2
1752	437	63	65	2	2	1
1753	1599	66	67	1	1	1
1754	712	16	18	1	2	2
1755	607	29	30	1	1	3
1756	1225	16	18	1	2	1
1757	76	21	22	3	1	3
1758	1140	33	36	2	1	3
1759	1574	10	12	1	1	1
1760	657	54	55	3	2	2
1761	442	34	36	2	2	1
1762	24	9	11	2	1	1
1763	1558	49	52	3	1	1
1764	1778	51	53	3	1	1
1765	1197	16	17	1	2	3
1766	958	29	30	3	2	1
1767	739	50	53	3	2	3
1768	1648	1	4	3	2	3
1769	979	31	34	2	2	3
1770	214	24	26	1	1	1
1771	1519	25	28	3	1	3
1772	1710	34	37	3	1	3
1773	210	35	36	3	2	3
1774	817	11	12	2	2	3
1775	1974	18	21	2	1	3
1776	1135	26	27	2	1	3
1777	1956	69	70	2	2	3
1778	1333	64	65	1	2	1
1779	1991	33	34	3	1	3
1780	383	22	24	1	1	1
1781	872	21	24	2	2	3
1782	666	69	70	3	1	1
1783	421	68	71	2	1	2
1784	1429	16	19	2	1	3
1785	668	18	21	3	2	3
1786	799	14	15	2	2	3
1787	2183	15	16	1	2	1
1788	2149	69	70	1	1	2
1789	349	28	31	3	1	2
1790	1039	46	49	1	1	3
1791	163	32	35	1	1	2
1792	1896	29	31	2	1	3
1793	534	52	53	2	1	2
1794	1815	62	65	3	2	3
1795	1578	63	64	2	2	1
1796	1562	42	44	2	1	3
1797	953	4	5	3	2	2
1798	2052	2	4	3	1	2
1799	114	17	18	2	2	3
1800	576	26	27	3	2	1
1801	1725	28	30	2	1	3
1802	2045	8	11	1	2	3
1803	1610	70	73	1	2	1
1804	2056	67	69	3	1	3
1805	219	35	37	3	1	3
1806	1488	57	59	1	2	3
1807	1851	12	15	2	2	1
1808	77	51	53	1	2	1
1809	53	46	48	1	2	2
1810	1008	44	46	1	2	1
1811	861	57	60	3	1	1
1812	655	70	71	1	2	1
1813	1353	30	32	2	2	1
1814	248	25	26	2	2	3
1815	658	59	60	2	1	1
1816	397	35	37	2	2	3
1817	533	58	59	3	2	2
1818	731	63	64	1	1	1
1819	2115	50	52	2	1	1
1820	836	15	18	3	1	3
1821	705	11	12	2	2	1
1822	1654	43	45	1	1	1
1823	1459	53	56	1	1	3
1824	2168	51	52	3	1	1
1825	798	27	29	2	1	2
1826	1847	10	13	1	2	1
1827	1879	43	46	2	1	3
1828	1591	53	56	3	1	1
1829	11	48	49	2	2	2
1830	2130	35	38	3	1	2
1831	328	59	62	1	1	1
1832	289	14	16	2	1	1
1833	1494	58	61	2	2	1
1834	1388	3	6	3	2	2
1835	1371	13	15	3	2	3
1836	1035	16	17	3	2	3
1837	1362	34	36	1	2	3
1838	928	51	52	1	2	3
1839	1259	12	14	1	2	1
1840	1028	8	11	1	2	1
1841	1598	67	70	1	2	3
1842	841	39	41	1	1	3
1843	244	11	14	2	1	3
1844	1410	24	25	2	2	1
1845	2186	27	28	2	2	1
1846	1006	38	39	3	2	1
1847	800	63	64	3	2	1
1848	1572	43	45	1	1	1
1849	2	53	56	1	1	2
1850	1946	17	20	2	2	1
1851	141	20	21	3	1	2
1852	795	60	62	3	1	2
1853	314	63	65	2	2	2
1854	236	27	29	3	1	3
1855	602	64	67	2	1	2
1856	1720	25	28	1	1	1
1857	7	44	46	2	1	3
1858	1974	45	47	2	2	3
1859	716	69	72	2	2	2
1860	1507	23	26	3	1	3
1861	1685	51	52	3	2	3
1862	1023	12	13	1	1	1
1863	1475	46	49	1	2	3
1864	1490	5	6	1	2	3
1865	557	60	62	2	1	2
1866	1156	20	21	1	1	3
1867	1592	20	21	2	1	1
1868	1659	52	53	1	1	2
1869	1931	66	69	3	1	3
1870	246	16	17	3	1	3
1871	1742	38	41	3	1	2
1872	105	52	54	3	1	2
1873	598	34	35	3	1	1
1874	1131	63	64	3	1	1
1875	852	35	36	2	1	1
1876	642	21	23	2	2	1
1877	322	6	8	3	2	1
1878	436	1	3	1	2	3
1879	8	30	31	2	2	2
1880	1043	31	34	2	1	3
1881	109	69	72	2	2	3
1882	425	31	32	1	2	1
1883	2073	53	56	2	2	2
1884	157	19	22	1	2	3
1885	422	15	18	3	2	1
1886	434	1	2	3	1	1
1887	1584	71	72	2	1	2
1888	1389	11	14	1	2	2
1889	1180	63	66	3	2	1
1890	1989	5	8	2	2	1
1891	1663	19	20	3	2	2
1892	1072	60	63	2	1	3
1893	1217	63	64	1	1	3
1894	455	18	21	1	1	1
1895	232	31	34	2	2	2
1896	1292	45	47	1	2	1
1897	637	2	4	3	1	3
1898	1504	21	24	2	1	2
1899	429	57	60	2	1	2
1900	1748	35	37	3	1	1
1901	541	52	53	1	2	2
1902	186	4	5	3	2	2
1903	465	38	40	1	2	3
1904	2187	11	14	2	1	3
1905	1047	60	62	2	1	3
1906	304	47	49	2	2	3
1907	665	6	8	2	1	3
1908	254	59	60	1	1	3
1909	921	40	42	3	1	3
1910	1141	29	32	3	1	2
1911	369	32	35	2	2	2
1912	1343	19	21	2	2	2
1913	175	63	65	3	2	2
1914	466	6	8	1	2	2
1915	1874	12	13	1	2	1
1916	631	64	66	2	1	3
1917	953	68	70	3	2	2
1918	1437	29	31	2	1	3
1919	1818	54	55	2	2	2
1920	1975	52	53	3	1	2
1921	152	27	28	1	1	3
1922	1843	21	23	1	1	3
1923	1077	10	11	1	1	3
1924	881	20	22	1	2	3
1925	996	8	9	2	1	1
1926	1148	27	29	3	1	3
1927	1076	23	26	1	2	2
1928	2006	45	48	1	1	2
1929	226	37	40	3	1	3
1930	1288	63	66	3	1	2
1931	1656	49	50	3	2	3
1932	1629	36	38	3	1	1
1933	458	57	59	3	1	3
1934	723	13	14	2	1	2
1935	2109	4	5	1	1	3
1936	1480	27	29	3	2	3
1937	2000	11	12	3	2	1
1938	653	59	61	3	2	1
1939	1814	46	48	3	1	2
1940	513	5	7	2	2	3
1941	1172	22	24	3	1	3
1942	1801	51	53	2	2	1
1943	181	49	51	1	1	1
1944	703	15	16	2	1	2
1945	1245	46	49	3	2	2
1946	934	42	44	1	1	1
1947	1049	66	68	1	2	1
1948	1112	52	54	2	2	1
1949	1618	30	33	1	2	1
1950	812	68	70	3	2	3
1951	1949	1	2	2	1	2
1952	452	37	39	3	2	2
1953	652	44	46	3	2	3
1954	614	22	24	2	2	3
1955	118	6	8	3	2	2
1956	969	61	63	2	2	2
1957	2084	1	2	3	1	2
1958	126	13	15	3	2	1
1959	1464	40	42	3	2	2
1960	612	4	5	2	1	1
1961	1700	33	34	2	1	2
1962	1583	62	64	2	2	3
1963	2139	7	9	3	1	2
1964	701	46	48	2	2	2
1965	2046	4	5	3	2	2
1966	1177	61	63	2	1	2
1967	112	37	39	3	1	3
1968	1844	57	59	1	2	2
1969	1423	5	6	1	2	1
1970	1074	50	52	1	2	1
1971	1751	2	3	1	1	1
1972	840	60	62	1	1	2
1973	1976	70	71	2	1	1
1974	1086	70	71	2	2	1
1975	1605	9	11	3	2	1
1976	1616	29	32	3	1	3
1977	1010	61	62	1	1	3
1978	1788	27	28	3	2	1
1979	1473	68	71	1	2	3
1980	1536	56	58	1	2	3
1981	974	64	66	2	2	1
1982	1066	46	49	3	2	3
1983	2013	47	49	2	2	2
1984	2060	24	26	1	2	3
1985	266	26	28	1	2	2
1986	1108	17	18	3	2	3
1987	1286	16	18	2	2	1
1988	1712	72	73	2	1	1
1989	1173	20	23	2	2	3
1990	1160	12	13	2	1	2
1991	2011	19	22	3	2	1
1992	15	30	32	2	1	3
1993	905	41	44	3	2	3
1994	534	17	19	2	1	2
1995	81	8	11	1	2	2
1996	1000	13	15	2	2	3
1997	1624	25	26	3	1	2
1998	498	33	34	3	1	1
1999	73	29	32	2	1	1
2000	97	57	59	2	2	1
2001	117	13	15	3	1	3
2002	1539	63	66	2	2	1
2003	1589	39	40	3	2	2
2004	1460	39	40	3	1	1
2005	828	71	73	1	1	1
2006	398	21	24	1	1	3
2007	1718	17	20	1	1	2
2008	400	45	46	2	1	1
2009	753	11	12	2	1	3
2010	925	9	12	1	1	2
2011	269	11	12	3	1	1
2012	758	14	15	1	1	3
2013	1313	66	68	3	1	3
2014	1257	49	51	1	1	2
2015	1138	6	9	2	1	3
2016	1004	5	6	2	2	3
2017	271	13	14	1	1	1
2018	2101	65	68	3	2	2
2019	2114	54	57	2	2	2
2020	252	16	18	2	2	3
2021	604	27	29	2	1	1
2022	2030	22	24	2	2	2
2023	1980	63	66	3	1	1
2024	1908	14	17	3	1	1
2025	926	19	22	3	1	2
2026	237	31	33	3	1	3
2027	1642	39	42	2	1	1
2028	1992	31	33	1	1	2
2029	318	46	49	1	1	2
2030	613	8	10	3	1	1
2031	1078	9	12	2	1	1
2032	1945	33	35	3	1	1
2033	1670	56	57	1	2	3
2034	1560	60	61	1	2	3
2035	871	3	4	2	1	2
2036	1368	69	72	1	1	2
2037	1984	42	45	2	2	3
2038	1385	60	62	3	1	1
2039	1845	70	71	2	2	3
2040	641	26	27	2	1	2
2041	131	29	31	2	1	1
2042	96	6	8	2	1	2
2043	504	39	40	3	2	2
2044	1155	8	10	2	1	2
2045	1918	52	55	1	1	2
2046	648	29	31	1	1	3
2047	661	28	31	1	1	2
2048	56	24	26	2	1	2
2049	420	44	45	2	1	1
2050	1381	11	13	3	2	3
2051	1759	60	61	3	1	1
2052	1626	6	8	2	1	1
2053	554	37	40	1	2	3
2054	1906	19	21	3	2	2
2055	1937	63	65	3	2	1
2056	896	46	49	3	1	3
2057	627	45	46	1	2	3
2058	1916	29	30	3	1	1
2059	1170	1	3	3	2	1
2060	1549	28	29	2	2	1
2061	1561	16	19	1	2	1
2062	1301	61	64	2	1	1
2063	1532	13	14	1	2	3
2064	1665	52	55	2	1	3
2065	1741	71	73	2	2	2
2066	1398	3	5	1	2	1
2067	381	50	51	3	2	2
2068	1910	21	23	3	1	2
2069	2128	53	55	2	2	1
2070	542	66	67	3	2	1
2071	1552	31	33	2	1	2
2072	1721	23	26	1	2	3
2073	1643	31	32	3	2	1
2074	1051	61	62	1	2	1
2075	1651	1	4	1	1	1
2076	445	22	25	1	2	2
2077	158	62	63	2	1	2
2078	1253	16	18	1	1	1
2079	427	56	59	3	1	3
2080	308	13	16	3	1	1
2081	1724	48	51	2	1	3
2082	556	62	63	3	2	3
2083	1515	26	29	3	1	2
2084	1088	11	13	2	2	3
2085	2025	67	70	2	1	2
2086	1236	57	60	1	2	2
2087	531	45	48	3	1	1
2088	1792	35	37	3	2	3
2089	978	16	18	1	2	3
2090	196	53	55	2	2	1
2091	256	49	50	2	1	2
2092	406	8	9	2	1	1
2093	307	64	65	3	1	3
2094	1121	67	69	2	2	3
2095	636	49	50	3	1	3
2096	875	5	8	3	1	1
2097	440	34	37	2	1	2
2098	127	21	23	1	1	3
2099	132	44	45	3	1	1
2100	268	27	28	2	2	2
2101	462	34	35	1	1	1
2102	262	44	46	3	1	3
2103	1849	71	73	1	1	2
2104	924	27	30	1	1	2
2105	2035	25	28	2	1	3
2106	1226	51	54	3	2	2
2107	1465	39	41	1	2	1
2108	893	29	32	3	2	2
2109	839	8	10	1	1	1
2110	685	19	21	3	2	2
2111	56	8	11	2	2	1
2112	484	51	52	1	1	3
2113	1095	25	26	1	1	3
2114	1793	41	44	3	2	3
2115	1227	38	40	2	2	1
2116	205	29	32	3	2	2
2117	1951	38	39	1	2	1
2118	171	69	72	1	1	1
2119	651	5	7	2	1	2
2120	453	60	63	2	1	3
2121	1993	63	65	1	2	1
2122	757	69	71	3	1	2
2123	365	12	13	3	1	1
2124	995	40	41	1	2	3
2125	193	48	50	1	1	3
2126	632	16	18	1	2	3
2127	1581	61	62	3	2	1
2128	1431	71	72	2	1	1
2129	2088	22	25	2	1	2
2130	1988	57	59	2	2	2
2131	85	57	60	2	2	3
2132	826	41	42	3	2	2
2133	700	6	7	1	2	3
2134	2104	27	29	3	2	3
2135	265	54	56	2	2	3
2136	704	8	10	2	1	3
2137	817	10	11	3	1	1
2138	2027	28	29	1	2	1
2139	1216	16	18	3	1	2
2140	564	50	52	1	2	2
2141	2098	39	41	3	1	2
2142	1582	11	14	2	2	2
2143	1790	69	71	2	1	2
2144	1021	43	45	2	2	2
2145	756	34	36	1	2	1
2146	1542	73	74	1	2	1
2147	860	39	41	2	2	1
2148	698	46	48	2	1	1
2149	1850	65	67	1	2	2
2150	879	65	66	2	1	3
2151	158	25	27	3	2	3
2152	1722	41	44	3	1	1
2153	932	67	70	2	2	1
2154	902	3	4	2	1	2
2155	67	65	66	3	2	3
2156	2110	11	14	3	2	3
2157	74	31	33	3	1	1
2158	203	25	26	1	1	3
2159	1079	5	7	1	2	3
2160	1013	53	54	3	1	3
2161	639	65	68	2	1	3
2162	115	51	54	2	1	3
2163	1089	13	15	3	1	1
2164	1723	33	34	2	1	3
2165	2090	40	43	3	1	2
2166	850	48	51	1	2	1
2167	1739	13	14	2	1	1
2168	1011	50	52	1	2	1
2169	767	8	11	1	2	2
2170	384	44	47	3	2	1
2171	903	16	18	1	2	3
2172	1688	17	18	2	1	2
2173	1911	43	44	2	1	1
2174	1242	28	29	3	2	3
2175	1060	24	27	3	2	3
2176	912	28	29	2	2	3
2177	608	10	13	2	2	3
2178	42	53	56	1	2	3
2179	263	11	14	3	2	1
2180	54	24	26	1	2	3
2181	687	27	29	3	1	3
2182	2150	2	5	2	1	2
2183	1789	28	31	2	2	1
2184	972	7	10	3	1	2
2185	781	20	23	3	1	3
2186	2033	29	32	2	1	3
2187	599	11	13	2	2	1
2188	1728	7	10	2	2	2
2189	247	61	64	3	1	1
2190	946	5	8	3	1	3
2191	1250	14	16	2	2	2
2192	41	42	44	1	1	3
2193	496	70	72	2	2	1
2194	777	32	35	3	2	1
2195	1525	71	74	1	1	2
2196	588	47	48	3	1	1
2197	1860	57	58	3	2	2
2198	1505	9	12	1	2	1
2199	183	4	6	3	2	2
2200	2038	26	27	1	1	2
2201	1567	63	66	1	1	1
2202	819	56	59	2	1	3
2203	2138	63	64	2	1	3
2204	1535	47	49	1	2	1
2205	2112	44	45	3	2	2
2206	594	42	44	3	1	3
2207	2115	5	7	1	2	3
2208	35	65	68	1	1	3
2209	1781	41	42	2	2	2
2210	66	43	44	3	2	1
2211	1769	34	35	3	1	2
2212	304	1	4	3	2	3
2213	1116	35	36	3	2	2
2214	1274	48	49	2	2	2
2215	1646	55	58	2	2	3
2216	1620	8	10	3	1	2
2217	1753	48	49	1	2	3
2218	1837	16	17	3	2	2
2219	1098	20	23	1	1	1
2220	1129	16	17	2	1	1
2221	1625	20	22	3	1	2
2222	993	53	54	2	1	3
2223	1687	28	31	2	2	2
2224	1193	38	41	2	1	1
2225	1093	63	65	3	1	3
2226	1003	60	61	1	2	3
2227	1878	12	14	2	1	1
2228	1813	55	57	2	1	1
2229	733	55	58	1	2	3
2230	318	30	33	3	1	1
2231	1479	64	67	3	1	1
2232	1380	30	33	2	2	2
2233	1999	6	7	3	2	1
2234	1235	34	35	1	1	1
2235	2152	67	70	2	1	2
2236	146	10	12	1	1	1
2237	414	58	60	2	1	3
2238	201	18	19	3	2	1
2239	717	26	28	1	1	1
2240	70	10	12	1	2	3
2241	165	51	54	1	2	1
2242	298	41	44	2	2	3
2243	88	23	25	1	1	3
2244	1664	40	43	2	1	2
2245	239	62	64	2	2	1
2246	279	17	20	2	2	3
2247	40	45	48	1	1	3
2248	290	22	25	3	1	1
2249	1653	32	34	2	1	3
2250	479	26	28	1	1	3
2251	2080	51	52	3	2	3
2252	1904	39	40	3	1	2
2253	16	8	10	1	1	1
2254	1666	13	14	3	2	3
2255	1450	34	36	2	1	2
2256	1821	14	17	1	1	3
2257	985	53	54	2	1	2
2258	1508	41	44	2	2	3
2259	961	20	23	1	2	1
2260	1961	4	5	3	1	2
2261	1511	21	23	2	2	1
2262	1151	34	37	2	2	1
2263	364	25	27	3	1	2
2264	1810	60	62	2	1	2
2265	519	50	51	1	2	3
2266	994	4	7	1	1	2
2267	316	70	73	1	1	2
2268	992	56	58	1	1	3
2269	572	50	53	1	2	3
2270	1029	68	70	3	2	2
2271	2049	54	56	1	1	2
2272	1063	2	4	1	1	3
2273	634	51	54	3	2	3
2274	1364	55	58	2	2	1
2275	586	17	18	1	2	1
2276	165	27	29	2	2	1
2277	250	28	30	3	2	2
2278	927	10	11	3	1	1
2279	1120	55	56	2	1	3
2280	748	40	42	1	2	3
2281	2037	65	67	2	2	3
2282	1703	16	17	3	2	1
2283	480	15	18	2	2	1
2284	2158	38	41	2	2	3
2285	836	5	6	2	2	3
2286	221	39	41	3	1	2
2287	1799	69	71	1	2	1
2288	1706	65	67	2	1	1
2289	169	7	8	3	2	1
2290	1331	46	49	2	1	2
2291	1757	11	14	3	2	2
2292	2058	14	16	1	2	1
2293	1382	60	62	1	2	1
2294	1019	26	29	3	1	2
2295	1185	47	49	3	2	2
2296	545	58	60	3	2	1
2297	589	55	57	2	2	3
2298	2142	34	36	3	2	3
2299	1744	21	23	1	2	1
2300	536	41	44	2	2	1
2301	215	53	54	1	2	2
2302	682	22	24	2	1	3
2303	818	66	69	3	1	1
2304	528	53	54	2	2	3
2305	1318	2	4	1	1	1
2306	973	45	47	3	2	2
2307	1929	25	26	1	2	3
2308	1258	23	24	3	2	2
2309	1745	36	38	3	2	1
2310	1816	18	20	2	2	2
2311	1839	19	21	2	1	3
2312	559	38	40	1	1	2
2313	1189	15	17	3	2	1
2314	103	55	56	3	1	2
2315	1231	63	64	2	1	1
2316	2103	54	56	3	1	3
2317	1548	55	56	3	2	3
2318	933	66	68	1	2	2
2319	437	4	5	1	2	2
2320	331	16	18	2	2	3
2321	1218	36	38	2	1	2
2322	401	6	9	3	2	3
2323	1902	16	19	2	2	2
2324	1090	5	7	1	2	3
2325	869	58	61	1	2	1
2326	727	10	11	3	1	1
2327	2121	23	26	2	2	3
2328	469	41	42	2	1	2
2329	1628	21	24	3	2	2
2330	143	39	42	3	2	1
2331	1425	31	34	1	2	2
2332	933	30	32	1	2	1
2333	907	24	26	1	2	3
2334	1854	60	61	3	1	3
2335	1285	58	60	2	2	1
2336	1577	46	47	1	1	2
2337	1658	27	29	3	1	3
2338	818	9	10	1	2	3
2339	1326	33	35	2	1	1
2340	600	11	12	1	2	3
2341	619	37	39	1	2	3
2342	967	40	42	3	1	1
2343	1673	57	60	3	1	1
2344	920	15	17	1	1	2
2345	530	3	4	1	1	2
2346	435	66	69	3	1	3
2347	1059	49	50	2	1	2
2348	2097	61	63	3	2	3
2349	1825	9	12	2	2	1
2350	1410	32	33	2	2	2
2351	1271	38	39	2	1	3
2352	1222	15	16	1	2	2
2353	635	65	66	1	2	3
2354	2159	35	36	3	1	2
2355	1314	55	56	2	1	2
2356	44	35	37	2	1	1
2357	1490	48	51	1	1	3
2358	745	10	13	3	1	3
2359	734	59	60	3	1	1
2360	1070	61	64	2	2	1
2361	1873	67	70	1	2	2
2362	1885	29	31	2	2	1
2363	2099	14	16	1	1	2
2364	311	50	53	2	2	2
2365	1693	34	37	3	1	3
2366	1357	39	41	1	1	1
2367	323	64	66	2	2	2
2368	2039	32	34	1	1	2
2369	601	12	15	1	1	1
2370	1183	46	49	3	2	3
2371	874	6	7	2	2	3
2372	1686	1	4	2	2	3
2373	1241	2	5	1	1	2
2374	939	9	12	3	2	2
2375	548	68	71	2	1	2
2376	45	65	68	1	2	1
2377	1113	13	15	2	2	3
2378	387	63	66	3	2	2
2379	1309	21	22	3	2	2
2380	2054	58	61	1	2	3
2381	592	34	37	1	1	2
2382	2157	3	4	2	1	3
2383	477	29	31	1	2	1
2384	1125	41	43	2	1	1
2385	1758	32	34	1	1	3
2386	275	11	12	1	2	3
2387	1905	3	4	1	1	3
2388	25	47	49	1	2	3
2389	987	33	36	2	2	3
2390	1293	49	51	3	1	2
2391	616	38	40	3	2	3
2392	321	57	59	2	2	1
2393	1240	4	7	3	1	2
2394	901	29	31	1	2	2
2395	375	35	37	1	2	1
2396	1416	55	58	2	2	3
2397	1158	31	32	1	2	3
2398	1950	64	67	2	2	2
2399	2178	15	18	3	1	1
2400	544	15	18	3	2	1
2401	1890	36	39	1	2	3
2402	1154	53	54	3	1	3
2403	880	11	12	2	2	3
2404	1452	32	33	1	2	3
2405	1862	43	46	2	1	3
2406	2162	41	43	1	2	1
2407	1478	70	71	3	1	2
2408	1786	47	48	2	1	3
2409	1676	70	72	1	1	3
2410	258	66	67	3	2	3
2411	1500	38	39	2	2	1
2412	36	35	37	2	1	2
2413	761	32	33	1	2	2
2414	1518	42	43	2	1	3
2415	2002	62	65	3	2	2
2416	562	15	17	3	2	1
2417	1705	58	60	1	2	2
2418	2167	25	27	2	2	1
2419	179	17	19	3	1	3
2420	1123	49	50	2	1	1
2421	1760	28	29	2	2	2
2422	697	56	58	3	2	1
2423	1514	16	17	3	2	1
2424	4	49	51	3	1	1
2425	2126	8	9	2	2	3
2426	1853	21	23	3	1	2
2427	1534	59	62	3	2	2
2428	692	39	41	2	2	2
2429	235	8	11	3	2	3
2430	2050	48	49	1	2	3
2431	1393	5	6	2	2	1
2432	1457	34	37	1	1	2
2433	892	22	23	2	1	1
2434	1587	15	17	2	2	3
2435	391	66	68	2	2	3
2436	537	49	51	3	2	1
2437	929	64	67	1	1	3
2438	1548	5	8	1	2	1
2439	294	5	7	1	1	3
2440	1551	4	6	2	2	3
2441	991	68	69	1	2	2
2442	551	44	47	1	1	2
2443	1540	14	15	3	2	2
2444	1804	55	57	2	2	1
2445	2115	36	37	1	1	1
2446	1996	57	60	2	1	1
2447	334	39	41	1	1	1
2448	2106	18	19	2	2	3
2449	1448	39	40	2	2	2
2450	98	59	61	3	1	2
2451	371	12	13	1	1	3
2452	1570	68	70	2	2	3
2453	1329	37	38	3	2	3
2454	1399	47	48	3	1	3
2455	1176	41	43	1	1	2
2456	411	51	54	3	1	2
2457	223	60	61	1	2	2
2458	1199	29	30	3	1	2
2459	2152	3	6	1	2	1
2460	31	26	29	1	2	2
2461	988	39	42	1	2	2
2462	707	8	10	1	1	3
2463	1555	15	17	1	2	1
2464	880	51	54	1	1	1
2465	1935	60	62	3	1	1
2466	2085	33	36	1	1	1
2467	730	57	59	1	1	3
2468	471	37	39	3	1	1
2469	898	9	10	2	2	3
2470	1022	54	57	1	1	2
2471	1599	49	51	1	2	1
2472	1104	3	4	3	2	2
2473	962	67	68	3	2	1
2474	2122	71	73	2	1	2
2475	188	56	57	2	1	2
2476	610	19	21	2	1	1
2477	706	72	73	1	2	1
2478	1327	55	58	2	1	2
2479	597	64	65	3	2	1
2480	1204	22	25	2	1	2
2481	1868	36	39	2	2	1
2482	1238	33	36	2	2	3
2483	1932	29	30	1	1	1
2484	1889	54	56	2	1	1
2485	1149	7	9	1	1	3
2486	1418	34	35	1	2	2
2487	640	61	64	2	2	1
2488	1604	51	54	3	1	3
2489	870	43	45	1	1	3
2490	792	52	53	1	1	1
2491	595	45	47	1	2	1
2492	113	6	8	3	2	3
2493	2036	64	65	2	2	2
2494	181	31	34	3	1	2
2495	798	62	63	2	1	1
2496	1024	4	6	1	1	1
2497	759	8	10	1	1	3
2498	1569	62	63	2	1	3
2499	1516	4	7	2	2	3
2500	1876	14	17	1	2	3

