DATASET = ORTEC-hidden instance set VeRoLog competition
NAME = vehicle days over tools over vehicles over distance with 2000 requests over 65 days

DAYS = 65
CAPACITY = 35
MAX_TRIP_DISTANCE = 17000
DEPOT_COORDINATE = 0

VEHICLE_COST = 5000
VEHICLE_DAY_COST = 50000000
DISTANCE_COST = 1

TOOLS = 3
1	15	56	400000
2	12	54	300000
3	15	48	200000

COORDINATES = 1768
0	7410	5448
1	4396	6145
2	9133	6146
3	8836	6150
4	8209	6152
5	4347	6152
6	7946	6158
7	7388	6160
8	7392	6161
9	9327	6163
10	3505	6165
11	7606	6164
12	8975	6171
13	4289	6176
14	8713	6177
15	9060	6185
16	6556	3496
17	9432	6187
18	5889	6188
19	9445	6188
20	9058	6191
21	8317	6142
22	8244	6197
23	7528	6208
24	7597	6221
25	8119	6222
26	3615	6225
27	9459	6225
28	8982	6227
29	7618	6237
30	7638	6238
31	6264	6241
32	9491	6245
33	8853	6246
34	6572	140
35	4192	6249
36	7527	6249
37	7231	6257
38	8447	6267
39	6006	6270
40	7082	7537
41	6371	6283
42	4320	6284
43	8725	6298
44	7895	6301
45	3475	6309
46	8183	6309
47	7462	6312
48	6814	6313
49	7566	6328
50	4112	6330
51	7737	6338
52	6788	6348
53	4271	6357
54	7959	6359
55	8195	6360
56	7491	6386
57	3823	6398
58	8518	6398
59	7867	6402
60	7514	6409
61	8647	6413
62	3943	6418
63	4315	6423
64	7720	6439
65	8599	6447
66	6895	6454
67	4437	6459
68	7569	6462
69	6812	6463
70	7458	6469
71	7928	6470
72	8424	6471
73	8236	6478
74	8049	6484
75	8469	6486
76	4286	6490
77	6084	6495
78	6919	6500
79	8683	6504
80	8050	6505
81	7526	6513
82	6020	2188
83	7298	6526
84	3351	6528
85	8385	6532
86	7476	6541
87	8212	6547
88	8557	6548
89	8453	6548
90	7448	6550
91	8626	6565
92	8665	6569
93	4262	6571
94	7941	6577
95	6761	6579
96	7893	6598
97	5939	8213
98	8158	6607
99	7641	6607
100	7349	6609
101	7227	6628
102	8750	6628
103	4415	4211
104	3543	6639
105	3667	6639
106	7590	6648
107	4055	6650
108	7229	6662
109	3411	6663
110	6943	6663
111	4126	6669
112	7976	6671
113	8699	6675
114	7282	6675
115	3869	4218
116	7817	6678
117	8680	6680
118	8716	6680
119	7770	6681
120	3883	4220
121	4072	6690
122	4284	6224
123	7022	6693
124	3748	6694
125	4235	4223
126	6556	8230
127	4129	6713
128	7950	6720
129	4534	4226
130	7366	6230
131	6909	6733
132	5817	6737
133	7784	6743
134	6488	6744
135	8583	6750
136	7997	6751
137	6534	6760
138	4130	6766
139	8679	6773
140	8712	6784
141	8303	6792
142	3443	6808
143	8704	6811
144	7962	6818
145	8146	6246
146	8307	6843
147	8153	6845
148	8351	6852
149	8633	6863
150	8069	6870
151	8243	6874
152	7749	6876
153	8538	4254
154	7715	6899
155	4198	6903
156	8492	4258
157	7820	6916
158	4574	6917
159	9657	6925
160	8750	6934
161	7745	6265
162	7452	6940
163	9426	6941
164	8490	6946
165	8516	6950
166	4126	4574
167	3365	6959
168	3957	4266
169	4289	6963
170	6777	6969
171	7514	6970
172	8598	6976
173	7713	6985
174	9260	6988
175	9177	6997
176	8373	7004
177	8769	7008
178	7855	7021
179	3916	5560
180	4309	7025
181	4709	7025
182	6395	4278
183	6925	7034
184	8134	7035
185	4797	7038
186	4570	7041
187	9362	7055
188	8775	7058
189	8967	7072
190	4161	7088
191	7533	7091
192	4020	7095
193	8766	7097
194	7747	7100
195	3923	7110
196	4419	7115
197	8138	7124
198	3506	7127
199	4299	7138
200	4507	7150
201	6894	7151
202	8256	7153
203	8138	7158
204	3588	7162
205	7379	7170
206	7774	7170
207	4181	7175
208	6733	7175
209	3484	7181
210	7562	7181
211	8709	7190
212	6502	4304
213	9083	7196
214	6726	7197
215	4353	7203
216	3870	7218
217	4244	7221
218	4032	7224
219	8197	6313
220	4097	7228
221	8016	7231
222	7594	7240
223	6711	7244
224	3345	7245
225	8108	4313
226	7896	7254
227	4591	4317
228	7980	4316
229	8542	7267
230	7367	7268
231	8329	7268
232	8813	7274
233	8513	7277
234	4300	7278
235	8205	7278
236	7395	7279
237	7273	7284
238	5851	7285
239	8002	7288
240	4023	7294
241	7522	7297
242	3919	7301
243	8835	7302
244	4054	7307
245	9532	8330
246	7170	7971
247	8214	7316
248	4260	7316
249	7448	7317
250	8018	7325
251	7480	7327
252	9629	7341
253	7613	7352
254	8887	7355
255	7516	7358
256	8742	7367
257	3945	7371
258	7280	7376
259	9131	7376
260	3817	7378
261	6540	7380
262	8268	7391
263	7102	7391
264	7276	7401
265	3615	7408
266	7170	7411
267	7767	7419
268	6971	7422
269	4284	4373
270	9616	7442
271	6494	7576
272	7965	8356
273	3923	7467
274	7743	7468
275	8979	7472
276	7282	7476
277	3871	7487
278	9078	7493
279	7148	7505
280	4030	7507
281	6486	7515
282	6799	7516
283	3832	7518
284	8119	7528
285	6649	7536
286	6794	7537
287	6530	7539
288	7732	7540
289	6256	7570
290	8547	7571
291	4513	7581
292	3796	7596
293	7497	7597
294	7680	7599
295	7913	7601
296	8349	7616
297	3908	7618
298	7112	7627
299	4486	7639
300	6850	7641
301	7400	7643
302	7716	7647
303	5651	7651
304	7525	7654
305	6346	7655
306	7994	7657
307	6994	7663
308	6734	7663
309	7501	7663
310	7864	7676
311	5733	7684
312	7059	7692
313	8389	7699
314	4323	4390
315	5358	7712
316	5583	7717
317	6290	7720
318	7043	4392
319	6630	7722
320	5921	7729
321	3555	7733
322	5340	7733
323	8410	7741
324	8008	7747
325	5820	7749
326	5856	7751
327	7102	7752
328	8888	7768
329	6432	7771
330	6719	7773
331	3624	4403
332	7088	7791
333	8429	4405
334	7530	7806
335	5674	7813
336	8362	7816
337	7986	7816
338	7408	7823
339	6877	7862
340	8414	7831
341	8994	7839
342	6942	8420
343	4059	7849
344	6582	7853
345	8405	7856
346	6928	7862
347	8795	8424
348	5293	7873
349	7192	7889
350	6757	7893
351	7296	7912
352	6783	7913
353	4654	4425
354	6875	7921
355	6800	7923
356	9879	7932
357	6935	7937
358	8259	7937
359	5478	8436
360	5399	7944
361	4189	7953
362	6362	7953
363	4263	5591
364	4328	7959
365	5680	7966
366	6260	7967
367	7372	7970
368	9704	7975
369	5445	7982
370	7949	7995
371	5335	7996
372	7514	8000
373	5885	8002
374	5920	8003
375	8663	8003
376	7005	8004
377	6275	8007
378	5399	8015
379	3644	6447
380	8219	8022
381	5372	8027
382	7114	8029
383	9276	8030
384	6213	8032
385	5448	8042
386	7331	8046
387	7517	8051
388	6888	8051
389	5971	8052
390	7487	8053
391	7313	8064
392	7521	8068
393	9339	8072
394	6001	8084
395	7667	8088
396	7712	8093
397	6895	8099
398	7549	8106
399	7999	8108
400	6539	8109
401	7790	8133
402	5896	8147
403	6143	8471
404	5861	8168
405	6168	8169
406	6427	8176
407	4093	4469
408	6232	8181
409	7450	8187
410	7400	6475
411	6690	8200
412	7084	8202
413	7307	8208
414	5985	8215
415	9802	8218
416	7482	8226
417	6748	8227
418	7755	8233
419	7544	8234
420	7505	4478
421	8683	8236
422	6326	8250
423	6102	8261
424	5970	8263
425	9248	8267
426	7643	8492
427	8776	8277
428	5444	8278
429	6939	8289
430	7576	8293
431	9600	8294
432	6742	8297
433	9634	6002
434	7187	8299
435	5650	8301
436	5267	4402
437	4923	4490
438	5383	8306
439	7793	8306
440	5737	8315
441	6810	8318
442	5788	8324
443	9555	8326
444	2450	4494
445	3097	2492
446	3746	5068
447	6879	8342
448	7414	8347
449	7634	8349
450	5346	8350
451	3641	8356
452	5685	8361
453	7696	8506
454	8073	6503
455	7616	8378
456	5352	8384
457	9358	8387
458	8093	8389
459	8186	8390
460	5623	8393
461	6310	8397
462	5612	8399
463	6552	8401
464	5341	4406
465	7212	8514
466	7406	8426
467	9119	7608
468	6334	8437
469	5835	8446
470	6778	8451
471	5470	8452
472	8349	8464
473	6384	8467
474	6672	8469
475	7873	8471
476	7161	8477
477	5985	8479
478	8238	4664
479	5747	8493
480	6696	8494
481	7296	8495
482	2645	2519
483	7709	8502
484	7919	8510
485	8271	8512
486	6729	8516
487	7918	8520
488	7797	8520
489	7092	8522
490	7147	8526
491	6217	8533
492	9552	8539
493	6272	8546
494	5760	8553
495	8385	8553
496	5790	8560
497	5669	8565
498	9755	8571
499	9659	8571
500	8460	8573
501	7376	8577
502	7761	8578
503	7722	8583
504	4575	4539
505	6593	8600
506	6209	8607
507	7654	8610
508	8478	8612
509	6391	8625
510	7506	8625
511	7489	8628
512	3933	6549
513	7360	8640
514	8437	8640
515	7401	8642
516	9047	8646
517	8989	8651
518	6305	8653
519	9086	6015
520	7254	8667
521	6799	8559
522	9267	8678
523	6390	8686
524	6205	8694
525	9485	6016
526	6262	8696
527	6313	8700
528	6994	8712
529	5914	8715
530	3714	6563
531	5664	8727
532	5501	8742
533	5612	8743
534	7237	8744
535	5992	2562
536	6624	8764
537	5998	8765
538	6924	8785
539	6497	8800
540	7304	8580
541	7305	6577
542	8020	8806
543	7525	8833
544	6765	8833
545	7774	8835
546	5589	8842
547	3543	3484
548	9389	8844
549	6918	8874
550	5825	2584
551	7669	8895
552	8793	8895
553	5875	8909
554	6692	8918
555	5714	8936
556	7622	8944
557	9469	8949
558	7308	8962
559	9709	8965
560	8801	8973
561	3162	2599
562	7706	8609
563	7268	8982
564	9179	8986
565	3750	8611
566	6852	8990
567	8802	8997
568	7735	9001
569	7100	9003
570	7795	9012
571	5720	8615
572	5496	9020
573	7453	9023
574	7320	9036
575	6726	9044
576	7837	9046
577	6668	9072
578	7865	9079
579	6458	9092
580	2658	4622
581	8548	9096
582	7856	9097
583	6072	9107
584	9254	9110
585	7170	9121
586	2474	4430
587	7414	9133
588	8123	8635
589	7590	9146
590	8125	9168
591	8943	9171
592	7976	9174
593	6177	9177
594	7661	9185
595	6150	9188
596	9315	9198
597	6061	9199
598	6360	9200
599	6334	9203
600	7501	9205
601	7311	9208
602	9270	9211
603	8384	9213
604	6310	9217
605	8555	9221
606	5893	9234
607	7875	9239
608	6827	8654
609	7212	9250
610	7213	4649
611	6830	9260
612	8364	9260
613	7860	9261
614	8383	9269
615	6141	9271
616	8611	9272
617	8690	9274
618	7994	9274
619	6299	9275
620	6498	9276
621	7471	9282
622	8998	4434
623	9272	9298
624	9638	8272
625	7994	9307
626	9006	9326
627	6892	9328
628	8625	9329
629	6373	9330
630	8183	9331
631	7564	9333
632	6921	9347
633	8890	9349
634	8212	9357
635	6973	9360
636	9051	9362
637	9081	9378
638	6420	9382
639	7120	9383
640	8000	9394
641	8075	9395
642	9039	9396
643	8389	9414
644	8360	9415
645	8165	9419
646	6755	9423
647	8564	9426
648	7898	9435
649	8580	9450
650	6162	8690
651	8619	9468
652	2564	4441
653	8749	9476
654	6914	9480
655	8483	9488
656	6758	9490
657	9114	9490
658	7242	9493
659	8410	9495
660	7102	9496
661	7928	9504
662	9176	9517
663	9087	9523
664	6674	9524
665	8442	9528
666	9008	9538
667	8136	9552
668	9167	9580
669	6872	9595
670	8544	9597
671	2737	2703
672	8981	9605
673	8276	9629
674	8187	9634
675	7085	9637
676	4254	4714
677	5076	9654
678	7412	9719
679	8752	9765
680	6474	8742
681	3398	6750
682	7058	4854
683	6196	8764
684	4894	4762
685	6585	2759
686	7852	4764
687	7351	9976
688	7323	8781
689	5667	4776
690	5211	2784
691	3191	2791
692	5069	2796
693	8237	4799
694	8620	4801
695	7395	8678
696	8095	8812
697	5467	8815
698	4162	6821
699	2864	4820
700	7398	8337
701	4778	4844
702	8654	4847
703	2427	2853
704	6936	8870
705	3688	4077
706	5827	2877
707	6519	6888
708	5678	4886
709	4001	6894
710	8626	8899
711	3933	6903
712	3564	4899
713	5153	5285
714	8241	6911
715	8064	4916
716	3894	2915
717	7652	6950
718	5860	3801
719	4028	6956
720	5867	2953
721	7500	6962
722	8125	8967
723	8784	4961
724	3529	2963
725	4273	4498
726	7385	6971
727	1776	2991
728	8604	7015
729	7952	9021
730	7860	5017
731	7903	6109
732	3845	5024
733	7124	9488
734	4766	7035
735	7004	5036
736	3419	4125
737	5293	3037
738	8404	5046
739	9071	6115
740	7945	5051
741	1209	3052
742	4234	7061
743	8752	5064
744	7119	5967
745	3231	5078
746	2717	5083
747	3374	3088
748	4676	3104
749	6717	9117
750	6632	21
751	5176	4128
752	6688	58
753	8081	9128
754	4282	6546
755	4476	7126
756	6610	87
757	8236	6130
758	4493	7135
759	6681	140
760	9122	5132
761	6530	145
762	5409	3131
763	8049	9142
764	7619	7140
765	4598	7143
766	6959	5144
767	4282	5148
768	6850	241
769	6471	265
770	7499	9166
771	6668	306
772	6584	313
773	6451	319
774	5261	4290
775	6886	9093
776	8462	5169
777	6003	401
778	8729	9183
779	6559	426
780	6533	7197
781	6391	521
782	8379	5196
783	8374	9204
784	6488	538
785	6165	555
786	5361	8147
787	7910	5202
788	3050	5207
789	6433	613
790	7712	5219
791	8296	5221
792	3986	3226
793	7400	5229
794	8373	9238
795	8271	6151
796	6182	755
797	7131	5238
798	9052	7245
799	4571	4153
800	6679	6955
801	7400	5250
802	7375	8616
803	7353	7259
804	9576	9265
805	7410	5265
806	4176	3268
807	8652	5272
808	8782	5274
809	8848	9281
810	6526	991
811	8135	5275
812	5236	3273
813	7842	5287
814	8120	9298
815	7021	7298
816	7551	8967
817	6602	1166
818	6435	1187
819	7567	7311
820	6605	9320
821	7284	9321
822	7399	9323
823	7038	5317
824	8447	4967
825	6814	1256
826	6945	1287
827	8548	9338
828	8024	5333
829	8141	5344
830	7065	5347
831	6848	1434
832	7877	4574
833	3850	7359
834	6576	7359
835	6692	1590
836	6367	1593
837	6301	1616
838	6027	1643
839	6638	3380
840	6399	1647
841	6726	1653
842	6521	1661
843	6246	1677
844	6490	1677
845	5796	3386
846	6821	9401
847	6418	1717
848	6461	1741
849	6939	1741
850	5571	3397
851	5668	5402
852	5661	3402
853	7910	5409
854	1564	1805
855	6383	1805
856	3993	3409
857	1101	1823
858	6938	7417
859	6343	3416
860	1077	1868
861	4024	5421
862	7149	1876
863	4053	7427
864	3769	5390
865	5299	2188
866	6472	1915
867	5123	1918
868	6511	1935
869	5135	1956
870	5712	1957
871	5463	1959
872	5492	1989
873	6752	9450
874	6671	2014
875	5145	2014
876	5344	2034
877	5257	2056
878	405	2069
879	6005	2069
880	7687	5456
881	6213	2088
882	4246	3454
883	4634	2093
884	5325	2094
885	83	2099
886	6099	2108
887	4627	2114
888	5119	2120
889	26	2121
890	824	2124
891	5060	2126
892	5489	2130
893	5861	2130
894	6297	2134
895	4656	4197
896	9451	5466
897	6059	2157
898	5781	2160
899	5892	2163
900	6517	2171
901	7566	7475
902	4733	2174
903	4845	2184
904	4763	2195
905	6518	2201
906	5907	2207
907	1699	2209
908	8824	5800
909	6309	2221
910	6755	2231
911	5194	2239
912	5015	2277
913	5731	2280
914	4842	2284
915	5089	2297
916	6403	2302
917	6751	2309
918	6579	2335
919	6518	7502
920	6418	2339
921	5392	2351
922	5027	2359
923	5098	2365
924	4879	2379
925	4675	2384
926	5426	3505
927	4590	2398
928	7352	2410
929	3686	2414
930	4672	2416
931	6742	2421
932	6700	2447
933	4002	2459
934	2044	2473
935	4092	3519
936	6142	2507
937	3117	2508
938	2593	2525
939	6229	2535
940	5067	2539
941	611	2542
942	6086	3532
943	6591	2566
944	6523	9415
945	6003	2570
946	4241	2577
947	4826	2588
948	1437	2589
949	6939	2603
950	2660	2607
951	4180	2612
952	6706	2616
953	904	2619
954	3893	2623
955	4244	2630
956	916	2637
957	773	2637
958	6259	2641
959	4592	2657
960	2881	2659
961	4470	2660
962	3423	2663
963	6644	2664
964	3459	2671
965	3271	2680
966	6254	2700
967	2598	2701
968	7407	7562
969	2691	2712
970	3822	2716
971	4428	2718
972	6124	2720
973	5623	2725
974	419	2743
975	6510	2745
976	3932	2752
977	4629	2774
978	4260	3568
979	4804	2778
980	6010	2782
981	4254	2785
982	2955	2789
983	6188	2790
984	2934	2794
985	2421	2799
986	3498	2802
987	2930	2804
988	3095	2805
989	4216	2807
990	7417	2810
991	4920	2812
992	4940	3575
993	5836	2819
994	6002	2823
995	4841	2830
996	4073	2832
997	4947	2844
998	6632	2846
999	5831	2850
1000	4655	2852
1001	5420	2863
1002	4052	2866
1003	6072	2877
1004	4081	2881
1005	2502	2883
1006	4829	2888
1007	2308	2894
1008	5991	2895
1009	2579	2905
1010	669	2908
1011	5424	3590
1012	5498	2913
1013	2616	2916
1014	2512	2917
1015	3420	6225
1016	5436	5023
1017	5746	2926
1018	2996	2928
1019	2517	2932
1020	638	2937
1021	2990	2953
1022	2974	2961
1023	6898	2962
1024	1194	2969
1025	2434	2975
1026	1948	2976
1027	3946	2977
1028	5101	2983
1029	5518	2987
1030	6421	2990
1031	5589	2993
1032	6631	3003
1033	6004	3005
1034	5169	3017
1035	5745	3022
1036	5647	3023
1037	6287	3024
1038	2761	3028
1039	5475	3031
1040	6763	3033
1041	5598	3034
1042	4139	7619
1043	6540	3037
1044	3871	3038
1045	5322	3039
1046	757	3046
1047	6799	3049
1048	5683	3052
1049	4957	3057
1050	4939	3063
1051	2791	3067
1052	5940	3079
1053	2200	3082
1054	4150	3086
1055	5592	3092
1056	5001	3093
1057	3073	3096
1058	5011	3097
1059	4544	3102
1060	4563	3104
1061	5104	3110
1062	6829	3120
1063	4851	3122
1064	4933	3128
1065	3747	3133
1066	4927	3141
1067	4899	3142
1068	6308	3142
1069	5045	3146
1070	5934	3157
1071	6081	3158
1072	4289	3161
1073	4660	3165
1074	6058	3168
1075	6339	3178
1076	5861	3186
1077	4184	3190
1078	6381	3206
1079	5560	3216
1080	6592	3219
1081	1393	3220
1082	4235	3222
1083	4917	3231
1084	5074	3236
1085	6330	3240
1086	4067	3242
1087	6164	3243
1088	5219	4634
1089	3043	3251
1090	3976	3256
1091	5626	3258
1092	3994	3263
1093	7130	3263
1094	5626	3264
1095	2846	3271
1096	6327	3271
1097	3569	3280
1098	6000	3282
1099	4466	3653
1100	5653	3287
1101	5434	3298
1102	4432	3304
1103	6183	1653
1104	7117	3310
1105	2345	3314
1106	2797	3316
1107	6402	3322
1108	5953	3324
1109	2289	3337
1110	6387	3337
1111	5250	3341
1112	6372	3342
1113	6506	3348
1114	5557	3349
1115	6748	3349
1116	3599	3357
1117	4655	3359
1118	4108	3365
1119	2780	3368
1120	5429	3370
1121	5548	3377
1122	5869	3390
1123	6422	3392
1124	3745	3393
1125	6537	3394
1126	3971	3403
1127	7033	7680
1128	3738	3409
1129	2828	3410
1130	7682	5677
1131	5564	3426
1132	3972	3429
1133	6679	3430
1134	6531	3432
1135	4550	3436
1136	4453	3679
1137	5788	3440
1138	4049	3454
1139	6856	3454
1140	6874	3465
1141	6994	5687
1142	6355	3469
1143	1253	3472
1144	9564	5688
1145	5644	3475
1146	7150	7692
1147	5481	3481
1148	5580	3484
1149	6001	3502
1150	4172	3507
1151	5632	3509
1152	6341	3513
1153	5686	3519
1154	4351	3532
1155	8674	6645
1156	4478	3537
1157	3034	3538
1158	7610	5699
1159	9532	5844
1160	5809	7705
1161	4845	3558
1162	4710	3561
1163	2246	3567
1164	4354	3569
1165	5299	3579
1166	4265	3584
1167	5730	7710
1168	5481	3587
1169	6853	5708
1170	2674	3594
1171	6866	5709
1172	6380	3612
1173	5833	3617
1174	5997	3621
1175	5584	4246
1176	5942	3630
1177	8838	5716
1178	6017	3651
1179	6696	3657
1180	7129	5512
1181	8338	6012
1182	5529	3671
1183	6394	3676
1184	6814	3684
1185	4974	3686
1186	4662	3689
1187	6822	3689
1188	4863	3695
1189	3056	3708
1190	6760	7731
1191	5850	3711
1192	4007	5730
1193	3481	3727
1194	5732	3730
1195	4421	3734
1196	4874	3738
1197	5884	3739
1198	6251	3742
1199	4262	3745
1200	5520	3746
1201	4706	3747
1202	5804	3750
1203	4942	3771
1204	1799	3791
1205	4413	3811
1206	8509	7747
1207	6745	3822
1208	9755	8636
1209	6377	1746
1210	5103	3865
1211	1432	3870
1212	5589	3898
1213	6037	7763
1214	5727	3905
1215	2357	3927
1216	5891	3940
1217	2388	3945
1218	4454	3953
1219	5474	3955
1220	5402	3962
1221	4317	3964
1222	2203	3967
1223	2371	3968
1224	4534	3975
1225	4343	3987
1226	3916	3988
1227	3615	3990
1228	6938	3995
1229	4080	3998
1230	2381	4001
1231	2873	4003
1232	2232	4006
1233	7811	4018
1234	4635	4025
1235	4671	4036
1236	3952	4053
1237	5193	4061
1238	3893	4067
1239	4888	4072
1240	4850	4073
1241	6328	4074
1242	3621	4076
1243	3919	4077
1244	3524	4086
1245	8037	4101
1246	4480	4104
1247	3982	4114
1248	3871	4115
1249	8044	4118
1250	8244	4121
1251	5903	4127
1252	3466	4131
1253	4052	4138
1254	3730	4143
1255	6222	4154
1256	3760	4155
1257	3580	4156
1258	5781	4164
1259	7549	8337
1260	6738	4174
1261	3474	4177
1262	4037	4178
1263	8312	4181
1264	3449	4185
1265	5044	4191
1266	4328	4197
1267	6091	4197
1268	4133	4214
1269	3710	4215
1270	3858	4217
1271	4200	4219
1272	4132	4221
1273	4016	4226
1274	5168	4227
1275	3426	4229
1276	5112	4231
1277	4046	4244
1278	5561	4244
1279	7088	4245
1280	7235	4248
1281	8764	4254
1282	4962	4265
1283	8821	4266
1284	3984	4269
1285	6210	4274
1286	4390	4278
1287	8607	4288
1288	8050	4289
1289	4813	4292
1290	6365	4297
1291	8644	4308
1292	8618	4312
1293	8714	4317
1294	8335	4319
1295	6258	4319
1296	4796	4323
1297	8775	4323
1298	3253	4329
1299	4526	4333
1300	6020	4344
1301	8589	4351
1302	3298	4352
1303	6076	4358
1304	4442	4363
1305	5522	4365
1306	8088	4371
1307	2506	4373
1308	3308	4383
1309	8642	4384
1310	7943	4390
1311	6089	4391
1312	6351	4391
1313	8903	4392
1314	4642	4393
1315	2481	4398
1316	5033	4401
1317	4207	4424
1318	8317	4425
1319	2394	4429
1320	3590	4433
1321	3453	4436
1322	8978	4438
1323	5807	4441
1324	8323	7999
1325	7162	4446
1326	8091	4452
1327	4254	4465
1328	4106	4467
1329	8999	4468
1330	8467	4469
1331	4139	4471
1332	8677	4471
1333	3851	4473
1334	2990	4483
1335	7571	4488
1336	5738	4499
1337	4325	4505
1338	2462	4512
1339	4794	4514
1340	3735	4522
1341	5311	4522
1342	3418	4530
1343	8504	4531
1344	7510	4536
1345	5218	4538
1346	9577	5866
1347	5021	4552
1348	7991	4552
1349	4013	4553
1350	8587	4554
1351	3336	4557
1352	8214	4557
1353	5180	4561
1354	4114	4572
1355	8578	4575
1356	3863	4577
1357	4145	4579
1358	7125	4580
1359	4179	4588
1360	8524	4588
1361	3709	4590
1362	5134	4591
1363	8072	4591
1364	8624	4594
1365	4899	4595
1366	3365	4596
1367	8838	4596
1368	7565	4605
1369	8260	4607
1370	7344	4615
1371	8611	4616
1372	5246	4621
1373	3831	4625
1374	8230	6681
1375	4619	4627
1376	3872	4629
1377	8578	4631
1378	7957	4632
1379	3951	4640
1380	8795	4647
1381	7261	4663
1382	4116	4666
1383	8281	4670
1384	4075	4682
1385	8697	4690
1386	8226	4693
1387	8686	5891
1388	3805	4697
1389	8399	4697
1390	7987	4698
1391	8628	4705
1392	9890	7897
1393	7808	4707
1394	4824	4708
1395	7409	4714
1396	6262	8001
1397	7917	5895
1398	6102	7900
1399	4732	4726
1400	4050	4728
1401	8356	4729
1402	8571	4731
1403	3857	4736
1404	8094	4742
1405	3752	4746
1406	4299	4746
1407	8013	4746
1408	3984	4748
1409	7984	4748
1410	8375	4752
1411	7999	4757
1412	8310	4759
1413	8446	4762
1414	4030	4764
1415	8122	4764
1416	8687	4770
1417	4173	4771
1418	4148	4783
1419	8607	4785
1420	8372	4788
1421	8351	4790
1422	4091	4791
1423	5608	4800
1424	9634	5909
1425	7571	5910
1426	7245	4811
1427	7502	4816
1428	8412	4822
1429	8650	4823
1430	8605	4832
1431	8365	4841
1432	4226	4848
1433	3773	4849
1434	7811	4852
1435	3557	4854
1436	4056	4863
1437	7539	4870
1438	3822	4874
1439	2995	4875
1440	7924	4879
1441	7996	4886
1442	7851	4892
1443	8308	4894
1444	8639	4897
1445	8288	4899
1446	5331	4901
1447	3566	4902
1448	8053	5490
1449	8326	4910
1450	3106	4913
1451	8490	4922
1452	7258	4922
1453	4191	4927
1454	3459	4932
1455	7525	4933
1456	4065	4949
1457	8663	4949
1458	8055	4949
1459	3850	4952
1460	5405	4955
1461	7547	4955
1462	3843	4958
1463	7949	4959
1464	5430	4966
1465	5582	4968
1466	2600	4973
1467	3175	4981
1468	5499	4984
1469	8758	4985
1470	3225	4991
1471	5425	4993
1472	6011	5001
1473	5366	5008
1474	5313	3941
1475	8484	5019
1476	9077	5021
1477	3007	5025
1478	7903	5026
1479	4447	5028
1480	5472	5035
1481	5575	5035
1482	8181	5038
1483	8806	5043
1484	8149	5047
1485	8336	5051
1486	5336	7955
1487	5304	5052
1488	7921	5052
1489	3953	5055
1490	9014	5058
1491	4066	5059
1492	7545	5060
1493	3960	5063
1494	8101	5063
1495	8414	5064
1496	8126	5065
1497	8915	5067
1498	8184	5067
1499	8873	5895
1500	3058	5073
1501	3794	5082
1502	4186	5085
1503	9026	5087
1504	5456	5091
1505	8750	5093
1506	7009	5094
1507	7301	5096
1508	7497	5107
1509	4105	5108
1510	4654	5111
1511	5561	5113
1512	4643	5115
1513	8303	5127
1514	5481	5133
1515	3580	5134
1516	8056	5139
1517	6953	5140
1518	3213	5144
1519	5148	5147
1520	5491	5148
1521	8074	5150
1522	5116	5151
1523	9145	5151
1524	3309	5153
1525	5090	5156
1526	9464	5968
1527	5692	5899
1528	7418	7900
1529	6956	5163
1530	8916	5171
1531	9329	5498
1532	7306	5175
1533	3260	5176
1534	3158	5179
1535	7708	5185
1536	8552	5185
1537	7433	5189
1538	7321	5190
1539	9037	5190
1540	8190	5192
1541	8886	5199
1542	8359	5200
1543	7922	5203
1544	3206	5212
1545	7603	5212
1546	3556	5216
1547	5004	4299
1548	8859	5219
1549	7906	5224
1550	4181	5225
1551	5090	1973
1552	8752	5227
1553	8507	5241
1554	6992	5247
1555	3161	5249
1556	8835	5256
1557	7782	8405
1558	7382	5262
1559	4142	5263
1560	7837	4967
1561	3745	5273
1562	3039	5274
1563	7764	5281
1564	8197	5284
1565	3920	5287
1566	3730	5292
1567	7007	5293
1568	7766	5296
1569	8707	5297
1570	3167	5304
1571	8944	5309
1572	4009	5319
1573	6555	8000
1574	7746	5334
1575	8085	5335
1576	3379	5338
1577	7955	5339
1578	8626	5339
1579	3492	5347
1580	8217	5348
1581	7407	5348
1582	3667	4304
1583	5158	5354
1584	8244	5354
1585	8845	5356
1586	4203	5363
1587	8035	5371
1588	4879	5372
1589	8263	5374
1590	8416	5377
1591	7688	5379
1592	8319	5381
1593	4276	5388
1594	8637	5389
1595	7515	8012
1596	8338	4305
1597	7807	5402
1598	7609	5409
1599	7573	5411
1600	5820	5416
1601	4965	4009
1602	5339	5423
1603	7969	5431
1604	7590	5433
1605	7942	5440
1606	8588	5442
1607	8648	5444
1608	8695	5447
1609	4233	5450
1610	9184	5456
1611	7757	5460
1612	8070	5462
1613	3881	5477
1614	7557	5479
1615	3950	5482
1616	8280	5482
1617	5051	5483
1618	6959	5483
1619	5694	5489
1620	4198	5497
1621	3905	5503
1622	7677	5504
1623	9232	5508
1624	8165	5510
1625	7758	5511
1626	9261	5521
1627	7826	5530
1628	6924	5538
1629	8436	5539
1630	7799	5542
1631	8714	5544
1632	4592	5545
1633	8044	5553
1634	6930	5556
1635	5601	4033
1636	6512	2309
1637	3931	5571
1638	8057	5589
1639	7703	5593
1640	7807	5596
1641	8436	5598
1642	7124	5601
1643	7609	5608
1644	7494	5612
1645	6993	5614
1646	8096	5615
1647	7611	5623
1648	7210	5627
1649	7827	5631
1650	4309	5633
1651	7558	5633
1652	8616	5633
1653	7835	5636
1654	8565	5645
1655	7582	5648
1656	7811	5650
1657	8134	5663
1658	7903	4051
1659	7665	5677
1660	7634	5678
1661	9593	5679
1662	8610	5680
1663	8438	5691
1664	8624	5697
1665	9445	5698
1666	8101	5703
1667	7770	5710
1668	4909	4058
1669	9561	5715
1670	7703	5717
1671	9459	5718
1672	8706	5720
1673	7927	5720
1674	9025	5725
1675	7600	5729
1676	7118	5730
1677	9126	6064
1678	4522	5735
1679	8795	5753
1680	6930	5759
1681	8185	5763
1682	9237	5765
1683	8468	5766
1684	8226	5772
1685	4519	5783
1686	9343	5784
1687	8320	4646
1688	9122	5797
1689	9238	5799
1690	9435	5799
1691	7637	5803
1692	9244	5806
1693	8279	5832
1694	7828	5837
1695	9588	5845
1696	7116	5849
1697	9481	5851
1698	8674	5858
1699	9274	5859
1700	9290	5860
1701	8732	5865
1702	4498	3121
1703	9100	5880
1704	9132	5880
1705	9185	5887
1706	5663	5888
1707	7480	5892
1708	8937	5900
1709	9269	5906
1710	7928	5907
1711	8258	5909
1712	7902	5913
1713	8366	5913
1714	7004	5916
1715	7918	5937
1716	7833	5941
1717	9008	5945
1718	9374	5955
1719	7517	4967
1720	9021	5956
1721	9146	5969
1722	7497	8108
1723	9011	5976
1724	8965	6106
1725	8124	5987
1726	9222	5996
1727	9608	5997
1728	9592	6000
1729	8297	6000
1730	8786	6008
1731	8667	6010
1732	8805	6020
1733	9266	6021
1734	8439	6027
1735	7394	6034
1736	7654	6035
1737	8314	6037
1738	8395	6038
1739	9150	6115
1740	7476	6040
1741	4175	6044
1742	6495	8121
1743	9565	6049
1744	8766	6051
1745	9375	6057
1746	9516	6058
1747	9203	6060
1748	8350	6063
1749	8804	6071
1750	9178	6073
1751	8426	6087
1752	5919	6090
1753	9193	6091
1754	9252	6095
1755	8591	6103
1756	7870	6105
1757	8199	6105
1758	4310	6107
1759	9004	6108
1760	7656	6109
1761	9541	6110
1762	8533	6115
1763	7993	6116
1764	8682	6118
1765	8831	6121
1766	9122	6122
1767	8560	6123

REQUESTS = 2000
1	1384	57	59	3	3	1
2	1515	14	15	2	3	1
3	344	40	42	3	1	1
4	965	40	43	2	1	2
5	115	19	20	1	3	1
6	134	3	5	3	2	1
7	714	44	45	2	1	2
8	880	5	7	2	2	2
9	868	31	34	2	3	1
10	1388	8	9	2	1	1
11	372	42	44	3	1	1
12	401	19	20	2	2	2
13	1179	37	38	3	3	2
14	263	27	28	2	1	2
15	1457	59	60	3	1	2
16	970	38	41	3	1	1
17	1613	14	15	3	1	1
18	689	3	4	1	1	2
19	23	13	15	3	1	2
20	1109	19	22	1	1	1
21	790	48	50	3	3	1
22	782	51	53	2	1	1
23	373	23	24	1	3	2
24	453	17	20	1	3	1
25	567	34	36	1	1	1
26	515	45	46	2	2	1
27	1750	18	20	1	1	1
28	79	39	41	1	1	1
29	1351	15	18	2	1	2
30	1202	56	59	3	1	2
31	1322	43	44	3	2	1
32	1203	27	30	2	1	2
33	952	51	53	2	2	1
34	74	21	23	1	1	1
35	1002	48	49	3	2	1
36	1506	50	53	3	2	1
37	538	4	7	2	2	2
38	1451	50	51	3	3	2
39	1273	54	56	1	1	1
40	1713	23	25	1	1	2
41	1663	32	34	3	2	1
42	1682	6	7	1	1	2
43	1564	48	51	1	3	2
44	1561	27	30	2	3	2
45	463	34	35	2	3	1
46	1549	36	39	1	3	2
47	1003	10	12	3	1	2
48	181	32	34	2	3	1
49	217	42	44	2	3	2
50	1346	44	47	1	1	2
51	182	41	43	3	1	1
52	429	49	50	3	1	2
53	1012	54	55	1	2	2
54	1042	50	51	1	3	2
55	1747	42	44	2	1	1
56	1020	7	9	3	1	1
57	980	35	37	3	2	1
58	707	43	45	3	2	1
59	449	10	12	3	3	2
60	858	56	57	2	3	2
61	168	53	56	1	2	2
62	1065	58	60	1	3	2
63	114	40	42	1	2	2
64	1053	32	34	3	1	2
65	673	23	25	2	1	2
66	1063	7	10	2	1	1
67	1436	33	35	3	1	2
68	1090	31	33	1	3	2
69	227	27	29	3	1	1
70	686	11	14	2	2	2
71	864	6	9	3	2	2
72	357	18	20	1	1	1
73	761	32	34	1	3	1
74	648	1	3	3	2	1
75	454	28	29	3	3	2
76	915	58	61	3	3	2
77	832	62	63	2	3	2
78	1296	3	6	1	2	2
79	1578	56	59	3	2	2
80	1553	46	47	3	3	2
81	1099	48	49	3	1	1
82	889	39	42	3	3	1
83	226	43	45	1	3	2
84	1473	17	18	1	3	1
85	411	48	50	2	1	2
86	917	10	13	1	3	1
87	1214	5	6	1	3	2
88	711	50	53	1	3	2
89	1550	57	59	2	3	1
90	1267	26	28	3	3	2
91	94	62	63	1	3	2
92	123	24	27	3	2	1
93	552	25	26	3	1	1
94	1217	9	12	1	1	1
95	994	54	56	2	1	1
96	1614	40	41	1	2	2
97	276	21	23	2	3	1
98	961	38	40	2	2	1
99	104	46	48	1	2	1
100	1404	11	14	1	3	1
101	999	30	32	1	3	2
102	335	33	36	2	3	1
103	736	12	13	1	2	1
104	1286	11	13	3	1	2
105	730	56	59	1	2	2
106	1241	46	47	3	2	1
107	350	12	13	1	1	1
108	69	18	20	3	3	2
109	1083	51	53	3	1	1
110	410	35	37	2	1	2
111	1431	42	44	1	2	1
112	106	32	33	2	1	1
113	202	14	16	3	1	1
114	3	55	57	3	2	2
115	167	56	59	2	2	1
116	97	20	22	1	1	1
117	1228	57	59	2	1	2
118	860	13	14	3	3	1
119	983	6	7	2	2	2
120	89	7	9	1	3	2
121	1478	5	7	2	1	1
122	886	14	15	1	3	1
123	195	11	13	3	3	2
124	654	26	28	3	2	2
125	1191	49	51	1	3	2
126	1677	43	45	1	2	1
127	193	31	32	1	1	1
128	1030	4	6	3	1	1
129	800	28	31	1	1	1
130	1629	9	10	1	1	2
131	1470	3	6	2	2	1
132	1310	51	52	1	2	2
133	1551	9	11	2	3	2
134	486	38	39	1	2	1
135	1230	15	17	2	1	1
136	1479	33	36	2	3	1
137	404	25	27	1	3	2
138	863	23	25	3	3	2
139	786	20	23	2	2	1
140	491	26	28	1	3	2
141	1101	3	5	3	3	2
142	966	56	57	3	3	2
143	220	36	39	1	3	2
144	1657	21	22	3	1	1
145	603	10	13	1	2	1
146	1073	5	8	3	3	1
147	100	12	14	1	2	2
148	25	45	48	2	2	1
149	1631	1	2	3	2	1
150	753	18	19	3	2	1
151	236	21	24	3	1	2
152	1524	8	10	3	2	1
153	993	44	45	3	1	1
154	720	50	53	3	3	2
155	1091	4	5	1	1	1
156	676	49	50	1	2	1
157	352	11	14	2	2	2
158	1076	1	2	1	1	1
159	878	36	38	3	1	2
160	1300	27	28	2	1	1
161	179	33	34	1	1	1
162	1161	31	32	1	3	2
163	203	45	48	2	3	2
164	852	16	18	1	2	2
165	1547	58	60	1	3	1
166	1517	48	49	2	3	1
167	1725	10	11	1	2	1
168	394	18	21	2	3	1
169	1643	7	10	2	2	2
170	956	55	57	3	1	2
171	1343	10	13	1	1	2
172	1625	5	6	3	3	1
173	11	19	22	1	3	1
174	1340	36	37	2	1	2
175	1664	21	23	1	1	1
176	545	38	40	1	3	1
177	830	43	45	1	2	1
178	306	28	30	3	1	1
179	408	6	8	1	3	1
180	549	15	18	3	1	2
181	1143	30	33	1	3	2
182	901	30	33	2	3	2
183	963	49	50	3	1	1
184	953	11	12	1	2	2
185	1400	45	46	2	2	2
186	206	55	57	2	1	2
187	412	27	28	1	2	1
188	264	4	6	3	1	2
189	481	52	54	3	3	2
190	908	40	41	3	1	2
191	448	24	26	1	3	2
192	1227	55	57	1	1	1
193	241	55	58	2	1	2
194	752	1	4	3	1	1
195	1295	40	42	3	1	2
196	1595	13	14	3	1	2
197	497	50	52	1	2	1
198	1108	46	47	3	2	2
199	541	45	47	2	2	1
200	1348	15	16	3	2	1
201	801	22	25	1	2	2
202	939	4	6	2	1	1
203	1555	15	16	1	1	1
204	472	56	58	2	3	2
205	550	51	52	1	3	2
206	694	42	45	3	3	1
207	393	13	16	1	1	1
208	141	11	13	3	3	1
209	530	49	50	3	2	1
210	223	42	44	3	1	1
211	1673	6	8	1	2	2
212	1121	4	7	2	2	2
213	1427	4	7	1	1	2
214	771	47	50	3	2	2
215	812	21	23	2	3	2
216	189	5	8	3	3	2
217	72	42	45	3	2	2
218	1283	33	35	1	1	1
219	677	40	43	2	2	2
220	433	4	5	1	1	2
221	1116	29	30	2	2	1
222	1720	47	49	2	2	1
223	234	51	52	3	1	1
224	188	53	55	1	3	2
225	599	42	44	2	1	2
226	156	13	14	1	2	1
227	542	41	42	3	3	2
228	1733	45	48	3	1	1
229	376	60	61	1	1	2
230	1513	40	42	2	1	1
231	1404	2	3	3	1	1
232	1271	40	41	2	1	2
233	911	36	38	1	3	2
234	58	26	29	3	1	2
235	179	23	24	3	1	2
236	493	5	8	3	2	1
237	39	7	10	3	2	1
238	111	36	38	1	3	2
239	1558	31	32	3	2	2
240	1273	38	40	1	2	2
241	1333	10	11	1	3	1
242	685	45	48	2	3	1
243	76	1	4	2	2	1
244	46	50	51	2	1	2
245	1416	13	15	3	3	1
246	1455	23	24	2	2	2
247	650	8	9	3	3	1
248	1560	62	64	1	1	2
249	1741	52	53	3	3	1
250	1463	9	10	2	3	1
251	313	48	49	2	1	1
252	658	50	51	2	3	2
253	1305	37	39	1	3	2
254	465	6	8	3	2	1
255	137	44	45	1	1	1
256	699	44	47	1	2	1
257	1642	28	31	2	1	1
258	1260	51	54	1	2	2
259	1554	33	35	1	1	1
260	1084	34	36	1	3	1
261	1418	49	51	1	3	1
262	1452	5	8	1	2	1
263	248	43	45	1	1	2
264	409	36	37	1	2	1
265	1568	55	57	3	2	1
266	976	13	16	2	1	1
267	608	33	34	3	1	2
268	1209	7	8	3	1	1
269	248	20	22	1	2	1
270	1756	52	55	3	2	1
271	49	15	16	3	2	2
272	981	59	61	1	2	2
273	1235	60	61	3	1	1
274	1433	36	39	3	2	2
275	28	37	38	2	1	2
276	1432	44	45	2	1	1
277	986	39	40	1	1	2
278	1281	32	34	2	2	2
279	1153	44	45	1	3	2
280	230	7	10	3	3	2
281	1311	15	17	2	3	1
282	536	54	55	2	3	2
283	204	16	18	2	3	1
284	498	47	50	1	1	1
285	1299	38	39	1	1	1
286	91	24	25	2	3	1
287	1355	48	51	2	3	1
288	1159	56	59	3	1	1
289	1559	34	36	3	2	2
290	1277	27	30	3	2	2
291	726	1	3	3	3	2
292	379	20	21	1	2	2
293	261	29	31	2	1	1
294	367	2	5	3	2	2
295	1262	61	62	2	2	2
296	1367	14	15	3	2	1
297	1005	33	36	3	3	1
298	35	32	33	2	3	1
299	1443	4	5	2	2	2
300	324	34	36	1	2	2
301	972	13	16	2	3	2
302	548	46	48	1	3	1
303	1006	50	53	1	1	2
304	77	47	50	3	2	2
305	243	20	23	1	3	1
306	139	27	28	3	1	2
307	1387	34	35	2	1	1
308	1312	20	23	1	1	2
309	158	12	13	2	2	2
310	71	42	45	1	1	2
311	1274	19	20	2	2	1
312	51	53	54	2	2	1
313	537	1	3	1	2	2
314	1576	29	31	2	2	2
315	208	54	55	2	2	2
316	765	27	29	3	1	1
317	1325	39	40	1	2	1
318	1488	9	12	3	3	2
319	95	23	24	1	1	2
320	906	38	39	2	3	2
321	250	39	40	2	1	2
322	1487	53	54	3	3	1
323	359	54	55	3	3	1
324	760	28	30	3	1	2
325	529	6	9	2	2	2
326	1596	19	22	1	3	2
327	1239	39	40	1	3	1
328	589	44	46	1	2	2
329	1329	18	20	2	1	1
330	932	49	52	3	1	1
331	418	31	33	1	1	1
332	201	57	59	2	1	2
333	1197	27	28	2	3	1
334	150	18	19	2	3	2
335	556	22	23	3	1	2
336	1162	27	29	2	2	1
337	701	35	37	3	2	2
338	1350	36	38	2	1	2
339	585	23	26	1	3	2
340	1024	17	20	3	3	2
341	678	57	58	3	1	2
342	1354	14	15	1	2	1
343	778	26	29	1	1	2
344	619	56	58	2	3	1
345	1337	24	27	3	1	1
346	842	57	58	2	1	1
347	1403	56	57	3	1	1
348	1000	27	29	1	1	1
349	1321	60	63	1	1	2
350	651	60	63	2	2	1
351	273	28	31	2	1	2
352	526	2	4	3	2	2
353	1137	50	53	2	2	1
354	234	20	23	1	2	2
355	212	52	53	2	2	2
356	479	6	9	1	2	2
357	198	55	56	3	1	2
358	1621	54	55	2	2	1
359	1572	54	57	2	1	2
360	1672	46	47	1	1	2
361	891	43	46	3	3	1
362	337	42	43	2	2	1
363	792	55	57	2	2	2
364	539	37	39	3	3	1
365	1494	51	53	2	2	2
366	445	61	64	1	1	1
367	1194	2	4	2	2	1
368	415	17	19	3	2	2
369	1072	57	58	2	3	1
370	742	30	32	3	2	2
371	430	2	4	3	2	1
372	1075	52	54	3	3	1
373	804	10	11	2	3	1
374	459	25	26	2	3	1
375	194	34	36	1	2	1
376	1224	10	11	3	1	2
377	698	54	57	2	3	2
378	1323	33	34	2	3	2
379	375	31	34	3	2	1
380	1256	26	27	2	2	1
381	560	31	33	2	1	1
382	1709	54	56	3	1	2
383	361	60	61	2	3	1
384	1140	44	46	2	3	2
385	89	19	20	3	3	1
386	632	14	15	3	1	2
387	1374	38	41	3	2	2
388	1316	39	41	3	3	1
389	1368	36	37	3	3	2
390	855	35	36	3	1	2
391	112	51	54	2	1	2
392	90	43	44	3	2	1
393	1066	53	55	2	2	1
394	1429	31	32	1	1	2
395	944	40	41	1	3	2
396	117	41	44	2	3	1
397	1331	40	43	3	2	2
398	1379	42	43	3	3	1
399	1516	19	22	2	3	1
400	1540	60	63	1	2	1
401	1022	15	16	3	3	1
402	78	18	21	3	3	1
403	1538	14	15	1	1	1
404	615	32	34	1	2	1
405	768	52	55	2	1	2
406	877	52	55	1	2	1
407	617	11	13	3	1	2
408	1247	32	34	3	2	1
409	857	30	32	2	2	2
410	839	51	54	3	3	2
411	1557	39	41	1	2	2
412	1264	39	42	1	2	2
413	1464	41	43	1	1	2
414	671	51	54	3	1	2
415	893	41	43	3	2	2
416	733	39	42	3	3	2
417	222	56	57	3	1	2
418	1145	4	7	3	3	2
419	1353	53	54	1	1	1
420	1510	8	11	2	1	2
421	268	11	13	1	1	1
422	904	56	58	2	1	2
423	178	8	9	1	1	2
424	1649	13	14	3	1	1
425	500	31	34	3	2	2
426	625	15	16	2	1	2
427	1528	17	20	2	3	2
428	1263	43	44	1	3	2
429	1405	2	4	1	3	1
430	568	16	19	1	3	2
431	29	5	6	1	3	1
432	1539	28	30	3	1	1
433	1358	31	32	2	1	2
434	1245	52	55	2	3	2
435	420	36	38	3	2	2
436	360	38	41	3	2	1
437	1169	57	60	2	3	1
438	461	33	35	1	1	1
439	1548	50	51	1	1	2
440	271	22	23	2	1	1
441	796	53	55	1	2	1
442	900	28	30	2	3	2
443	1294	47	50	1	2	2
444	1223	16	18	2	1	1
445	1060	19	21	3	1	1
446	325	58	59	1	1	1
447	773	5	7	1	1	2
448	1631	40	41	1	3	1
449	920	1	2	3	1	2
450	1678	46	48	1	1	2
451	384	58	59	3	3	1
452	1582	21	22	1	3	2
453	1607	11	12	1	2	1
454	996	61	63	1	1	2
455	837	60	62	1	2	1
456	292	59	62	2	2	1
457	1647	28	31	3	1	1
458	777	10	13	1	3	1
459	1640	13	14	3	2	2
460	1485	38	39	1	3	2
461	1270	59	60	1	3	2
462	1180	5	8	2	2	1
463	1356	55	56	1	1	1
464	1144	42	44	2	1	1
465	1366	11	12	2	1	2
466	1125	52	54	2	1	1
467	485	27	28	3	1	1
468	1021	57	59	3	3	1
469	509	15	16	2	3	1
470	1383	9	12	3	1	1
471	789	55	58	2	2	2
472	286	12	15	1	2	2
473	925	46	49	2	2	1
474	5	30	31	2	3	1
475	949	15	17	1	2	1
476	922	54	55	3	3	2
477	403	36	38	1	2	1
478	186	1	4	1	3	1
479	535	55	56	3	3	1
480	1243	26	29	2	1	2
481	300	6	8	2	1	1
482	1704	7	10	2	2	2
483	1225	37	38	3	3	1
484	1170	33	35	1	1	1
485	1491	15	18	1	1	1
486	1489	14	17	2	2	1
487	1176	59	61	1	1	2
488	420	8	11	2	1	1
489	743	25	26	1	1	1
490	95	33	36	1	1	1
491	116	26	28	2	1	2
492	422	30	33	1	1	2
493	779	13	15	2	1	2
494	476	35	38	1	2	1
495	1236	6	7	1	2	2
496	1498	46	48	2	1	2
497	1602	16	17	1	1	2
498	1548	40	41	3	2	1
499	649	53	54	2	3	2
500	1742	43	46	1	1	2
501	788	1	4	2	3	2
502	1415	53	54	2	1	2
503	569	26	28	3	1	2
504	1536	25	26	3	2	2
505	1425	1	3	2	3	1
506	165	41	42	2	1	2
507	111	33	35	1	2	1
508	892	6	8	2	1	1
509	902	14	16	2	3	2
510	1144	59	62	3	2	1
511	299	49	50	2	3	1
512	1481	11	12	1	2	1
513	47	39	42	3	2	2
514	1259	7	8	1	3	1
515	1646	56	57	3	2	1
516	53	36	38	3	3	1
517	1051	49	50	3	1	1
518	1746	46	49	2	1	1
519	295	48	50	3	3	2
520	872	5	8	1	3	1
521	1655	51	53	1	2	1
522	1623	58	60	1	3	2
523	1058	51	54	1	1	1
524	928	3	5	1	1	1
525	1407	29	32	3	2	2
526	710	59	61	2	3	2
527	143	47	49	3	1	2
528	1134	1	3	3	2	2
529	302	14	16	1	1	1
530	119	14	16	2	1	2
531	330	52	54	1	2	2
532	30	31	33	3	2	1
533	1442	9	11	1	3	1
534	26	60	61	3	2	1
535	954	51	52	2	1	2
536	1706	21	23	2	2	1
537	131	59	60	1	2	1
538	1265	37	38	2	2	1
539	126	60	63	1	1	2
540	235	59	60	1	1	1
541	1533	2	4	3	1	1
542	1650	26	27	2	3	1
543	1453	59	62	3	2	2
544	1089	9	12	1	2	1
545	1635	24	26	2	1	2
546	898	3	5	2	3	1
547	1751	19	22	2	2	1
548	1240	10	11	2	3	1
549	225	27	30	3	3	1
550	68	45	46	1	3	2
551	583	37	40	3	1	1
552	712	27	29	3	3	2
553	761	21	23	2	3	2
554	1668	9	11	3	3	1
555	1255	9	12	2	1	1
556	1439	50	51	3	1	1
557	913	12	15	2	1	1
558	855	35	36	1	3	1
559	1215	41	42	2	1	1
560	475	32	33	2	3	1
561	750	26	29	2	2	1
562	1708	26	29	2	2	1
563	1211	5	8	3	1	2
564	437	26	29	3	3	1
565	1287	55	58	2	3	1
566	1092	16	18	3	1	1
567	315	8	10	1	3	1
568	136	53	55	1	3	2
569	729	1	2	3	3	2
570	1302	3	6	3	1	2
571	440	32	33	3	1	1
572	297	63	64	1	1	1
573	1430	38	39	1	2	1
574	223	30	31	1	2	2
575	580	37	40	2	1	2
576	104	49	52	1	3	2
577	692	17	18	1	3	1
578	406	5	6	3	3	2
579	1284	14	15	1	2	1
580	1122	9	11	3	2	2
581	1628	33	34	3	2	2
582	1097	50	53	3	2	1
583	253	54	55	3	2	2
584	606	50	51	2	2	2
585	439	36	37	3	3	2
586	259	40	43	3	2	2
587	1718	7	8	3	1	1
588	140	50	53	2	3	1
589	1408	7	10	2	2	2
590	756	20	23	3	1	1
591	233	18	19	2	1	2
592	1	18	20	2	1	1
593	176	44	47	2	3	1
594	964	22	24	1	3	1
595	1559	27	29	1	2	1
596	822	51	52	3	1	1
597	1730	13	15	1	3	1
598	1278	29	32	2	1	2
599	155	38	40	3	2	2
600	1319	61	62	1	1	1
601	973	19	22	1	3	1
602	1297	5	7	3	3	1
603	1449	51	53	2	3	1
604	48	21	23	1	3	1
605	219	14	17	1	3	2
606	1027	34	37	3	1	2
607	1648	58	60	2	1	1
608	867	17	18	1	1	2
609	444	32	34	3	1	2
610	1326	56	59	1	1	2
611	1293	24	25	2	3	2
612	1074	48	49	1	2	1
613	1402	27	30	2	2	2
614	633	50	53	1	3	1
615	187	44	46	3	1	1
616	605	49	52	3	1	2
617	1457	56	58	2	3	1
618	870	32	33	3	3	2
619	1328	54	56	3	2	2
620	41	47	49	1	1	2
621	914	30	31	2	2	1
622	356	45	47	3	2	2
623	1514	43	44	3	2	1
624	1763	60	63	2	1	1
625	1734	27	28	3	3	2
626	343	1	3	1	2	2
627	704	30	32	2	2	2
628	289	58	59	3	3	2
629	121	22	23	3	1	1
630	951	32	33	1	3	2
631	1573	51	53	2	2	1
632	1183	8	11	3	1	2
633	508	14	16	1	1	2
634	1480	49	50	2	2	1
635	1661	28	29	1	3	1
636	368	61	62	2	1	1
637	1472	44	46	2	1	1
638	639	29	30	3	2	1
639	1008	13	16	2	3	2
640	1188	17	18	2	1	1
641	638	36	37	3	2	1
642	105	60	62	2	3	2
643	501	18	19	3	1	2
644	1208	43	46	2	2	1
645	216	49	51	1	1	2
646	680	44	46	2	2	1
647	610	55	58	2	3	2
648	1181	52	54	3	2	1
649	1521	43	44	2	3	1
650	1386	10	12	2	2	2
651	1165	48	49	3	3	2
652	874	26	28	2	2	1
653	551	37	38	1	3	1
654	1207	2	3	1	3	2
655	519	44	45	2	3	2
656	1266	50	53	2	1	2
657	284	16	18	2	3	1
658	1248	29	31	3	2	2
659	1626	2	3	2	1	1
660	1254	12	15	3	2	1
661	1641	11	14	2	1	1
662	637	57	58	2	3	1
663	1171	5	7	2	2	1
664	1283	60	62	2	3	1
665	120	40	41	2	2	1
666	525	47	49	3	3	2
667	987	1	2	2	3	1
668	417	49	52	3	1	2
669	262	1	3	1	1	2
670	381	37	39	3	1	1
671	84	55	56	2	3	1
672	1411	17	19	1	2	2
673	522	55	56	2	1	1
674	811	51	54	2	1	2
675	1069	32	33	3	1	1
676	134	55	57	1	2	2
677	1081	13	14	2	2	2
678	1216	47	50	1	3	1
679	755	7	9	3	3	1
680	843	45	46	1	3	1
681	1520	36	38	3	3	2
682	995	2	5	2	2	2
683	17	17	20	1	2	2
684	1424	34	35	2	1	1
685	991	14	16	2	2	1
686	769	3	6	3	2	1
687	1034	11	12	2	1	1
688	1186	33	35	1	3	1
689	576	42	43	1	2	1
690	1565	52	53	1	3	1
691	224	28	31	3	1	2
692	1552	11	12	2	3	2
693	1045	52	54	2	2	1
694	1596	30	33	2	1	2
695	1493	38	39	2	1	2
696	677	41	43	3	3	2
697	713	24	26	2	3	1
698	577	26	28	2	2	1
699	633	9	10	2	1	2
700	1490	33	34	3	1	2
701	661	23	24	1	2	2
702	210	36	37	1	2	2
703	1338	7	8	1	1	1
704	1669	34	36	2	2	2
705	431	8	10	1	1	1
706	149	55	58	3	3	2
707	364	47	49	1	2	1
708	1734	19	20	2	3	2
709	1722	22	23	3	1	1
710	1753	31	32	2	1	1
711	1031	27	29	1	3	1
712	1186	4	5	1	2	2
713	1638	27	30	2	1	2
714	1434	11	14	1	3	2
715	161	50	53	2	2	1
716	34	53	55	1	2	1
717	616	41	43	1	2	2
718	312	11	12	3	1	1
719	1636	42	45	2	3	1
720	1035	21	22	1	2	1
721	340	12	13	2	2	2
722	523	31	34	3	3	2
723	630	18	21	1	3	1
724	160	22	24	1	2	2
725	554	5	8	3	1	1
726	174	14	17	1	2	1
727	1751	23	26	2	3	1
728	291	1	4	2	1	2
729	1151	56	57	1	2	1
730	762	34	36	2	1	2
731	1605	40	41	1	3	2
732	504	48	49	3	2	2
733	345	51	53	3	3	1
734	627	53	56	3	3	2
735	432	5	6	3	2	1
736	60	28	31	2	2	2
737	386	61	62	1	2	2
738	1505	44	46	3	1	1
739	1637	22	25	2	1	2
740	1391	7	9	1	2	2
741	799	62	63	1	1	1
742	64	36	39	1	1	1
743	937	5	7	3	3	1
744	883	59	61	1	2	2
745	50	21	23	2	1	2
746	494	25	27	2	2	2
747	1579	1	2	2	3	1
748	390	32	34	2	2	1
749	1364	39	40	1	1	2
750	310	40	41	3	3	2
751	596	3	4	2	3	2
752	787	42	43	3	2	2
753	1581	13	16	2	3	1
754	218	54	55	1	2	1
755	839	18	19	3	1	2
756	535	29	32	1	2	2
757	1269	6	7	1	3	2
758	129	5	7	3	2	2
759	851	13	15	2	2	2
760	877	36	38	2	3	1
761	1694	18	21	1	3	1
762	624	53	56	3	1	2
763	1291	49	50	2	3	1
764	281	33	36	1	2	1
765	173	15	17	3	2	2
766	1503	22	25	2	2	1
767	1675	7	9	1	1	1
768	1695	53	56	3	3	1
769	1637	39	40	3	1	2
770	268	37	38	2	1	1
771	997	37	40	1	2	1
772	667	38	41	1	1	1
773	885	49	52	1	1	2
774	251	19	21	3	3	2
775	1465	2	4	2	2	1
776	677	27	30	2	2	1
777	1628	23	26	1	3	1
778	323	54	56	1	1	2
779	1583	4	5	3	2	2
780	1622	1	2	2	1	1
781	277	15	16	3	1	1
782	1318	43	46	2	1	2
783	974	35	38	1	1	2
784	426	28	29	2	2	2
785	1387	39	41	1	3	1
786	390	20	21	3	3	1
787	1585	35	38	1	2	1
788	1437	34	36	2	2	1
789	1712	43	44	2	1	1
790	1261	39	42	2	2	2
791	719	60	62	1	3	2
792	1234	35	37	2	2	2
793	1206	6	8	1	3	2
794	402	39	41	3	3	1
795	894	33	36	3	3	1
796	718	8	9	1	1	1
797	1039	35	36	3	3	2
798	506	49	50	3	3	2
799	1711	23	26	1	3	1
800	328	47	50	1	2	1
801	362	59	61	2	3	2
802	1052	59	62	1	3	1
803	722	14	17	3	3	1
804	826	9	11	2	1	1
805	607	10	12	3	2	1
806	1702	1	2	2	1	1
807	926	48	51	3	2	2
808	591	50	51	3	3	2
809	494	2	4	2	1	1
810	1762	38	40	1	3	1
811	967	41	44	1	1	1
812	282	51	54	1	2	2
813	93	4	5	2	2	2
814	400	35	37	3	2	1
815	334	14	15	1	1	2
816	344	55	56	3	3	1
817	1428	18	20	3	3	2
818	400	23	26	3	3	2
819	172	44	47	1	3	2
820	909	30	33	3	1	2
821	918	1	3	1	2	1
822	817	15	17	2	3	1
823	537	15	18	1	2	1
824	978	6	7	3	3	1
825	873	30	32	1	1	2
826	274	21	22	3	2	2
827	1392	1	3	2	3	2
828	331	24	25	3	1	1
829	269	42	44	3	3	2
830	810	47	50	3	2	2
831	957	5	7	2	2	2
832	110	25	26	2	2	2
833	484	30	31	3	3	1
834	1543	50	53	1	1	2
835	896	16	19	1	1	2
836	992	26	27	2	1	1
837	1072	50	53	3	3	1
838	561	27	28	3	1	2
839	955	29	31	3	1	2
840	1440	27	29	3	1	2
841	1519	2	4	1	2	1
842	63	60	62	1	1	1
843	744	14	17	3	3	1
844	59	45	46	1	2	1
845	443	29	30	3	2	1
846	83	50	52	2	3	2
847	1719	8	10	1	3	1
848	1369	54	56	2	1	2
849	260	24	26	2	2	2
850	1114	15	18	3	1	2
851	353	35	38	2	3	2
852	298	14	15	3	1	2
853	1406	59	61	2	2	1
854	301	6	8	2	2	2
855	1504	2	4	1	3	2
856	1665	7	8	2	3	1
857	1157	23	24	2	1	1
858	237	41	43	1	2	2
859	1382	57	58	2	3	1
860	211	35	36	2	3	2
861	1078	1	3	3	1	2
862	1339	19	21	2	1	2
863	145	47	50	1	1	2
864	1288	57	60	2	1	1
865	687	29	30	1	3	1
866	953	55	57	1	3	2
867	1362	60	61	1	3	1
868	1138	39	41	3	2	2
869	846	29	32	3	2	1
870	452	31	34	1	3	2
871	326	38	40	1	1	2
872	1739	58	59	2	3	2
873	1372	46	48	3	2	1
874	933	41	42	3	3	1
875	785	36	38	2	3	2
876	427	24	27	1	3	1
877	148	14	15	3	3	2
878	304	2	5	1	2	1
879	256	58	59	1	3	2
880	365	14	15	1	1	1
881	636	43	44	1	1	2
882	1580	15	16	3	3	2
883	674	21	23	1	1	1
884	635	13	14	3	2	2
885	440	29	31	1	2	2
886	1212	22	24	3	3	1
887	1080	61	62	3	1	2
888	1483	51	52	3	3	2
889	1106	18	21	1	3	1
890	1308	47	48	3	3	1
891	186	47	49	1	2	1
892	1163	8	9	1	1	2
893	1315	31	33	2	3	1
894	1710	57	59	2	1	1
895	1174	41	44	3	2	1
896	1569	34	36	2	2	1
897	1129	60	61	1	1	2
898	1690	18	19	1	3	1
899	731	16	17	3	3	1
900	1385	20	23	2	1	1
901	827	53	56	1	2	2
902	1609	45	48	1	3	2
903	1634	9	10	2	1	2
904	1351	11	13	1	1	1
905	473	18	19	3	2	2
906	1123	37	39	2	3	1
907	1268	42	44	1	1	2
908	621	16	18	2	3	1
909	14	60	62	2	2	1
910	1140	18	19	2	1	2
911	663	43	44	3	2	1
912	1644	58	59	2	2	2
913	1115	16	17	2	3	2
914	357	31	34	1	3	1
915	1126	51	52	1	1	1
916	460	42	45	2	3	1
917	1423	19	20	3	2	2
918	1105	27	30	2	3	2
919	1562	58	61	2	1	2
920	117	46	49	2	1	2
921	838	5	8	2	1	2
922	1014	20	21	3	2	1
923	512	3	4	2	3	2
924	22	29	31	1	1	1
925	389	43	45	3	3	1
926	329	11	14	1	3	2
927	715	53	54	2	3	2
928	982	9	11	2	3	1
929	1530	58	59	1	3	2
930	490	30	32	3	1	1
931	977	23	25	2	3	1
932	185	4	7	3	3	1
933	598	42	45	1	3	1
934	108	26	27	3	3	2
935	870	1	3	3	1	2
936	1201	5	6	2	1	2
937	1147	31	32	2	2	2
938	1289	5	6	3	1	1
939	1326	38	39	2	1	2
940	514	37	38	3	1	1
941	1336	35	36	2	2	2
942	1571	52	54	3	1	1
943	1724	4	6	1	3	1
944	213	9	11	3	2	1
945	232	18	21	3	1	2
946	1484	31	32	3	2	2
947	1103	7	9	1	2	2
948	1606	13	15	1	2	1
949	468	54	57	1	3	2
950	1039	39	41	1	2	2
951	369	51	53	1	3	2
952	1414	1	3	1	3	2
953	1389	21	24	3	2	2
954	584	29	31	2	2	2
955	911	9	10	2	2	1
956	624	4	5	3	1	1
957	1178	36	39	2	1	2
958	252	15	18	3	2	2
959	1458	22	23	2	2	2
960	1632	4	7	2	3	1
961	1040	33	35	2	2	1
962	1249	36	39	2	2	1
963	1692	54	55	2	2	1
964	979	36	39	3	2	2
965	1685	48	49	2	1	1
966	815	25	28	1	2	1
967	1062	3	6	3	3	1
968	1523	44	45	1	2	2
969	1056	58	60	2	2	1
970	1284	49	51	3	2	2
971	1298	19	22	3	2	2
972	1139	24	26	1	1	2
973	1160	55	57	2	2	2
974	1545	18	21	2	2	2
975	1699	11	12	1	3	1
976	575	40	43	2	3	1
977	597	30	33	3	1	2
978	1082	7	10	3	1	1
979	1426	30	32	1	3	2
980	317	47	48	3	1	1
981	128	26	27	2	2	2
982	1589	41	43	1	1	2
983	238	60	63	1	2	1
984	377	20	23	2	1	1
985	1617	27	29	3	1	2
986	968	12	13	2	1	1
987	1502	26	28	3	2	1
988	1258	18	19	3	3	2
989	1634	58	61	1	1	2
990	1100	1	3	1	3	1
991	1127	17	20	2	3	2
992	1522	32	33	1	2	2
993	675	38	40	3	3	2
994	614	15	18	3	1	1
995	103	47	50	3	1	2
996	197	21	23	2	1	1
997	774	8	11	2	2	1
998	818	11	12	2	1	2
999	1342	15	18	2	1	1
1000	740	55	56	3	2	2
1001	113	6	8	1	3	1
1002	1028	12	13	1	3	1
1003	396	38	40	3	1	2
1004	153	52	55	3	2	1
1005	1296	59	61	3	2	2
1006	495	1	4	1	2	1
1007	795	48	50	2	1	1
1008	1447	40	42	2	2	1
1009	726	18	19	2	1	1
1010	1192	14	16	3	1	1
1011	1038	46	48	1	3	2
1012	7	21	22	1	1	2
1013	655	30	32	2	3	2
1014	424	37	40	1	1	2
1015	665	60	63	1	3	1
1016	1276	61	63	2	1	1
1017	1622	45	46	1	2	1
1018	1591	5	8	2	2	2
1019	1262	52	53	1	2	1
1020	1282	10	13	3	3	1
1021	1671	7	9	2	1	2
1022	171	28	30	2	1	2
1023	130	57	60	2	1	1
1024	557	25	27	3	3	1
1025	1767	17	19	3	2	2
1026	1543	19	21	2	2	2
1027	1686	9	12	1	3	2
1028	1307	27	29	1	3	2
1029	370	60	61	2	3	2
1030	1195	31	32	1	3	1
1031	882	29	31	2	1	1
1032	662	23	25	3	2	2
1033	602	17	19	1	2	2
1034	1079	6	8	3	3	1
1035	370	4	6	2	3	2
1036	503	6	8	3	2	1
1037	784	60	62	1	1	1
1038	1248	3	5	1	1	2
1039	1566	45	48	2	2	2
1040	285	36	38	3	3	1
1041	471	53	55	2	1	1
1042	509	55	57	1	3	2
1043	643	9	10	2	1	1
1044	358	41	44	1	2	1
1045	738	58	59	3	2	1
1046	854	29	32	3	1	2
1047	152	13	14	2	1	1
1048	1612	38	40	3	3	1
1049	1146	29	31	1	2	1
1050	640	2	5	1	1	2
1051	1509	4	7	1	2	2
1052	1760	40	41	2	3	2
1053	847	8	11	3	2	2
1054	833	16	18	1	2	1
1055	622	16	19	3	3	2
1056	469	61	62	1	1	2
1057	797	32	34	2	1	1
1058	664	58	60	1	3	2
1059	931	26	28	1	1	1
1060	1317	28	29	3	3	2
1061	205	16	19	2	2	2
1062	166	13	14	3	3	1
1063	837	17	18	3	1	2
1064	1546	55	57	2	1	2
1065	321	57	59	2	1	1
1066	163	39	42	2	3	1
1067	435	30	31	2	1	2
1068	258	18	19	1	2	2
1069	1117	24	27	3	1	2
1070	1222	26	27	2	2	1
1071	809	48	51	1	1	1
1072	866	33	36	1	3	1
1073	702	46	48	1	2	2
1074	43	3	4	3	3	1
1075	314	16	18	2	2	2
1076	1168	50	53	1	2	2
1077	1508	33	34	3	2	2
1078	910	6	8	1	1	1
1079	634	13	16	3	1	2
1080	1210	11	14	3	1	1
1081	1394	19	20	2	1	1
1082	1275	6	7	1	2	2
1083	989	36	38	2	3	2
1084	1096	44	45	2	1	2
1085	1279	39	41	1	1	2
1086	1627	41	42	2	1	2
1087	44	19	22	2	3	2
1088	1133	12	13	1	2	1
1089	87	47	50	1	1	2
1090	1235	15	18	1	2	2
1091	289	50	52	3	2	1
1092	672	31	32	3	1	1
1093	279	10	13	2	2	2
1094	1374	2	4	3	2	2
1095	450	48	49	2	3	1
1096	1681	41	43	3	1	1
1097	144	33	35	3	2	2
1098	1306	57	59	1	1	2
1099	531	22	24	3	1	1
1100	566	61	62	2	1	1
1101	221	1	4	2	3	2
1102	544	12	13	2	1	2
1103	67	44	47	3	2	1
1104	1048	1	3	2	3	2
1105	1534	13	14	2	3	1
1106	835	48	49	3	3	1
1107	1518	6	8	2	2	2
1108	693	18	20	3	3	1
1109	1526	5	8	3	2	2
1110	1119	42	44	1	1	2
1111	1716	52	55	1	3	1
1112	5	3	5	1	2	2
1113	1115	27	29	1	2	1
1114	1754	23	24	1	1	1
1115	1630	50	53	3	3	1
1116	642	7	8	1	3	1
1117	482	21	24	3	3	2
1118	947	23	24	3	2	2
1119	1497	50	51	1	2	1
1120	349	1	2	2	3	2
1121	1396	49	52	2	1	1
1122	1067	48	50	3	3	1
1123	1381	18	21	2	1	2
1124	1486	28	29	3	2	2
1125	1736	1	3	2	3	1
1126	823	19	20	2	2	2
1127	462	20	23	3	3	1
1128	1093	11	13	3	3	2
1129	195	30	31	3	3	1
1130	559	49	50	1	2	2
1131	1095	17	20	2	3	2
1132	1017	30	32	3	2	1
1133	1726	26	28	2	1	1
1134	1290	40	42	3	1	2
1135	1043	44	46	3	2	2
1136	32	21	22	2	2	1
1137	339	17	18	1	1	2
1138	1136	17	20	3	2	1
1139	1707	35	37	2	2	1
1140	564	32	33	1	3	2
1141	1148	52	53	2	1	2
1142	1360	29	30	3	3	2
1143	1370	11	14	1	1	1
1144	168	40	43	3	2	1
1145	861	10	13	3	3	2
1146	683	12	14	2	3	1
1147	1461	8	10	1	3	2
1148	1200	60	63	2	2	1
1149	962	54	56	2	3	1
1150	819	22	24	1	2	1
1151	1733	20	23	1	2	2
1152	1018	61	62	3	3	2
1153	1755	55	56	1	1	1
1154	51	35	36	2	3	2
1155	534	52	55	2	2	2
1156	437	37	38	1	1	1
1157	923	10	12	2	2	1
1158	927	35	36	1	1	1
1159	275	7	8	3	2	2
1160	192	32	33	2	1	1
1161	681	54	56	2	2	2
1162	118	20	22	1	3	2
1163	231	50	53	3	1	2
1164	13	45	48	1	1	2
1165	85	8	10	3	1	2
1166	1657	2	5	2	1	2
1167	948	44	45	2	2	1
1168	1676	4	5	2	1	1
1169	1344	60	62	3	1	2
1170	1390	37	39	1	2	2
1171	1679	45	47	1	3	2
1172	1085	31	34	3	1	1
1173	1705	10	12	1	3	2
1174	398	32	33	3	1	2
1175	709	37	40	2	1	1
1176	1691	53	54	2	3	1
1177	1373	26	27	2	2	2
1178	9	31	32	3	2	2
1179	1652	29	32	2	1	1
1180	1349	57	60	2	1	1
1181	1314	40	43	3	2	2
1182	138	5	8	2	3	1
1183	31	11	12	3	3	1
1184	724	2	5	3	2	2
1185	943	19	21	3	2	2
1186	1445	43	46	1	1	1
1187	122	21	24	1	1	2
1188	848	60	63	1	3	1
1189	53	21	22	1	3	1
1190	1087	8	11	3	3	1
1191	1670	33	34	3	3	1
1192	1668	18	20	2	3	1
1193	385	57	59	1	3	2
1194	1702	38	40	3	3	1
1195	81	51	53	1	1	2
1196	1765	13	14	1	1	2
1197	1319	14	17	1	1	2
1198	620	1	3	2	1	2
1199	573	21	22	3	3	1
1200	588	17	19	3	1	2
1201	1651	57	58	2	3	2
1202	697	55	58	2	1	1
1203	1482	26	28	3	1	1
1204	1019	11	14	3	3	2
1205	467	34	37	1	3	2
1206	145	62	64	1	2	2
1207	142	59	62	3	3	2
1208	1467	55	56	1	2	1
1209	1007	49	50	1	1	2
1210	247	49	51	2	2	2
1211	1690	47	48	1	2	2
1212	151	47	49	1	3	2
1213	960	38	39	3	1	1
1214	1130	20	21	2	3	1
1215	447	57	59	1	3	2
1216	199	37	38	1	2	2
1217	578	26	28	3	3	1
1218	875	49	52	3	1	1
1219	767	59	62	1	2	2
1220	425	58	61	3	2	1
1221	1670	53	55	1	2	2
1222	1525	24	25	3	1	1
1223	1647	9	11	2	1	1
1224	516	7	9	2	1	2
1225	518	36	39	1	1	2
1226	1211	48	50	3	3	1
1227	571	15	16	3	1	2
1228	257	11	13	3	2	2
1229	1398	19	20	3	3	2
1230	517	36	39	3	2	2
1231	1618	22	25	2	2	2
1232	646	33	35	2	3	2
1233	919	47	48	2	3	1
1234	527	7	8	1	1	2
1235	1460	12	15	3	3	2
1236	565	43	44	3	1	1
1237	734	14	15	2	2	1
1238	1253	27	30	3	1	1
1239	355	61	62	3	1	2
1240	107	37	39	3	2	1
1241	184	37	39	1	1	2
1242	1155	42	45	1	1	1
1243	1563	28	29	1	3	2
1244	1537	18	21	2	3	1
1245	455	38	39	1	1	1
1246	61	35	38	1	3	1
1247	735	23	26	1	1	2
1248	1193	42	45	3	3	2
1249	570	33	36	3	3	1
1250	255	54	57	1	3	2
1251	414	47	49	1	1	1
1252	464	40	43	2	2	1
1253	595	39	41	1	2	2
1254	1608	47	48	1	1	1
1255	1135	38	41	3	1	2
1256	905	34	37	3	1	2
1257	135	2	4	1	3	1
1258	787	12	13	2	1	1
1259	1113	61	63	2	1	1
1260	1703	49	52	2	2	2
1261	1766	8	9	3	1	2
1262	1633	10	13	1	2	2
1263	1307	22	24	2	2	1
1264	1721	19	22	1	3	1
1265	758	2	3	3	1	1
1266	802	60	63	1	2	1
1267	1587	26	28	2	1	1
1268	1680	7	8	3	1	2
1269	1399	51	54	2	1	2
1270	280	57	60	2	1	1
1271	985	33	36	1	2	2
1272	1575	10	11	3	3	1
1273	737	36	37	1	1	1
1274	480	19	21	3	1	1
1275	921	53	54	1	1	2
1276	1320	17	19	3	1	1
1277	1267	57	60	3	3	2
1278	593	27	28	3	3	1
1279	1656	26	29	2	1	2
1280	1377	38	41	2	2	2
1281	1586	5	8	2	2	1
1282	1581	53	54	1	3	2
1283	17	5	7	1	3	1
1284	670	49	52	2	2	2
1285	19	30	33	2	2	1
1286	880	4	7	1	3	2
1287	1142	49	51	2	3	1
1288	496	12	15	1	1	1
1289	1714	34	35	3	1	2
1290	623	7	9	2	2	2
1291	1598	15	16	2	1	1
1292	940	25	28	1	2	2
1293	657	6	9	3	1	2
1294	1759	10	13	1	3	2
1295	413	1	4	1	1	1
1296	1541	55	58	1	2	1
1297	728	26	27	1	1	2
1298	1257	43	46	3	1	2
1299	1340	5	7	2	1	1
1300	62	31	32	3	1	2
1301	1535	47	50	1	1	1
1302	1462	29	31	1	2	1
1303	1735	40	41	1	3	1
1304	907	9	12	3	3	2
1305	599	10	12	1	1	2
1306	1086	56	59	2	1	1
1307	1417	9	12	2	2	1
1308	1738	43	45	1	1	1
1309	1190	15	16	2	2	2
1310	741	60	61	3	1	2
1311	409	53	54	1	3	2
1312	228	46	47	2	1	2
1313	772	29	32	3	1	2
1314	1238	12	13	2	3	1
1315	1071	24	26	2	2	1
1316	306	16	17	2	1	2
1317	1166	58	60	2	2	2
1318	1743	51	53	3	3	2
1319	528	50	52	1	1	2
1320	209	10	13	2	2	1
1321	374	21	24	3	1	2
1322	466	24	25	3	1	2
1323	392	48	50	1	1	1
1324	1285	52	55	3	3	1
1325	177	54	55	1	2	1
1326	679	39	40	2	2	1
1327	388	25	26	3	3	1
1328	298	18	20	3	2	2
1329	981	17	18	2	3	1
1330	1179	42	45	1	1	1
1331	341	9	11	1	1	1
1332	1527	30	31	3	2	1
1333	1172	37	38	3	2	1
1334	899	22	24	2	2	1
1335	458	19	20	1	1	1
1336	1292	40	42	2	2	2
1337	395	18	19	3	2	2
1338	305	42	43	3	3	1
1339	525	15	17	3	3	1
1340	1118	35	37	3	2	2
1341	68	1	4	2	3	1
1342	1303	17	18	2	1	1
1343	8	60	61	2	2	1
1344	483	37	40	1	1	1
1345	320	13	14	3	1	2
1346	1204	14	15	1	3	1
1347	1474	50	52	2	2	2
1348	794	58	59	2	1	2
1349	1010	55	58	2	3	2
1350	419	20	23	1	1	2
1351	631	33	35	3	1	2
1352	751	60	63	2	3	2
1353	303	28	30	3	3	1
1354	1357	2	4	3	1	1
1355	884	20	22	1	3	1
1356	659	41	43	2	1	2
1357	1588	19	20	1	2	1
1358	332	1	3	1	2	1
1359	546	36	39	1	3	1
1360	1701	30	33	3	2	2
1361	1693	13	14	1	2	2
1362	1615	22	23	3	1	1
1363	1226	20	23	2	1	2
1364	869	2	5	3	2	1
1365	1567	27	29	1	2	1
1366	1421	58	60	3	3	2
1367	766	24	25	3	2	2
1368	1324	45	47	1	2	2
1369	1397	62	64	1	2	1
1370	904	19	21	1	3	1
1371	148	47	49	3	1	2
1372	695	33	36	2	3	1
1373	318	4	6	3	3	1
1374	1620	22	23	2	3	1
1375	378	38	40	3	3	2
1376	1746	60	61	1	1	2
1377	1335	36	38	2	2	1
1378	791	48	49	1	3	2
1379	836	27	30	1	2	2
1380	1004	10	12	1	1	2
1381	1631	57	59	3	3	2
1382	950	43	44	1	2	2
1383	1251	42	45	3	3	2
1384	1363	11	13	3	2	1
1385	1762	55	56	3	2	1
1386	937	49	52	3	1	1
1387	1150	42	45	2	1	2
1388	371	12	14	1	3	1
1389	844	27	30	3	3	2
1390	98	16	19	3	1	1
1391	309	9	12	3	2	1
1392	327	54	57	1	1	1
1393	409	2	4	2	1	1
1394	328	46	49	1	1	1
1395	1301	4	7	3	1	2
1396	387	18	21	1	3	2
1397	871	33	35	3	1	1
1398	1577	47	49	2	1	1
1399	1532	34	35	3	1	1
1400	45	44	47	1	3	2
1401	1068	13	16	1	1	2
1402	745	29	31	2	3	2
1403	1574	20	22	1	2	1
1404	42	44	45	2	1	2
1405	1371	12	14	3	3	1
1406	487	30	33	1	1	2
1407	436	7	10	2	2	2
1408	850	52	54	3	2	2
1409	1164	4	5	1	3	2
1410	1198	18	19	2	1	1
1411	688	19	22	2	2	1
1412	229	19	21	2	2	1
1413	730	57	59	2	1	2
1414	383	13	14	1	1	1
1415	109	9	12	2	1	1
1416	65	17	20	2	1	1
1417	1061	43	46	2	1	1
1418	770	43	45	2	1	2
1419	938	44	46	3	3	1
1420	2	11	12	3	2	2
1421	1414	44	45	3	2	1
1422	1026	35	38	2	2	2
1423	1698	29	32	1	1	2
1424	1599	51	53	1	3	2
1425	628	31	34	2	1	1
1426	1025	18	21	1	1	1
1427	1242	47	48	3	3	2
1428	1154	8	11	3	2	2
1429	1242	34	37	3	1	2
1430	930	54	55	2	1	2
1431	1642	60	61	1	2	2
1432	1352	23	24	2	1	2
1433	1234	47	48	3	1	1
1434	706	15	17	3	2	2
1435	849	50	52	3	1	1
1436	1049	8	9	2	1	1
1437	1454	16	19	3	2	1
1438	1420	2	3	1	3	1
1439	586	47	49	1	1	2
1440	824	23	24	2	2	1
1441	1501	62	64	1	2	1
1442	700	17	20	2	1	2
1443	1529	4	6	2	2	2
1444	1597	41	44	2	3	2
1445	57	9	10	3	3	2
1446	127	37	38	3	1	2
1447	1413	25	28	2	1	2
1448	465	38	40	1	3	1
1449	1351	57	58	1	2	2
1450	1507	42	44	2	3	1
1451	604	39	40	2	3	2
1452	1327	11	14	3	3	1
1453	533	8	9	3	1	1
1454	1341	45	48	3	3	1
1455	70	50	51	1	1	1
1456	552	33	34	1	2	1
1457	684	1	4	1	1	1
1458	1441	61	62	3	3	2
1459	897	11	13	1	3	1
1460	1455	43	46	1	2	1
1461	86	27	28	3	3	1
1462	37	5	6	1	3	1
1463	623	62	63	1	1	1
1464	270	32	33	2	2	2
1465	1029	56	59	3	1	1
1466	1338	35	36	3	2	2
1467	582	27	28	2	2	1
1468	1700	32	34	1	2	1
1469	1531	15	16	1	1	2
1470	396	57	58	3	2	2
1471	781	22	23	2	3	1
1472	1001	40	42	1	1	1
1473	793	40	42	1	1	2
1474	1269	42	43	2	2	1
1475	481	51	54	3	2	1
1476	749	31	32	3	2	2
1477	278	7	10	2	3	1
1478	1268	10	12	2	3	1
1479	1094	53	54	2	3	2
1480	397	13	16	3	3	1
1481	308	2	4	1	3	2
1482	1496	53	54	1	3	2
1483	984	13	16	2	2	1
1484	958	6	9	1	3	2
1485	532	14	16	1	1	1
1486	488	18	21	1	1	1
1487	1551	2	3	3	2	1
1488	416	12	15	1	2	1
1489	626	29	31	1	2	1
1490	1511	43	44	1	2	2
1491	1275	15	18	1	3	2
1492	477	5	7	2	3	1
1493	1311	4	6	1	3	2
1494	207	31	33	3	2	2
1495	311	49	50	2	3	1
1496	287	2	5	1	1	1
1497	1662	46	47	2	2	2
1498	456	20	22	3	3	1
1499	354	46	49	2	2	1
1500	1590	56	57	1	3	1
1501	934	61	63	2	2	2
1502	1148	1	3	2	3	1
1503	444	7	9	3	2	1
1504	1110	34	36	2	2	2
1505	492	25	26	1	2	1
1506	272	19	21	2	2	2
1507	1082	27	29	2	1	2
1508	1187	17	18	3	1	2
1509	814	49	50	1	2	2
1510	407	48	51	2	1	2
1511	180	41	43	1	3	1
1512	1050	17	18	2	3	2
1513	352	40	43	1	1	2
1514	601	5	6	1	3	2
1515	781	19	22	2	1	2
1516	1233	4	7	1	2	2
1517	200	58	61	3	2	1
1518	861	40	43	2	3	2
1519	1185	35	36	3	2	1
1520	265	30	31	2	3	2
1521	834	22	24	1	2	1
1522	190	17	18	3	1	2
1523	1764	41	43	3	1	2
1524	1045	5	8	2	1	2
1525	1361	33	36	1	2	2
1526	887	29	32	3	3	1
1527	990	55	58	2	1	1
1528	349	44	47	3	3	1
1529	825	34	36	3	3	2
1530	33	51	54	3	2	2
1531	837	36	38	1	1	2
1532	1752	48	51	2	2	2
1533	732	20	21	1	1	2
1534	1013	33	35	2	3	1
1535	13	24	27	2	1	1
1536	266	47	50	3	2	2
1537	162	10	11	3	2	1
1538	1674	52	55	2	3	2
1539	154	32	33	1	2	1
1540	1385	38	40	3	2	2
1541	1112	30	31	3	3	2
1542	1378	6	8	1	3	1
1543	853	13	14	3	3	1
1544	476	36	38	3	1	1
1545	296	17	19	3	2	1
1546	10	40	42	1	3	1
1547	4	28	29	1	1	2
1548	1280	57	58	1	2	2
1549	1064	57	59	2	1	2
1550	1445	17	19	3	1	2
1551	1740	49	52	1	3	2
1552	244	30	31	2	1	2
1553	1584	26	29	3	3	2
1554	170	27	30	2	1	2
1555	1059	36	37	2	3	1
1556	1055	24	26	3	2	1
1557	1660	14	15	2	1	1
1558	64	45	48	1	2	2
1559	682	31	33	3	2	1
1560	1492	55	56	2	3	1
1561	1469	6	8	1	3	2
1562	346	58	60	2	3	2
1563	1149	56	57	3	1	1
1564	215	4	6	2	3	2
1565	876	8	9	1	2	1
1566	169	13	15	1	2	2
1567	5	54	57	1	3	2
1568	1184	28	31	2	2	1
1569	1158	12	14	1	2	1
1570	1412	19	20	2	2	2
1571	723	56	58	1	2	1
1572	267	42	44	3	2	1
1573	1334	34	35	1	1	2
1574	1220	3	6	1	1	2
1575	759	15	17	2	3	1
1576	101	46	49	3	3	1
1577	40	9	10	2	2	2
1578	54	40	42	2	3	2
1579	1077	49	52	3	3	1
1580	399	60	62	3	2	1
1581	1359	29	30	3	1	2
1582	191	19	20	2	3	2
1583	1723	47	50	3	1	2
1584	1666	56	58	3	2	2
1585	935	56	59	3	1	1
1586	1016	21	23	2	3	1
1587	27	4	5	2	3	2
1588	1744	9	12	1	2	1
1589	92	50	51	2	3	1
1590	881	45	47	1	2	1
1591	231	12	14	2	2	2
1592	1447	44	46	2	1	1
1593	133	31	34	3	1	2
1594	900	48	49	2	1	1
1595	705	23	25	3	1	2
1596	989	12	14	1	3	1
1597	739	24	27	3	2	1
1598	563	12	14	3	2	2
1599	342	59	60	3	1	1
1600	721	19	21	1	2	1
1601	380	31	32	3	3	2
1602	99	31	32	1	1	1
1603	366	35	37	2	3	1
1604	1015	3	5	2	2	1
1605	1500	39	40	2	3	2
1606	1229	30	31	2	3	1
1607	55	8	10	2	3	2
1608	1063	7	10	2	2	1
1609	1048	12	13	2	3	1
1610	510	18	19	3	3	1
1611	763	18	19	2	2	1
1612	294	46	47	1	1	2
1613	1499	25	26	3	3	1
1614	507	1	2	3	1	1
1615	1257	18	21	2	3	2
1616	1731	32	33	1	1	2
1617	1654	58	60	1	2	1
1618	1131	41	43	3	2	2
1619	1177	28	29	3	1	2
1620	998	29	31	1	3	2
1621	1456	36	39	2	3	2
1622	421	43	45	1	1	1
1623	1301	24	26	1	3	1
1624	1244	55	58	2	1	2
1625	1594	36	37	1	3	1
1626	1221	61	62	2	1	2
1627	405	30	32	1	3	2
1628	112	32	34	3	1	1
1629	167	15	17	2	1	2
1630	467	47	50	2	2	1
1631	290	27	30	2	2	2
1632	803	33	35	2	2	2
1633	1728	17	18	3	3	1
1634	703	18	21	2	2	1
1635	971	2	5	1	3	1
1636	594	48	49	2	3	2
1637	446	56	58	2	2	1
1638	391	5	7	2	1	1
1639	865	24	26	3	1	2
1640	1466	53	55	2	1	2
1641	1144	35	37	2	3	2
1642	1405	32	33	1	2	1
1643	56	33	34	1	2	2
1644	336	1	2	2	2	1
1645	1727	19	22	3	2	2
1646	1378	44	46	1	2	2
1647	6	10	11	3	3	1
1648	653	18	19	1	2	2
1649	239	17	20	1	2	2
1650	895	8	10	2	3	1
1651	1639	40	41	1	2	2
1652	959	43	46	3	1	2
1653	660	51	53	3	1	1
1654	933	13	15	3	2	2
1655	992	32	33	3	3	1
1656	164	61	62	1	2	2
1657	15	50	53	3	1	2
1658	949	2	5	3	1	1
1659	546	23	24	2	2	2
1660	132	33	35	1	1	1
1661	652	13	16	3	3	1
1662	828	7	9	2	3	2
1663	547	14	17	1	2	1
1664	799	19	20	2	1	1
1665	502	21	23	3	3	2
1666	543	44	46	3	2	2
1667	1252	54	57	3	3	1
1668	1450	2	3	1	1	2
1669	176	59	62	3	2	1
1670	1603	18	21	3	1	1
1671	946	51	54	1	2	1
1672	1383	45	48	3	2	2
1673	1219	55	57	1	1	2
1674	806	14	15	1	1	2
1675	776	21	23	1	2	2
1676	1376	2	5	1	3	1
1677	988	52	53	3	3	2
1678	748	26	28	3	3	2
1679	1365	44	47	3	1	1
1680	1757	31	32	2	1	2
1681	1401	30	33	3	1	2
1682	1604	39	42	3	1	2
1683	1128	13	14	3	1	2
1684	36	17	18	2	2	2
1685	80	38	41	1	3	2
1686	1729	17	18	1	3	2
1687	657	43	45	3	1	2
1688	879	38	40	2	2	1
1689	1037	47	49	1	1	2
1690	888	59	62	2	2	2
1691	666	25	28	3	1	2
1692	1070	17	18	2	2	2
1693	945	12	15	3	1	1
1694	652	26	29	2	3	1
1695	1098	27	29	1	1	1
1696	438	24	25	3	1	1
1697	1199	54	56	3	1	1
1698	52	45	47	1	1	2
1699	969	40	43	2	1	2
1700	1304	35	36	2	1	2
1701	1054	25	28	2	1	2
1702	1120	43	44	2	1	2
1703	831	34	35	2	1	2
1704	274	54	55	1	1	2
1705	1495	39	41	3	1	1
1706	1448	38	39	2	1	1
1707	756	10	12	3	2	2
1708	1556	44	45	2	1	2
1709	1102	23	26	1	2	2
1710	592	57	60	3	2	2
1711	1689	35	38	2	3	2
1712	728	19	20	3	2	2
1713	757	52	54	3	1	1
1714	618	32	33	2	1	1
1715	841	21	24	3	1	2
1716	1029	35	37	2	1	1
1717	293	40	41	1	1	1
1718	1044	33	36	1	2	1
1719	1246	56	57	3	3	2
1720	240	3	4	2	3	1
1721	1167	16	17	2	3	2
1722	1468	17	20	2	2	1
1723	288	43	46	3	1	1
1724	524	14	16	3	1	1
1725	242	12	14	3	2	2
1726	96	34	35	3	1	1
1727	1313	41	44	3	2	1
1728	338	49	51	3	3	2
1729	1476	60	61	2	3	1
1730	690	36	39	2	1	2
1731	1254	47	50	2	1	1
1732	451	30	32	3	2	2
1733	600	57	60	1	3	2
1734	609	27	30	2	3	1
1735	1624	7	10	3	3	1
1736	1737	43	45	1	2	1
1737	1761	4	6	3	2	2
1738	1380	29	30	3	1	1
1739	1410	3	4	1	2	1
1740	1111	19	22	3	1	2
1741	859	6	7	3	3	1
1742	150	13	14	3	2	2
1743	630	21	22	3	1	1
1744	73	3	5	1	2	1
1745	1003	44	45	1	3	2
1746	1598	10	13	3	2	2
1747	382	11	13	1	1	1
1748	254	34	37	1	3	1
1749	1375	7	10	2	3	1
1750	1275	21	22	1	2	1
1751	478	4	5	3	2	2
1752	18	11	12	1	3	1
1753	21	27	28	1	3	1
1754	1696	59	61	1	1	1
1755	1444	9	10	1	1	2
1756	807	29	30	1	2	2
1757	1616	23	24	3	2	1
1758	1393	56	58	2	3	1
1759	612	40	41	3	1	1
1760	149	47	48	3	1	1
1761	562	21	24	2	1	1
1762	1250	53	56	1	1	2
1763	175	36	38	1	1	1
1764	912	28	29	3	1	2
1765	1419	47	49	2	2	2
1766	1562	41	43	1	1	1
1767	611	17	18	1	2	1
1768	75	6	7	1	2	2
1769	457	6	9	3	1	1
1770	237	19	20	1	2	2
1771	1107	1	2	2	2	1
1772	1088	54	56	3	2	2
1773	1218	26	27	3	3	1
1774	829	20	21	1	1	2
1775	461	57	58	3	1	1
1776	1715	44	46	1	2	1
1777	1175	40	43	1	3	2
1778	572	21	22	3	1	2
1779	20	25	27	1	3	1
1780	196	42	43	3	1	2
1781	1678	59	62	3	3	1
1782	1581	42	45	1	3	2
1783	1477	26	28	3	1	1
1784	1721	60	62	3	2	2
1785	363	50	51	2	2	1
1786	816	54	57	2	1	1
1787	265	41	43	2	2	1
1788	1332	38	41	1	2	2
1789	1347	37	40	2	2	2
1790	941	11	14	3	3	2
1791	587	61	63	1	2	1
1792	146	29	32	3	3	1
1793	942	15	17	2	1	2
1794	1198	33	36	3	3	1
1795	1023	26	29	1	1	1
1796	1459	56	59	3	3	2
1797	1592	20	22	3	3	2
1798	1243	37	40	1	1	1
1799	1570	2	5	2	2	1
1800	1308	27	28	3	3	2
1801	1683	11	12	2	3	1
1802	845	18	20	3	1	2
1803	1047	3	5	3	3	1
1804	173	23	24	2	1	2
1805	1173	54	57	1	1	1
1806	805	47	48	2	3	2
1807	708	10	13	1	1	1
1808	553	29	31	3	1	2
1809	813	28	30	1	1	1
1810	820	8	9	1	2	2
1811	644	17	18	1	1	1
1812	629	37	38	2	3	1
1813	1565	35	36	1	3	2
1814	757	9	10	2	2	1
1815	727	44	45	3	2	2
1816	1659	1	4	1	2	1
1817	656	10	13	2	2	2
1818	574	57	60	2	1	2
1819	102	54	55	3	1	1
1820	442	41	42	3	3	1
1821	1057	29	31	1	1	2
1822	1232	58	61	1	3	2
1823	1471	21	23	3	3	1
1824	1697	12	14	3	3	1
1825	761	60	63	2	3	2
1826	220	1	3	3	3	1
1827	50	51	54	2	2	1
1828	1619	29	32	3	3	1
1829	1741	48	50	1	1	1
1830	351	38	40	2	3	1
1831	1670	21	22	1	1	2
1832	1224	58	59	3	1	1
1833	1141	30	33	3	2	1
1834	1435	21	22	2	1	1
1835	434	25	28	3	3	1
1836	1748	51	54	2	2	2
1837	1295	27	29	2	3	1
1838	1041	27	28	2	2	1
1839	348	15	18	2	2	1
1840	1100	21	22	2	2	1
1841	590	40	41	2	3	2
1842	283	22	23	3	2	2
1843	1213	50	51	2	1	2
1844	1667	14	15	3	2	1
1845	183	38	41	2	1	1
1846	1152	22	23	2	3	2
1847	743	28	31	3	1	2
1848	1309	24	25	1	1	2
1849	1231	58	61	1	1	2
1850	125	1	4	3	3	1
1851	24	44	46	1	2	2
1852	579	59	61	3	1	1
1853	1364	53	56	1	3	1
1854	558	36	39	2	2	1
1855	1758	29	30	1	3	1
1856	916	51	52	2	2	1
1857	505	44	46	3	1	1
1858	16	45	48	3	3	2
1859	1345	29	32	1	1	1
1860	38	22	23	3	2	1
1861	1695	23	26	2	3	2
1862	245	38	41	2	1	1
1863	754	37	38	3	2	2
1864	346	38	39	2	2	2
1865	856	44	45	3	2	1
1866	1156	31	32	2	1	1
1867	1104	60	61	2	1	2
1868	1748	23	25	1	3	1
1869	754	60	63	1	3	1
1870	1189	5	7	3	1	1
1871	613	49	51	2	2	1
1872	840	34	37	1	1	1
1873	747	44	47	3	1	1
1874	859	51	52	1	2	1
1875	1182	59	62	1	1	2
1876	1205	10	13	2	1	1
1877	1601	4	7	3	2	2
1878	147	47	48	1	2	2
1879	112	45	47	3	3	2
1880	66	30	31	3	2	1
1881	669	59	61	3	2	1
1882	513	15	17	2	2	2
1883	1032	8	11	3	2	2
1884	1542	30	33	3	3	1
1885	924	45	47	3	3	1
1886	936	7	8	1	2	2
1887	1734	35	36	3	2	1
1888	1658	55	57	3	3	1
1889	12	37	39	3	2	2
1890	691	2	3	1	1	2
1891	1610	56	59	1	3	2
1892	1732	12	15	3	2	2
1893	520	4	7	3	1	1
1894	499	1	2	1	2	1
1895	929	47	48	3	3	1
1896	347	37	39	1	1	2
1897	1688	48	50	2	1	1
1898	821	45	48	2	1	1
1899	1736	55	58	2	2	1
1900	521	4	5	2	2	1
1901	928	55	57	2	3	1
1902	1196	10	11	3	1	1
1903	307	3	4	2	2	2
1904	1422	46	48	3	3	1
1905	333	32	33	1	1	2
1906	862	33	35	1	1	1
1907	717	53	55	1	1	2
1908	903	2	3	2	2	2
1909	1687	20	23	3	3	2
1910	785	37	38	2	1	1
1911	1749	10	13	3	1	1
1912	798	41	42	3	1	2
1913	1600	10	12	2	3	1
1914	1745	39	42	2	1	1
1915	780	2	3	1	3	2
1916	775	43	44	3	1	1
1917	1036	22	24	1	2	1
1918	157	30	33	2	2	2
1919	1666	19	22	1	3	2
1920	1593	43	45	3	3	2
1921	1512	15	16	1	3	2
1922	1673	24	26	2	3	2
1923	249	44	45	3	3	2
1924	1512	27	29	3	2	1
1925	1125	51	53	1	3	2
1926	489	29	32	3	2	2
1927	322	21	24	1	2	2
1928	329	36	39	1	1	2
1929	1329	8	9	1	2	2
1930	1011	15	18	2	3	2
1931	357	61	63	2	1	1
1932	1748	22	25	3	1	1
1933	1351	23	26	2	1	2
1934	1395	55	57	2	3	1
1935	1423	36	39	1	1	2
1936	1544	34	36	1	1	1
1937	246	10	13	2	3	1
1938	1330	53	55	1	3	2
1939	214	54	56	3	2	1
1940	1124	4	6	3	2	2
1941	1712	1	2	1	2	1
1942	746	15	18	1	1	1
1943	208	30	33	2	3	2
1944	441	27	30	3	1	1
1945	668	28	29	2	3	2
1946	1009	52	55	2	1	2
1947	409	18	21	3	1	2
1948	1237	39	41	3	3	2
1949	88	15	18	3	3	1
1950	776	49	50	2	1	1
1951	1272	25	27	1	1	1
1952	1187	22	24	2	3	1
1953	1428	33	34	1	3	2
1954	276	52	54	3	2	1
1955	975	10	13	1	1	1
1956	1475	20	23	3	2	2
1957	641	16	19	3	1	1
1958	581	24	26	1	3	1
1959	1446	12	13	2	3	1
1960	764	25	28	2	3	1
1961	540	26	27	3	3	2
1962	808	30	31	3	2	2
1963	783	51	53	3	2	2
1964	159	54	57	1	2	2
1965	890	47	48	1	1	2
1966	555	20	22	2	3	1
1967	1409	20	22	1	2	2
1968	376	8	10	3	3	2
1969	124	43	45	3	3	1
1970	1413	57	60	3	1	2
1971	423	18	21	1	1	2
1972	725	45	47	2	1	1
1973	1220	38	40	3	2	1
1974	82	59	61	1	2	1
1975	1438	37	40	3	3	2
1976	696	47	50	3	3	2
1977	610	20	22	3	1	1
1978	474	59	60	1	1	1
1979	1739	54	56	2	2	2
1980	316	59	61	1	1	1
1981	930	17	20	3	2	1
1982	1684	45	48	3	2	2
1983	319	27	28	2	2	1
1984	511	20	23	2	1	2
1985	1653	31	33	1	1	2
1986	645	59	62	2	3	2
1987	1033	43	44	1	2	1
1988	1645	10	11	1	1	1
1989	1046	8	9	3	2	2
1990	539	7	8	1	3	1
1991	87	43	46	3	3	1
1992	647	47	48	1	1	1
1993	428	40	41	3	3	1
1994	627	25	28	3	3	1
1995	1717	3	4	1	3	2
1996	470	39	42	3	1	1
1997	1611	54	57	2	3	2
1998	1247	11	14	3	1	1
1999	1132	51	53	2	3	1
2000	716	42	43	2	1	1

