DATASET = ORTEC-hidden instance set VeRoLog competition
NAME = tools over distance over vehicle days over vehicles with 1500 requests over 30 days

DAYS = 30
CAPACITY = 50
MAX_TRIP_DISTANCE = 20000
DEPOT_COORDINATE = 0

VEHICLE_COST = 1
VEHICLE_DAY_COST = 2000
DISTANCE_COST = 400000

TOOLS = 4
1	6	102	50000000
2	9	88	20000000
3	12	98	10000000
4	3	100	10000000

COORDINATES = 1383
0	7688	8161
1	9492	6138
2	7904	6140
3	8838	6142
4	4396	6145
5	9133	6146
6	5701	6147
7	8311	6151
8	8209	6152
9	4347	6152
10	8409	6157
11	7388	6160
12	7606	6164
13	3666	6175
14	9144	6183
15	3849	4137
16	9060	6185
17	9058	6191
18	8317	6142
19	7642	6198
20	7730	6217
21	8220	6223
22	9459	6225
23	8957	6233
24	3943	4146
25	4551	6246
26	6572	140
27	4192	6249
28	7527	6249
29	6373	6250
30	7700	6290
31	7406	6292
32	3881	4157
33	8247	6309
34	3925	6319
35	8157	6164
36	8385	6345
37	3985	6351
38	4118	6170
39	8269	6368
40	7651	6376
41	7641	6381
42	3479	6391
43	7854	6406
44	3848	6424
45	3531	6441
46	7328	6450
47	7469	6455
48	7635	6467
49	8173	6477
50	7574	6485
51	3845	6487
52	4351	6492
53	8330	6491
54	3614	6498
55	8080	6500
56	6791	6506
57	8117	6506
58	4600	4191
59	6460	6518
60	7909	6520
61	7676	6527
62	6311	2191
63	7918	6540
64	3681	6554
65	7662	6557
66	4220	6559
67	7480	6561
68	8626	6565
69	7171	6573
70	6761	6579
71	7893	6598
72	8663	6602
73	7349	6609
74	3780	6613
75	7125	6613
76	8369	6623
77	3341	6625
78	7804	6627
79	7537	6628
80	3709	6643
81	8295	6651
82	3650	6656
83	6848	209
84	3983	6665
85	7699	6674
86	7817	6678
87	7770	6681
88	8023	6681
89	3883	4220
90	4236	6223
91	4008	4220
92	4284	6224
93	3790	6700
94	7890	6705
95	8751	6708
96	4129	6713
97	7186	8233
98	7002	6731
99	8504	6736
100	8769	6749
101	8583	6750
102	3508	6757
103	6771	6758
104	7552	6761
105	7013	6781
106	7536	6794
107	3639	6805
108	3443	6808
109	3363	6820
110	6875	6823
111	9081	8356
112	3847	6851
113	4140	6859
114	3787	6868
115	8243	6874
116	7016	6889
117	4045	6891
118	4198	6903
119	8345	6911
120	7400	6912
121	9628	6918
122	8681	6921
123	7828	6943
124	4007	6944
125	7458	6946
126	8490	6946
127	7598	6267
128	7481	6950
129	7478	6951
130	8720	6954
131	7372	6969
132	8204	4268
133	8412	6979
134	7259	6981
135	8144	6988
136	7550	6992
137	7494	6993
138	4257	6994
139	7185	7000
140	8559	4273
141	9168	7020
142	3916	5560
143	4709	7025
144	4277	7026
145	5957	7026
146	4590	7032
147	5928	7041
148	8489	7042
149	4515	4281
150	6871	7060
151	4535	7063
152	7540	7063
153	4012	7073
154	8764	7077
155	8052	6289
156	4742	7090
157	7938	7101
158	3923	7110
159	9156	7113
160	4010	7131
161	8750	7131
162	4382	7144
163	8140	7148
164	8750	7156
165	8851	7158
166	7292	7163
167	3484	7181
168	7493	7196
169	8875	7199
170	4353	7203
171	7101	8315
172	3437	7236
173	6711	7244
174	7443	7253
175	4913	7263
176	8387	7264
177	4951	7265
178	7980	4316
179	8542	7267
180	3447	7271
181	8513	7277
182	4300	7278
183	6694	7279
184	7478	7292
185	7522	7297
186	4423	7299
187	6719	7299
188	4746	2320
189	3808	7307
190	3471	7313
191	6909	7317
192	6307	7317
193	7448	7317
194	7429	7322
195	7090	7322
196	3746	7327
197	5406	4327
198	3490	7346
199	8928	7347
200	8216	7347
201	8887	7355
202	7516	7358
203	7174	7362
204	7654	7367
205	7742	7378
206	9266	8345
207	8351	7401
208	7500	8347
209	7170	7411
210	3929	7416
211	9561	7469
212	6541	7502
213	6799	7516
214	9331	7531
215	7710	7532
216	6794	7537
217	6030	7537
218	6439	7538
219	3542	7541
220	7038	7545
221	6766	7557
222	9315	7569
223	6256	7570
224	8547	7571
225	8247	7576
226	4513	7581
227	8449	7583
228	6815	2367
229	4386	7590
230	3796	7596
231	7497	7597
232	4310	4372
233	7680	7599
234	7608	7620
235	7727	7623
236	7501	7663
237	7441	7670
238	7864	7676
239	5611	7683
240	8544	7705
241	6622	7714
242	9507	7718
243	7196	7725
244	6413	7726
245	6460	7731
246	7583	7731
247	8559	7736
248	7156	7744
249	5950	7754
250	6432	7771
251	7350	7793
252	5625	7795
253	8968	7799
254	8433	7810
255	8825	7834
256	4059	7849
257	4172	7856
258	8405	7856
259	5380	7857
260	6928	7862
261	7351	7870
262	8795	8424
263	8300	7876
264	7453	7888
265	6222	7892
266	5370	7907
267	6783	7913
268	4654	4425
269	5399	7944
270	9230	7956
271	6965	7960
272	6260	7967
273	6014	7968
274	7372	7970
275	7174	7974
276	9704	7975
277	5532	7977
278	8636	4435
279	6271	7981
280	6996	8444
281	6586	7989
282	6478	7994
283	8654	7998
284	8663	8003
285	8549	8004
286	5795	8011
287	7114	8029
288	6213	8032
289	6440	8451
290	5591	8039
291	7878	8047
292	6948	8048
293	7517	8051
294	7487	8053
295	6480	8059
296	7712	8093
297	7114	8098
298	5683	8100
299	9628	8103
300	7549	8106
301	7306	8110
302	6064	8121
303	3619	4463
304	5563	8146
305	5896	8147
306	6143	8471
307	5447	8171
308	6487	8171
309	4093	4469
310	5908	8186
311	5736	8480
312	5953	8481
313	7265	8224
314	8979	8228
315	8830	8230
316	7505	4478
317	8803	8239
318	7308	8246
319	6278	8249
320	7715	8261
321	9248	8267
322	6500	8276
323	5444	8278
324	7753	8293
325	6962	8296
326	7390	8301
327	6537	8302
328	4923	4490
329	7793	8306
330	9918	8316
331	5788	8324
332	9555	8326
333	7699	6497
334	5601	8333
335	7414	8347
336	6499	8347
337	7752	8348
338	7666	8357
339	5685	8361
340	7633	6506
341	8186	8390
342	5600	8401
343	5341	4406
344	8841	8408
345	6698	8414
346	6653	8415
347	6568	8515
348	6551	8421
349	7406	8426
350	3837	8432
351	6868	8436
352	6678	8439
353	8734	8520
354	5835	8446
355	8864	8461
356	5406	8466
357	7396	8471
358	5985	8479
359	3868	8482
360	7814	8487
361	6269	8490
362	7664	8496
363	2645	2519
364	5904	8506
365	5873	8508
366	3886	8508
367	6128	8509
368	6729	8516
369	7913	8531
370	6217	8533
371	6846	8539
372	9552	8539
373	6475	8542
374	5572	8542
375	4521	4010
376	4002	3610
377	6137	8556
378	7780	8565
379	9659	8571
380	8460	8573
381	6396	6539
382	6814	8582
383	7722	8583
384	5427	8584
385	5870	8598
386	6934	8609
387	8478	8612
388	3388	6546
389	8118	8630
390	3933	6549
391	6305	8656
392	3793	8662
393	5605	8666
394	7254	8667
395	5651	8671
396	9267	8678
397	8273	8681
398	5841	8682
399	8739	4553
400	8277	8691
401	6205	8694
402	3714	6563
403	7496	8720
404	5737	8722
405	7466	8566
406	6742	8724
407	3796	4564
408	5437	8754
409	4097	4567
410	7672	8774
411	5586	8781
412	3836	4572
413	5697	8795
414	5738	8797
415	5657	8804
416	7304	8580
417	7615	8811
418	6006	8815
419	5558	8834
420	6177	8839
421	7539	8840
422	3543	3484
423	9834	8850
424	5861	8851
425	7589	8862
426	5486	8866
427	7420	8867
428	8383	4585
429	6692	8918
430	6527	8924
431	7851	8953
432	5571	8957
433	5824	8960
434	8017	8960
435	7628	8963
436	7065	8965
437	5973	8965
438	9179	8986
439	6871	9000
440	9921	9006
441	7955	9014
442	7661	9031
443	7801	9040
444	6973	5308
445	5694	9067
446	5949	9081
447	5600	9085
448	5171	4620
449	7731	9087
450	7792	4620
451	7471	8628
452	6827	9099
453	6358	9104
454	8141	9105
455	6008	9111
456	8074	9112
457	6560	9114
458	9573	9115
459	7508	9132
460	7675	9136
461	9323	9167
462	8269	9174
463	7318	9176
464	6040	9179
465	4773	2633
466	6815	9186
467	5988	9191
468	5128	4638
469	8706	9200
470	7311	9208
471	8633	9223
472	8918	9240
473	8041	9246
474	7574	9247
475	7468	9256
476	8941	9258
477	7213	4649
478	8290	9267
479	8551	9287
480	8998	4434
481	7767	9300
482	9638	8272
483	6690	9322
484	8010	9323
485	6725	9329
486	6943	9340
487	6759	9346
488	8212	9357
489	6550	9360
490	8146	9366
491	8403	9374
492	9081	9378
493	6597	9383
494	4579	2668
495	8307	9398
496	8360	9415
497	8165	9419
498	9122	9424
499	8564	9426
500	6550	9428
501	8797	9433
502	8705	9441
503	7754	9442
504	6674	9460
505	8886	9466
506	6592	9468
507	7102	9496
508	6809	9521
509	9087	9523
510	9123	9525
511	7264	9553
512	5608	2694
513	6909	9562
514	8407	9581
515	8286	9586
516	6872	9595
517	8187	9634
518	7222	8723
519	5151	9677
520	4126	5249
521	8948	8728
522	8656	9739
523	8632	9780
524	6458	2742
525	8337	4748
526	6951	8774
527	7542	4769
528	7371	9995
529	3495	2776
530	8431	4781
531	5664	4783
532	4218	4596
533	8071	4798
534	5069	2796
535	8237	4799
536	5581	4807
537	7939	6818
538	2302	2818
539	4778	4844
540	2871	4850
541	8714	4852
542	5367	2855
543	412	2861
544	650	2864
545	5078	2868
546	8770	6891
547	7714	4890
548	2023	2893
549	4646	4085
550	8296	5687
551	8837	4887
552	8791	6681
553	5003	2890
554	2977	4944
555	7935	6950
556	3972	4950
557	4028	6956
558	7500	6962
559	7076	2956
560	8125	8967
561	6675	8971
562	3529	2963
563	7154	6980
564	5299	4978
565	4079	6984
566	1776	2991
567	4205	7002
568	7313	2903
569	7124	5010
570	7952	9021
571	8929	6109
572	8997	7028
573	7574	5031
574	8042	9056
575	5536	5064
576	9030	5073
577	9007	5085
578	4655	3083
579	8843	7097
580	8719	5099
581	4528	7106
582	7567	4687
583	6717	9117
584	7611	7120
585	6110	45
586	8616	5120
587	7711	5120
588	6233	70
589	4282	6546
590	6506	112
591	6405	119
592	3501	4770
593	8043	5142
594	6530	203
595	6438	208
596	8548	5334
597	6471	265
598	6496	9339
599	6467	306
600	6881	316
601	8738	5165
602	4380	4539
603	8472	5173
604	7015	397
605	6003	401
606	7048	9184
607	6208	447
608	8142	5186
609	6860	4543
610	8228	6144
611	3648	5196
612	5361	8147
613	6154	8548
614	3050	5207
615	7989	7214
616	8492	5212
617	6799	9223
618	6576	723
619	6680	738
620	6732	770
621	7131	5238
622	6828	811
623	3324	3241
624	7731	5248
625	8378	5249
626	4690	2954
627	7353	7259
628	6287	888
629	7410	5265
630	8109	9275
631	8652	5272
632	8630	5759
633	8848	9281
634	6526	991
635	8135	5275
636	4286	6161
637	6297	1062
638	3374	4162
639	7111	9300
640	4619	6966
641	6380	1148
642	3519	4164
643	6435	1187
644	6485	1246
645	7038	5317
646	6814	1256
647	6885	1288
648	7844	9337
649	8141	5344
650	7065	5347
651	4011	3344
652	7267	5774
653	7140	1438
654	6933	1470
655	3850	7359
656	7648	5371
657	7059	5376
658	6813	1620
659	6335	1636
660	6027	1643
661	6208	1653
662	6521	1661
663	5138	4182
664	6238	3401
665	1564	1805
666	1077	1868
667	1614	1886
668	4053	7427
669	6911	1910
670	1504	1918
671	5186	1933
672	3615	3430
673	8148	4590
674	5754	1953
675	3823	4191
676	7229	1979
677	5166	1982
678	5036	2008
679	6738	2010
680	5145	2014
681	8055	5446
682	5797	3444
683	5212	2055
684	6237	2063
685	7155	2089
686	6097	2095
687	850	2096
688	6104	3455
689	824	2124
690	5060	2126
691	8935	7467
692	5758	2132
693	1872	2133
694	9451	5466
695	7048	5467
696	6318	2152
697	6286	2152
698	5127	2154
699	6517	2171
700	4845	2184
701	4835	2190
702	8181	7480
703	6068	2220
704	5615	3476
705	319	2227
706	6430	2229
707	4651	2260
708	5374	2291
709	5035	2301
710	6251	2318
711	9061	9503
712	9166	5499
713	5125	2357
714	6393	2407
715	4737	2416
716	7785	5512
717	6445	2420
718	5501	2432
719	6700	2447
720	6303	2452
721	4921	2454
722	4908	2481
723	4988	2491
724	3960	2492
725	6790	2499
726	6208	2519
727	2454	2523
728	2593	2525
729	4565	2532
730	3055	2534
731	6229	2535
732	5026	2543
733	4968	2559
734	4182	2562
735	4826	2588
736	6641	2604
737	2660	2607
738	613	2615
739	4220	2615
740	6706	2616
741	5810	2620
742	1227	2628
743	4244	2630
744	4592	2632
745	3318	2635
746	7042	2637
747	2769	2643
748	4674	2648
749	4975	2655
750	4592	2657
751	2881	2659
752	4859	2666
753	7271	2668
754	6942	2673
755	2510	2674
756	6427	2679
757	3322	2684
758	6219	2688
759	3404	2689
760	4791	2699
761	7407	7562
762	514	2703
763	5661	2702
764	2801	2710
765	2699	2712
766	4428	2718
767	2936	2734
768	2841	2740
769	7205	2754
770	295	2759
771	4236	2775
772	4703	2784
773	4254	2785
774	1561	2787
775	5859	2801
776	5235	2803
777	4660	2812
778	4940	3575
779	4899	2816
780	308	2819
781	4278	2826
782	4912	2836
783	6425	2845
784	5831	2850
785	4655	2852
786	3324	4164
787	622	2861
788	4000	2869
789	709	2873
790	6072	2877
791	633	2890
792	3219	2892
793	5991	2895
794	2505	2903
795	2335	2903
796	3546	2907
797	669	2908
798	2730	2908
799	4832	2910
800	7040	2914
801	3895	2915
802	3365	2918
803	7792	5601
804	5714	2956
805	6273	2956
806	6898	2962
807	3973	2963
808	1194	2969
809	2976	2971
810	5518	2987
811	981	2992
812	3833	2992
813	6864	2994
814	1705	2999
815	5647	3023
816	5560	3033
817	5598	3034
818	4139	7619
819	6540	3037
820	1198	3044
821	6802	3048
822	5377	3049
823	6813	3050
824	6465	3060
825	5911	3075
826	5978	3083
827	4150	3086
828	5932	3086
829	6333	3088
830	5493	3090
831	5001	3093
832	5104	3110
833	6315	3114
834	5979	3117
835	2685	3119
836	5752	3119
837	6878	3123
838	5302	3429
839	6883	3130
840	7837	5631
841	4529	3135
842	6255	3135
843	3207	3138
844	6705	3140
845	3238	3158
846	5312	3159
847	4652	3160
848	6058	3168
849	4874	3174
850	2753	3204
851	4896	3210
852	5560	3216
853	1393	3220
854	1504	3221
855	6609	3237
856	6330	3240
857	6685	3241
858	6031	3249
859	4025	3256
860	5259	3260
861	3994	3263
862	7130	3263
863	5367	3650
864	7091	5655
865	4037	3276
866	6000	3282
867	6285	3286
868	2898	3293
869	5697	3295
870	3724	3302
871	4762	3305
872	2797	3316
873	6380	3316
874	3761	3332
875	6530	3335
876	6435	3336
877	2289	3337
878	2341	3343
879	6748	3349
880	6545	3356
881	5548	3377
882	6537	3394
883	3738	3409
884	2828	3410
885	5638	3420
886	6679	3430
887	6323	3447
888	5269	3448
889	5407	3458
890	5488	3480
891	5580	3484
892	4511	3494
893	4172	3507
894	4675	3517
895	5686	3519
896	9158	5043
897	6924	3531
898	4412	3537
899	3034	3538
900	7610	5699
901	6284	3554
902	4845	3558
903	4235	3568
904	2674	3594
905	6390	3615
906	4308	3617
907	6271	7716
908	5942	3630
909	5472	3630
910	5866	3632
911	6155	3658
912	5529	3671
913	5026	3678
914	4485	3680
915	4779	3686
916	4974	3686
917	4863	3695
918	8028	5449
919	6766	3702
920	4444	3703
921	5224	3704
922	6371	3706
923	4245	3710
924	5850	3711
925	5853	3720
926	4238	3726
927	4874	3738
928	6079	3748
929	5804	3750
930	4718	3751
931	5767	8654
932	5803	3734
933	4971	3775
934	5194	3780
935	6721	3811
936	6436	3815
937	5808	3826
938	4463	3829
939	4069	3867
940	3992	5055
941	1312	3885
942	5432	3887
943	3150	3894
944	1502	3905
945	3942	3924
946	6116	3933
947	5185	3940
948	5857	3941
949	5474	3955
950	2097	3956
951	9140	5769
952	4317	3964
953	6115	3966
954	5937	3970
955	5444	3972
956	6169	3977
957	6734	3979
958	3988	3981
959	4676	3982
960	4737	3983
961	5207	3985
962	6241	3990
963	5485	3991
964	2873	4003
965	2232	4006
966	5257	4007
967	5072	4010
968	4273	4028
969	8039	7785
970	7009	4035
971	4671	4036
972	3512	4041
973	3532	4047
974	3044	3781
975	5162	4050
976	4142	4059
977	8784	4260
978	3893	4067
979	4888	4072
980	4116	4080
981	5770	4080
982	3705	4081
983	1957	4091
984	4082	4098
985	4656	4110
986	3812	4119
987	7987	4125
988	4196	4128
989	4278	4137
990	3515	4138
991	6287	2662
992	3580	4156
993	4065	4158
994	8289	4162
995	4012	4163
996	5217	4168
997	3932	4170
998	7542	5804
999	4125	4172
1000	6738	4174
1001	3474	4177
1002	4074	4179
1003	8312	4181
1004	4295	4191
1005	4996	4198
1006	6808	4200
1007	3997	4208
1008	4002	4212
1009	4120	4213
1010	8533	4213
1011	4200	4219
1012	4670	4219
1013	6776	4220
1014	4132	4221
1015	7543	5467
1016	5168	4227
1017	8315	4234
1018	8112	4237
1019	8566	4238
1020	8106	4239
1021	8764	4254
1022	4446	4255
1023	5043	4258
1024	3938	4266
1025	5089	4269
1026	8350	4277
1027	3294	4283
1028	8702	4285
1029	4280	4286
1030	5189	4295
1031	5044	4304
1032	6051	4305
1033	7325	7830
1034	8644	4308
1035	8618	4312
1036	3868	4315
1037	4395	4324
1038	3519	4325
1039	6198	4331
1040	5396	4332
1041	3998	4340
1042	8589	4351
1043	4468	4356
1044	5384	4357
1045	4442	4363
1046	8380	4366
1047	8396	4384
1048	8766	4385
1049	8493	4388
1050	8598	4389
1051	7943	4390
1052	6351	4391
1053	4642	4393
1054	7849	4398
1055	6324	4402
1056	7189	4405
1057	2402	4407
1058	8529	4411
1059	7888	4437
1060	6969	4444
1061	7162	4446
1062	3617	4450
1063	4030	4463
1064	3678	4465
1065	4139	4471
1066	8677	4471
1067	3764	4491
1068	8900	4491
1069	5034	4493
1070	4663	4506
1071	2459	4520
1072	5793	4520
1073	3735	4522
1074	5779	4523
1075	8692	4523
1076	8286	4535
1077	7878	4537
1078	5331	4538
1079	8844	4539
1080	8520	4539
1081	5793	4543
1082	4004	4546
1083	5188	4556
1084	8190	4562
1085	8568	4564
1086	6530	7873
1087	7897	4568
1088	8637	4568
1089	8552	4568
1090	4381	4572
1091	4145	4579
1092	4179	4588
1093	2891	4592
1094	8321	4597
1095	4663	4600
1096	7703	4604
1097	4630	4616
1098	8611	4616
1099	3842	4621
1100	3831	4625
1101	8392	4630
1102	7957	4632
1103	8882	5881
1104	8426	4635
1105	8627	4653
1106	4034	4661
1107	8651	4666
1108	8426	4669
1109	5010	4672
1110	8730	4677
1111	4075	4682
1112	3949	4689
1113	7606	4695
1114	7987	4698
1115	7640	4713
1116	7409	4714
1117	7917	5895
1118	8571	4731
1119	8376	4742
1120	7647	5900
1121	8375	4752
1122	4030	4764
1123	5468	4775
1124	3969	4776
1125	4826	4779
1126	4261	4779
1127	8586	4779
1128	8572	4781
1129	5674	4792
1130	4887	4810
1131	7709	4821
1132	8412	4822
1133	5571	4827
1134	5414	4840
1135	8493	4847
1136	8554	4849
1137	4762	4854
1138	7897	4856
1139	3762	4858
1140	3727	4865
1141	8538	4865
1142	7539	4870
1143	7046	4876
1144	8778	4881
1145	2891	4892
1146	8657	4899
1147	4044	4904
1148	2943	4906
1149	7139	4925
1150	4191	4927
1151	8324	4942
1152	6987	4944
1153	7047	5491
1154	8844	5934
1155	8905	7938
1156	7274	4956
1157	7689	5937
1158	2891	4976
1159	8646	4980
1160	3969	4991
1161	3413	4994
1162	3764	4995
1163	8984	5008
1164	9001	5010
1165	4547	5018
1166	7037	5036
1167	4234	5038
1168	3587	5041
1169	3958	5041
1170	9032	5046
1171	8149	5047
1172	8414	5064
1173	3862	5065
1174	8697	5074
1175	3794	5082
1176	7817	5083
1177	4186	5085
1178	9018	5089
1179	4119	5090
1180	8166	5093
1181	8896	5101
1182	7031	5106
1183	7497	5107
1184	3517	5121
1185	3882	5125
1186	4553	5130
1187	3411	5130
1188	7596	5133
1189	9132	5134
1190	8056	5139
1191	4685	5143
1192	3213	5144
1193	8953	5202
1194	4294	5149
1195	3309	5153
1196	4474	5161
1197	4033	5165
1198	3260	5176
1199	7851	5190
1200	7776	5974
1201	7930	5200
1202	6902	5203
1203	7922	5203
1204	5231	5205
1205	8683	5205
1206	4024	5218
1207	9060	5221
1208	8697	5228
1209	8422	5229
1210	8507	5241
1211	7365	5248
1212	8480	5249
1213	3115	5251
1214	8361	5264
1215	7837	4967
1216	7630	5267
1217	8030	5272
1218	3039	5274
1219	4171	5276
1220	8607	5283
1221	9070	5285
1222	3920	5287
1223	3406	5290
1224	3167	5304
1225	7964	5312
1226	8470	5322
1227	6555	8000
1228	7746	5334
1229	7979	5337
1230	8246	5340
1231	3151	5352
1232	7735	6004
1233	2772	5362
1234	4278	5366
1235	7584	5366
1236	8035	5371
1237	3074	5372
1238	7688	5379
1239	8018	5389
1240	8847	5392
1241	8011	5394
1242	2188	4007
1243	2934	5425
1244	7053	5428
1245	3061	5431
1246	5177	5431
1247	3920	5435
1248	7819	5436
1249	3742	5438
1250	8588	5442
1251	7826	6016
1252	8314	5446
1253	8695	5447
1254	8040	5452
1255	4589	5466
1256	4550	5468
1257	8590	5471
1258	7963	5475
1259	7557	5479
1260	7091	5492
1261	2175	4022
1262	7039	5499
1263	4031	5501
1264	8412	5501
1265	3905	5503
1266	8272	5504
1267	6911	5507
1268	8165	5510
1269	4035	5511
1270	7147	5518
1271	4605	4027
1272	8546	5528
1273	3919	5530
1274	7074	5538
1275	3817	5544
1276	4592	5545
1277	8621	5565
1278	4204	5566
1279	6512	2309
1280	7398	5577
1281	4605	5579
1282	4246	5580
1283	7792	5584
1284	3942	5596
1285	8124	5597
1286	8031	5598
1287	7124	5601
1288	7354	5613
1289	4442	5617
1290	8789	5621
1291	8138	5622
1292	7519	5640
1293	7777	5643
1294	7649	5645
1295	7676	5655
1296	7045	5666
1297	7846	5681
1298	9095	5681
1299	9100	5697
1300	9425	5698
1301	9561	5715
1302	8767	5715
1303	9459	5718
1304	9591	5723
1305	7784	5724
1306	9127	5727
1307	7600	5729
1308	7384	5730
1309	4424	5732
1310	4512	5732
1311	8137	5733
1312	7178	5736
1313	9046	5737
1314	7707	5739
1315	7898	5740
1316	7116	5748
1317	9466	5751
1318	9563	5758
1319	7704	5769
1320	6993	5774
1321	7441	5789
1322	8155	5790
1323	6997	5792
1324	7501	5798
1325	6759	5803
1326	9436	5806
1327	8500	5808
1328	7743	5811
1329	8976	5827
1330	8125	5830
1331	8508	5831
1332	8279	5832
1333	7039	5836
1334	7828	5837
1335	9064	5838
1336	5441	3519
1337	8753	5843
1338	9020	5848
1339	9044	5851
1340	7181	5862
1341	9079	5862
1342	8804	5885
1343	9610	5886
1344	7928	5907
1345	8935	5914
1346	7534	5934
1347	8307	5936
1348	9008	5945
1349	8417	5962
1350	9146	5969
1351	9564	5970
1352	9011	5976
1353	5788	4103
1354	7848	5988
1355	7896	5988
1356	7143	5995
1357	9447	5996
1358	9110	5998
1359	7427	5926
1360	6814	7928
1361	8289	6012
1362	8191	6015
1363	9439	6032
1364	7654	6035
1365	3424	6249
1366	8395	6038
1367	8284	6038
1368	7476	6040
1369	4148	6043
1370	6495	8121
1371	3430	6052
1372	7290	6053
1373	8907	6056
1374	8350	6063
1375	4177	6076
1376	9510	6096
1377	7870	6105
1378	9454	6105
1379	9197	6119
1380	8173	6127
1381	9329	6129
1382	8900	6130

REQUESTS = 1500
1	171	23	24	1	1	1
2	89	7	9	3	2	3
3	952	21	23	3	4	2
4	852	15	18	1	2	3
5	417	15	18	3	3	2
6	173	13	15	1	1	3
7	1220	10	13	1	1	1
8	1014	21	24	2	1	2
9	1346	2	3	3	1	3
10	1033	6	7	1	3	3
11	900	24	27	3	3	1
12	740	17	19	2	4	3
13	375	6	8	3	4	3
14	850	20	23	3	3	3
15	584	12	15	1	4	1
16	746	10	13	3	4	3
17	101	25	28	2	1	1
18	1203	7	9	1	1	2
19	941	9	11	3	3	1
20	1080	6	8	3	4	3
21	1144	7	9	3	4	3
22	1229	19	22	3	3	1
23	150	20	21	3	1	2
24	559	22	24	3	3	1
25	61	21	22	3	1	2
26	1345	9	12	2	3	3
27	902	1	4	2	2	3
28	1159	18	20	1	1	3
29	223	19	21	3	2	2
30	1330	2	4	3	3	2
31	583	25	28	2	2	3
32	924	24	27	3	2	2
33	300	28	29	1	2	3
34	1153	25	26	3	4	2
35	695	18	21	3	4	2
36	756	12	14	3	3	2
37	98	1	4	1	2	2
38	858	16	18	3	3	2
39	705	24	25	2	2	3
40	1026	20	23	3	1	1
41	1049	23	24	1	3	2
42	525	11	14	2	2	2
43	157	24	27	2	3	2
44	1019	25	28	2	1	3
45	569	24	25	3	2	2
46	747	19	21	2	1	3
47	1179	26	27	1	3	2
48	1305	20	21	3	3	1
49	299	2	4	3	3	3
50	187	5	8	3	4	2
51	519	11	14	2	4	3
52	608	11	13	2	1	3
53	499	7	9	3	4	1
54	1015	6	8	1	3	2
55	1317	15	18	1	4	1
56	549	14	16	2	4	1
57	739	20	23	2	1	3
58	1098	15	18	2	4	1
59	1266	17	19	2	2	1
60	798	14	17	2	3	1
61	607	8	10	3	1	3
62	918	22	23	3	3	1
63	482	21	23	2	3	1
64	343	1	4	3	3	3
65	951	23	25	3	1	3
66	159	18	20	1	3	2
67	1347	2	5	3	4	2
68	796	25	28	2	1	1
69	1164	22	24	2	1	2
70	420	22	24	2	4	2
71	907	2	4	1	2	1
72	998	4	6	2	2	1
73	1334	8	11	2	2	1
74	1350	16	17	2	1	3
75	70	19	20	3	2	1
76	163	2	5	2	1	3
77	561	22	24	2	1	2
78	1291	22	24	2	3	1
79	854	26	27	1	3	2
80	431	13	14	2	2	3
81	182	17	19	2	2	1
82	129	22	25	2	1	3
83	685	3	6	2	1	1
84	1292	18	19	2	4	3
85	1050	11	13	3	1	2
86	296	24	25	1	3	2
87	830	23	26	1	1	1
88	1136	11	12	1	1	2
89	970	22	24	2	4	3
90	565	14	15	2	4	1
91	1373	5	8	1	2	1
92	1345	16	17	2	4	2
93	1037	2	5	2	3	3
94	934	10	11	2	3	2
95	1342	11	14	3	3	2
96	161	5	7	2	4	3
97	1192	22	25	1	2	2
98	1314	26	28	2	4	2
99	146	20	21	1	2	3
100	117	17	18	3	4	1
101	532	19	21	3	2	3
102	220	23	25	1	1	1
103	53	23	25	1	2	1
104	658	1	4	2	1	3
105	368	10	12	3	2	2
106	607	18	20	3	2	2
107	226	2	5	3	4	2
108	3	20	23	1	2	2
109	628	21	22	2	1	2
110	332	24	26	1	2	1
111	661	25	27	3	2	2
112	862	3	6	3	2	1
113	1166	16	17	2	2	3
114	911	13	16	2	1	2
115	1110	19	20	2	4	3
116	133	15	16	1	1	1
117	524	8	9	2	3	3
118	33	15	17	1	4	1
119	808	13	16	1	3	2
120	468	25	27	3	1	2
121	493	5	8	3	1	1
122	781	22	25	1	1	3
123	983	6	9	2	2	3
124	410	3	5	2	2	2
125	156	17	20	1	3	1
126	148	26	27	1	2	3
127	1185	10	13	2	1	2
128	930	8	11	1	3	3
129	1180	12	15	1	4	3
130	404	12	14	1	4	2
131	313	19	21	2	4	2
132	376	4	7	1	3	1
133	93	18	20	2	3	1
134	594	9	11	3	4	1
135	1173	9	12	2	2	3
136	846	26	29	1	1	3
137	1134	24	26	2	4	3
138	671	12	14	2	1	2
139	1049	1	4	2	1	2
140	1158	17	18	3	2	3
141	563	17	18	2	4	2
142	916	7	8	1	4	2
143	573	6	8	1	2	2
144	1005	14	16	3	2	2
145	1340	17	18	2	3	1
146	1382	19	22	3	1	2
147	700	19	20	1	1	2
148	1372	22	23	3	3	1
149	1106	7	10	2	4	3
150	9	21	23	1	2	1
151	981	4	7	3	1	1
152	236	25	27	1	2	3
153	965	4	7	2	4	3
154	687	12	13	2	4	2
155	1157	11	13	2	2	3
156	1310	10	12	3	3	2
157	920	18	19	2	1	1
158	1183	6	8	1	4	1
159	218	12	14	1	3	3
160	878	13	15	2	4	2
161	1047	23	26	3	1	2
162	35	24	27	3	4	2
163	168	8	9	1	1	1
164	1236	24	26	2	4	1
165	1380	26	27	2	1	1
166	378	7	9	3	3	3
167	723	20	21	3	3	1
168	905	10	13	1	3	1
169	393	26	27	1	4	3
170	989	19	22	1	1	1
171	1251	20	22	3	3	3
172	651	8	10	2	3	1
173	1224	18	21	1	3	3
174	1167	23	26	2	2	2
175	794	24	26	2	2	2
176	728	14	17	3	1	3
177	572	16	18	1	1	2
178	88	11	13	3	1	3
179	1112	10	13	1	4	1
180	780	14	17	3	3	1
181	415	15	16	3	4	1
182	676	17	20	3	3	1
183	121	2	5	1	1	1
184	917	4	7	2	3	2
185	1041	16	19	1	2	1
186	239	3	5	3	3	3
187	1270	2	3	2	4	3
188	1358	11	13	3	3	1
189	1132	8	9	3	1	3
190	329	9	11	2	3	3
191	1032	21	22	1	2	3
192	742	23	25	2	3	1
193	1257	1	3	3	2	1
194	289	27	28	1	2	2
195	1170	16	17	1	4	1
196	1060	17	20	2	1	1
197	1012	22	24	1	1	2
198	481	19	21	1	2	1
199	1171	11	14	1	4	2
200	1343	7	10	2	1	1
201	105	11	14	2	2	2
202	1248	9	10	3	2	1
203	597	10	11	2	2	3
204	885	7	8	2	3	1
205	1121	20	23	3	3	1
206	710	18	21	1	1	2
207	611	10	13	3	1	3
208	1271	8	11	1	3	2
209	1311	3	6	2	1	2
210	1069	11	12	3	1	2
211	426	4	6	2	4	3
212	940	1	3	1	3	3
213	589	18	20	2	4	3
214	675	13	16	2	2	3
215	436	20	22	2	2	3
216	1091	16	18	1	3	2
217	1301	28	29	1	4	3
218	979	18	20	2	4	1
219	120	22	24	3	3	1
220	293	12	14	2	2	3
221	1074	11	14	1	4	2
222	1021	7	9	2	3	1
223	1102	8	9	1	3	3
224	433	8	9	3	4	1
225	688	17	19	2	4	1
226	1225	24	25	3	4	3
227	104	12	15	2	2	3
228	1048	18	20	2	2	2
229	490	12	13	3	2	1
230	954	14	17	3	4	1
231	494	22	24	3	2	1
232	190	20	23	1	2	1
233	884	9	10	1	2	2
234	1249	10	13	1	2	3
235	927	20	23	2	2	3
236	410	18	20	1	3	2
237	1287	12	15	2	1	3
238	465	27	28	2	1	1
239	58	24	25	2	3	1
240	1318	2	3	2	2	3
241	386	24	27	3	4	2
242	6	4	5	2	2	2
243	191	22	24	3	4	1
244	1238	16	18	3	4	2
245	945	23	25	1	2	3
246	45	15	18	1	3	2
247	267	22	25	3	3	3
248	1082	23	25	1	3	2
249	736	13	15	3	3	2
250	605	18	19	1	1	2
251	749	8	9	2	2	3
252	301	3	5	3	3	3
253	34	23	24	2	3	2
254	57	2	4	3	1	2
255	898	1	4	1	2	3
256	400	14	17	1	2	3
257	30	20	21	1	1	2
258	230	26	27	2	4	3
259	797	18	21	1	3	2
260	732	11	13	1	1	3
261	670	4	7	2	2	3
262	233	11	12	1	4	2
263	1320	11	13	3	4	2
264	309	11	14	1	4	2
265	20	10	11	2	3	1
266	1319	19	21	3	4	1
267	387	1	2	3	4	1
268	1253	2	5	1	4	3
269	169	21	22	3	3	3
270	402	6	7	1	2	3
271	359	8	11	2	4	2
272	571	15	18	1	4	1
273	144	27	29	1	3	3
274	445	23	25	1	1	1
275	641	26	27	2	3	1
276	621	13	16	1	1	1
277	370	8	9	1	4	2
278	1070	16	17	3	1	2
279	111	23	25	2	2	1
280	727	22	23	3	4	2
281	1115	5	8	3	3	3
282	730	6	9	2	1	1
283	116	4	5	3	1	3
284	491	18	21	2	3	3
285	673	14	15	2	2	1
286	1143	11	14	1	4	1
287	1006	25	26	2	3	3
288	178	21	23	2	1	1
289	652	21	24	3	2	2
290	1018	7	9	3	1	2
291	1245	16	19	1	2	3
292	506	7	9	1	4	2
293	1221	27	28	2	2	1
294	816	7	10	1	2	2
295	205	3	6	3	1	2
296	527	14	15	3	2	2
297	38	6	7	1	1	2
298	440	12	13	3	2	2
299	1079	23	26	1	4	1
300	1258	26	28	1	4	3
301	56	12	14	3	2	2
302	587	18	21	2	4	3
303	486	9	12	3	3	2
304	1277	10	11	1	1	1
305	1067	17	19	1	2	1
306	36	24	26	2	2	3
307	149	15	16	3	1	1
308	570	27	29	1	3	1
309	1366	4	6	1	1	3
310	633	27	28	1	4	1
311	540	6	7	1	2	1
312	1356	21	24	1	1	3
313	541	7	10	2	4	2
314	795	4	6	3	1	3
315	533	3	5	3	3	2
316	1023	6	8	3	2	2
317	759	15	18	1	1	1
318	1013	4	5	2	4	3
319	176	24	27	2	2	2
320	140	10	12	1	2	1
321	455	25	28	1	2	1
322	1135	9	10	1	1	3
323	677	22	23	2	4	1
324	262	7	10	3	2	3
325	286	9	12	1	4	2
326	312	2	3	2	1	1
327	929	20	23	3	2	3
328	1140	8	11	2	4	3
329	577	5	6	3	2	3
330	786	15	16	2	4	2
331	837	15	17	1	1	2
332	1147	8	10	2	3	1
333	672	22	25	2	2	1
334	694	24	25	1	3	1
335	98	20	23	3	4	1
336	260	15	18	3	3	3
337	1101	8	10	2	3	1
338	87	2	5	3	4	3
339	254	8	9	2	4	2
340	1174	10	13	3	4	2
341	757	12	13	3	3	3
342	1193	21	24	1	2	2
343	602	21	22	1	3	1
344	339	11	14	3	3	3
345	251	15	17	2	2	2
346	548	16	18	1	3	2
347	1196	9	10	2	4	2
348	326	16	19	3	1	2
349	76	14	16	3	2	2
350	216	25	27	1	2	3
351	1222	21	24	2	1	1
352	707	19	20	3	2	1
353	430	26	28	2	3	2
354	42	23	24	3	1	1
355	1234	17	20	1	1	2
356	455	14	17	3	4	2
357	800	9	12	2	2	3
358	451	10	11	3	4	1
359	328	1	4	1	1	2
360	1309	5	6	2	2	2
361	422	14	15	2	2	2
362	734	16	18	1	3	3
363	1097	16	17	2	2	2
364	640	13	16	2	2	2
365	432	21	23	2	3	2
366	125	11	12	3	3	1
367	1296	6	8	2	3	2
368	1206	1	3	3	3	1
369	459	6	8	2	3	2
370	255	24	27	3	2	3
371	988	26	27	2	4	1
372	392	4	7	3	4	1
373	223	20	23	1	3	1
374	1240	19	21	3	2	2
375	1331	9	12	1	4	1
376	109	9	10	1	3	2
377	1044	23	24	1	4	1
378	1046	20	21	3	4	3
379	238	21	24	1	2	1
380	44	10	13	1	4	3
381	869	24	25	2	3	1
382	645	5	6	2	3	2
383	443	22	23	3	2	1
384	632	9	10	1	1	3
385	1348	11	12	3	3	1
386	271	8	9	3	4	2
387	629	16	19	1	2	1
388	8	6	8	1	3	1
389	699	5	6	1	1	3
390	257	16	18	3	2	1
391	855	3	5	2	3	1
392	1145	9	11	2	2	2
393	917	11	12	3	2	2
394	76	9	10	3	1	3
395	463	18	19	3	3	3
396	1076	7	10	2	4	3
397	804	11	12	2	2	1
398	165	9	12	2	3	1
399	886	23	24	2	2	2
400	721	8	9	2	3	3
401	488	6	9	2	4	1
402	172	20	22	3	2	3
403	911	7	9	1	4	1
404	789	6	8	2	2	3
405	1223	21	22	1	2	1
406	843	16	19	3	4	3
407	1232	13	14	2	3	3
408	1272	15	18	3	2	1
409	610	16	18	3	4	3
410	582	23	25	3	3	3
411	999	4	5	3	4	1
412	579	12	13	2	3	2
413	933	22	23	2	2	1
414	198	9	12	2	1	3
415	818	17	19	3	3	2
416	310	11	14	3	3	1
417	578	20	23	2	3	1
418	1088	20	22	3	3	2
419	308	21	22	1	1	3
420	1324	6	9	1	1	2
421	318	19	22	3	2	2
422	1260	8	11	1	1	3
423	1191	16	18	2	3	2
424	69	4	5	1	2	2
425	1377	23	24	3	1	2
426	929	14	16	2	1	1
427	647	12	15	3	4	1
428	452	23	26	2	1	3
429	1357	26	27	1	1	2
430	345	22	25	3	1	1
431	885	22	23	2	2	3
432	201	25	27	2	2	2
433	906	26	28	1	4	1
434	462	6	7	3	4	3
435	529	2	5	1	1	3
436	1042	3	4	1	3	2
437	107	4	7	3	2	3
438	1354	1	2	1	3	1
439	539	21	24	3	3	1
440	560	5	6	3	3	3
441	134	18	20	1	3	3
442	321	3	4	1	4	3
443	192	24	25	2	2	3
444	967	22	23	3	2	2
445	1254	19	20	3	1	2
446	1130	19	22	3	3	2
447	1017	20	21	1	2	3
448	261	25	26	2	3	3
449	501	25	28	1	4	3
450	249	1	3	1	4	1
451	259	22	24	1	3	1
452	1131	13	15	3	1	3
453	65	3	6	3	4	1
454	1160	1	2	1	2	3
455	480	18	21	3	2	3
456	341	9	12	3	3	3
457	184	10	11	2	4	2
458	150	15	16	1	4	3
459	1003	21	23	1	1	3
460	479	27	28	2	3	2
461	406	20	23	3	4	2
462	894	24	27	1	2	2
463	21	2	3	2	1	2
464	859	8	10	2	4	3
465	1283	7	9	3	1	1
466	16	9	10	3	1	2
467	311	17	18	3	4	2
468	1205	2	4	3	1	2
469	63	13	15	3	4	2
470	424	12	13	3	1	1
471	928	13	14	2	3	1
472	1085	3	6	2	2	3
473	1182	9	12	1	2	2
474	955	21	24	2	3	3
475	1227	26	27	3	3	1
476	1293	2	3	1	1	1
477	130	13	16	2	2	2
478	1063	8	11	2	3	1
479	474	17	18	2	2	1
480	620	11	13	1	3	2
481	637	15	17	2	3	3
482	517	5	8	3	1	2
483	358	21	22	3	1	1
484	868	12	13	2	2	3
485	1065	21	24	1	1	2
486	995	7	8	3	3	1
487	439	12	14	2	2	2
488	685	9	10	2	4	3
489	791	26	29	1	3	3
490	124	25	28	1	2	2
491	1226	24	25	2	1	3
492	458	8	10	3	3	2
493	1333	11	14	1	4	3
494	1096	25	27	1	3	2
495	1008	8	11	2	1	1
496	1364	19	20	3	4	3
497	102	4	7	2	4	1
498	809	4	5	3	2	3
499	706	16	18	3	4	2
500	521	21	22	1	3	3
501	425	6	9	3	1	2
502	1030	23	25	3	2	1
503	860	5	7	2	2	2
504	512	17	19	3	3	2
505	1264	3	6	1	4	2
506	924	24	26	2	1	2
507	948	18	20	3	3	2
508	1189	20	23	1	3	1
509	719	26	28	1	3	3
510	619	21	22	2	3	3
511	24	2	4	3	4	2
512	627	20	21	1	1	3
513	655	11	12	3	2	3
514	946	9	10	2	4	2
515	191	4	7	2	4	3
516	1165	6	7	3	4	2
517	703	18	20	2	1	1
518	1329	16	19	2	4	3
519	921	24	27	3	1	2
520	733	8	10	1	4	3
521	373	5	8	1	2	3
522	128	12	14	3	3	1
523	508	11	13	2	3	3
524	1065	20	22	1	3	1
525	18	18	19	2	3	3
526	485	12	14	3	1	3
527	175	21	23	1	1	1
528	832	25	27	3	1	2
529	394	20	22	1	4	2
530	1090	14	17	1	2	2
531	1038	17	19	3	1	1
532	453	21	24	3	4	3
533	901	14	17	3	1	1
534	660	14	15	2	3	1
535	1163	15	18	3	2	3
536	628	21	23	3	4	2
537	354	2	4	3	4	1
538	245	23	25	2	1	3
539	141	4	5	2	3	2
540	991	20	21	3	1	3
541	277	26	27	2	3	1
542	252	22	25	2	3	1
543	779	15	17	2	1	2
544	115	23	25	3	3	3
545	229	17	19	2	1	1
546	1022	4	6	2	3	2
547	152	24	27	1	1	3
548	95	23	26	3	2	2
549	304	11	13	2	4	3
550	437	21	23	3	1	1
551	342	18	20	2	4	1
552	1081	11	13	1	1	2
553	743	3	5	2	3	2
554	1208	6	9	2	1	1
555	815	11	14	2	3	2
556	436	14	15	2	1	1
557	943	1	4	3	4	1
558	40	4	5	2	1	1
559	678	12	13	2	1	3
560	738	5	6	3	3	2
561	268	5	6	3	4	1
562	682	10	13	1	2	3
563	879	19	20	1	1	2
564	32	21	22	3	3	3
565	478	15	18	1	3	1
566	841	26	27	1	4	3
567	926	5	6	1	3	2
568	681	5	8	1	1	1
569	591	10	12	3	1	1
570	936	21	24	3	4	2
571	1349	18	21	1	1	1
572	593	21	24	3	4	2
573	864	27	28	2	3	1
574	538	5	8	2	3	1
575	280	17	20	3	3	1
576	80	19	20	3	3	3
577	450	15	16	2	4	3
578	767	24	27	3	2	3
579	1113	19	20	2	1	1
580	1039	6	8	1	3	3
581	744	12	14	2	3	2
582	1300	10	12	2	4	1
583	684	21	24	2	4	1
584	840	19	20	3	1	2
585	977	15	16	3	4	1
586	460	14	17	1	3	1
587	225	26	27	3	1	2
588	1123	10	11	2	4	2
589	448	2	4	2	2	1
590	576	18	20	3	1	2
591	737	24	26	2	4	1
592	675	1	2	2	3	2
593	1268	26	28	2	3	1
594	510	21	22	1	3	3
595	755	6	9	2	2	1
596	97	24	27	1	4	3
597	353	20	21	2	4	1
598	467	18	20	3	1	2
599	1235	14	15	3	4	1
600	317	20	22	2	3	1
601	588	8	11	2	3	3
602	297	15	17	2	1	1
603	648	21	22	2	3	2
604	634	9	10	1	4	2
605	449	8	10	3	4	1
606	805	6	8	2	4	2
607	1004	6	9	2	4	3
608	110	9	12	1	4	2
609	902	14	16	2	3	1
610	1186	12	15	2	2	3
611	653	22	23	3	4	1
612	1150	26	27	2	2	3
613	327	15	17	1	3	3
614	563	17	20	3	1	1
615	953	5	6	2	1	2
616	997	10	13	3	3	2
617	447	3	6	1	2	2
618	543	15	16	1	3	3
619	585	19	22	3	1	2
620	1281	2	3	2	1	1
621	828	27	28	1	2	3
622	1078	11	13	3	1	1
623	389	3	6	3	2	1
624	513	7	10	3	1	2
625	253	15	17	1	4	1
626	992	6	7	1	4	2
627	823	3	5	1	3	1
628	646	13	16	1	2	2
629	580	12	13	3	1	2
630	1087	11	14	3	2	1
631	1066	7	8	2	4	2
632	944	4	5	1	4	2
633	635	3	6	3	2	3
634	112	10	12	1	4	3
635	1107	18	21	2	3	1
636	1328	22	24	2	3	1
637	557	12	15	2	3	2
638	592	4	7	1	2	2
639	1178	26	27	1	2	1
640	938	24	26	3	2	2
641	164	16	18	3	4	1
642	1352	17	18	1	1	1
643	696	25	28	2	1	1
644	244	6	9	1	4	2
645	261	3	6	2	1	1
646	689	27	28	1	2	1
647	1233	2	5	3	3	1
648	25	25	27	3	1	2
649	118	22	24	1	4	3
650	94	26	27	3	1	2
651	302	5	8	3	3	1
652	51	6	8	3	1	2
653	1122	17	18	2	3	2
654	925	18	20	3	2	3
655	1059	19	21	2	3	2
656	1108	12	14	3	1	3
657	1187	6	7	1	4	1
658	599	27	28	1	3	2
659	477	4	5	1	4	3
660	1288	17	18	1	4	2
661	518	21	24	1	1	3
662	356	1	2	3	2	3
663	851	17	20	2	3	3
664	247	25	26	3	3	1
665	1294	27	28	1	4	1
666	896	26	27	1	3	2
667	62	7	9	3	3	2
668	135	26	28	1	2	2
669	1353	6	8	3	2	1
670	294	19	22	2	2	1
671	362	16	18	2	3	2
672	383	17	20	2	2	3
673	331	15	18	1	4	1
674	842	5	6	1	2	2
675	1056	10	11	3	3	2
676	507	2	4	2	4	2
677	790	13	15	3	2	1
678	427	2	5	2	1	3
679	824	16	19	2	1	1
680	250	12	15	2	2	1
681	709	8	10	2	3	2
682	820	4	5	1	2	1
683	1142	13	16	2	2	2
684	942	13	15	2	1	3
685	1200	22	25	2	1	3
686	751	6	9	3	1	3
687	1000	10	13	2	1	1
688	986	6	7	2	3	3
689	15	1	3	3	4	2
690	364	4	5	2	3	3
691	812	2	3	3	3	1
692	1305	21	23	3	2	2
693	86	2	5	3	3	1
694	769	11	13	2	3	1
695	322	12	15	3	3	2
696	210	8	11	1	4	2
697	806	19	22	3	4	3
698	347	21	23	2	1	1
699	807	13	14	3	4	1
700	199	5	6	1	4	3
701	405	22	25	1	4	3
702	870	3	6	2	2	3
703	608	5	6	3	1	3
704	1124	20	21	2	4	2
705	787	19	21	1	3	1
706	372	24	26	1	2	1
707	567	3	6	1	4	1
708	662	12	15	2	1	3
709	1099	8	11	3	1	2
710	435	2	4	2	1	1
711	1369	20	23	3	1	3
712	219	2	3	2	4	1
713	108	10	11	2	2	3
714	489	4	6	2	3	1
715	27	24	27	3	2	3
716	1070	1	2	2	1	1
717	838	24	26	3	4	2
718	188	5	7	2	2	3
719	613	1	3	2	3	2
720	856	15	18	1	1	3
721	1360	25	26	3	2	2
722	484	21	23	2	3	3
723	31	4	6	2	3	1
724	266	9	10	2	3	2
725	697	17	19	3	2	3
726	28	17	18	2	2	3
727	720	4	7	1	1	3
728	319	6	7	1	2	3
729	242	9	12	1	2	1
730	1109	23	26	3	1	3
731	243	11	12	1	2	1
732	1062	11	13	3	2	3
733	4	21	22	1	1	1
734	1111	13	14	1	4	1
735	416	9	12	2	2	1
736	919	8	11	3	2	2
737	59	25	27	3	4	3
738	1299	3	6	2	3	3
739	157	14	15	1	1	1
740	1037	26	27	2	1	1
741	753	22	24	2	3	3
742	857	10	11	2	1	3
743	315	20	21	3	1	1
744	1263	4	6	2	3	2
745	275	25	27	2	3	3
746	227	18	21	1	4	2
747	1043	16	17	3	1	2
748	389	6	7	3	1	1
749	256	21	24	1	2	1
750	491	11	13	1	1	1
751	50	3	5	3	1	2
752	1365	3	5	3	1	1
753	958	11	12	3	2	3
754	1195	11	12	2	1	1
755	1269	23	24	3	3	3
756	314	6	9	1	1	3
757	782	5	7	1	3	1
758	691	21	24	2	3	2
759	1089	25	26	2	1	3
760	429	1	2	1	2	3
761	842	23	26	3	2	2
762	724	10	13	1	4	2
763	551	11	12	3	3	1
764	957	9	11	2	1	1
765	1127	13	16	3	1	2
766	636	24	26	1	1	1
767	470	14	15	3	1	3
768	1119	2	5	2	1	1
769	1280	21	23	3	4	2
770	1129	21	24	1	4	3
771	142	10	11	1	3	3
772	1024	13	16	3	1	2
773	219	3	5	3	1	2
774	542	17	18	2	2	2
775	29	9	12	1	4	2
776	498	2	4	2	4	1
777	667	16	18	2	1	3
778	21	23	24	3	3	2
779	760	11	14	1	3	3
780	1079	15	18	3	2	1
781	325	22	23	1	1	2
782	274	17	20	2	4	3
783	895	20	23	1	1	2
784	566	22	24	3	1	2
785	1302	26	27	2	2	1
786	600	9	11	1	4	2
787	1040	8	11	1	1	3
788	802	4	7	3	1	1
789	693	6	8	3	2	2
790	237	19	21	2	2	3
791	204	4	7	2	2	2
792	1077	7	9	1	1	3
793	793	24	27	1	3	2
794	67	23	25	2	4	1
795	914	21	22	1	1	1
796	616	1	2	3	1	3
797	265	22	24	2	2	3
798	910	6	9	1	2	2
799	626	20	23	3	3	3
800	778	8	10	2	3	2
801	785	15	17	1	3	3
802	612	19	22	3	4	3
803	11	10	13	2	1	3
804	1355	26	28	1	1	2
805	603	24	25	2	3	3
806	631	1	2	1	3	2
807	962	18	20	3	1	1
808	604	1	4	1	1	2
809	1051	6	9	3	4	3
810	935	1	2	3	3	1
811	374	19	21	1	4	1
812	698	13	16	3	1	3
813	711	21	22	3	4	2
814	1210	13	15	3	4	1
815	1009	3	5	2	3	1
816	774	20	22	2	4	3
817	1168	8	11	3	1	3
818	232	19	21	1	3	3
819	713	19	22	3	1	2
820	971	24	26	2	4	3
821	1162	18	19	3	3	2
822	959	20	23	1	4	3
823	167	13	15	2	1	1
824	960	6	8	3	3	3
825	987	13	16	1	4	3
826	1137	2	3	1	2	3
827	993	23	26	1	4	3
828	316	20	23	3	2	2
829	618	12	14	2	1	1
830	246	23	25	2	3	1
831	520	14	17	2	1	2
832	60	11	14	2	1	3
833	511	11	13	1	4	3
834	91	1	4	1	4	2
835	228	19	20	3	1	1
836	411	27	28	2	4	3
837	491	21	23	2	2	1
838	1175	11	12	2	3	2
839	1306	25	27	3	3	1
840	1289	14	17	3	1	3
841	612	17	20	3	3	3
842	598	2	4	2	4	2
843	1361	21	24	2	3	3
844	575	21	24	1	2	3
845	738	10	13	1	2	2
846	881	20	23	3	3	3
847	1250	18	19	1	3	1
848	761	5	8	2	1	3
849	1321	22	25	2	1	2
850	1029	10	13	1	4	2
851	922	6	9	2	4	3
852	875	26	27	1	3	1
853	139	8	10	3	2	1
854	1053	24	26	1	2	3
855	334	16	17	2	1	3
856	1151	22	23	2	4	1
857	52	5	8	1	2	3
858	487	13	15	3	1	2
859	263	19	21	1	4	2
860	1366	8	9	2	2	2
861	137	7	10	1	4	2
862	1071	6	8	1	4	1
863	1072	7	9	1	3	1
864	50	9	10	1	3	1
865	978	3	4	3	1	2
866	1371	3	6	1	4	1
867	423	6	8	3	1	2
868	586	10	11	1	3	1
869	1100	26	28	2	3	2
870	831	2	4	2	1	2
871	776	18	21	3	2	2
872	839	6	8	2	4	2
873	283	3	5	1	2	2
874	338	15	18	3	2	2
875	351	10	13	2	2	1
876	1002	27	28	2	1	1
877	892	7	9	1	4	1
878	1313	10	13	2	3	1
879	43	21	24	3	2	3
880	915	16	18	1	3	3
881	235	23	25	3	1	3
882	214	9	10	3	3	1
883	385	9	10	3	1	1
884	1327	6	9	2	1	3
885	614	24	27	3	3	1
886	683	22	24	3	4	2
887	1267	20	21	1	1	3
888	136	9	10	2	2	2
889	1057	20	23	3	3	3
890	872	8	10	2	1	1
891	81	10	12	3	4	1
892	950	25	26	3	1	3
893	396	14	15	1	2	3
894	454	11	14	2	3	2
895	1097	26	27	3	3	1
896	558	8	9	3	2	2
897	906	7	8	3	1	2
898	213	22	24	1	1	3
899	1148	23	26	3	3	3
900	642	24	26	1	1	2
901	39	13	16	1	3	1
902	1370	22	23	1	2	3
903	1172	14	15	3	2	3
904	829	10	11	1	4	1
905	877	8	9	3	2	1
906	6	2	4	1	1	1
907	397	10	11	2	4	1
908	976	21	23	3	1	2
909	413	6	8	1	2	1
910	1104	10	11	2	2	1
911	269	18	20	1	1	3
912	516	18	20	1	4	1
913	1138	23	26	1	2	2
914	1351	16	18	1	4	2
915	195	23	24	2	4	3
916	352	16	17	3	3	3
917	1105	26	29	1	2	3
918	287	20	22	3	4	2
919	702	8	10	3	4	1
920	340	16	19	1	3	3
921	562	13	14	3	4	1
922	745	14	17	3	2	1
923	827	5	8	2	1	3
924	371	12	15	3	3	1
925	1126	19	22	2	2	2
926	248	9	11	1	4	3
927	949	1	4	1	4	3
928	547	3	6	3	4	3
929	1007	2	5	1	1	2
930	1125	14	17	1	2	2
931	770	18	20	2	1	1
932	680	23	25	3	2	1
933	23	24	27	3	1	1
934	781	20	22	1	2	2
935	1279	4	5	3	3	3
936	361	10	13	2	1	1
937	564	11	14	1	2	1
938	162	11	13	3	1	1
939	68	12	14	2	2	1
940	75	12	13	1	4	2
941	1120	20	22	2	3	2
942	931	12	15	2	3	1
943	189	21	24	3	1	1
944	875	22	25	1	1	1
945	984	10	12	3	3	3
946	1308	24	26	3	2	2
947	181	27	28	2	1	2
948	1084	16	19	3	1	2
949	507	17	18	1	2	1
950	893	17	19	3	2	1
951	500	18	19	1	1	3
952	77	19	22	2	1	2
953	750	24	26	1	1	1
954	583	3	4	1	2	3
955	617	1	4	3	3	1
956	1156	17	19	1	2	1
957	615	18	20	1	2	2
958	814	8	11	1	3	3
959	1339	16	18	3	3	2
960	211	20	21	1	1	2
961	476	18	19	3	3	2
962	491	10	12	3	4	1
963	206	25	27	1	3	1
964	554	26	27	1	4	1
965	483	4	7	3	4	1
966	1190	14	16	1	3	3
967	1188	10	13	1	4	3
968	119	23	26	1	2	1
969	918	24	26	1	2	2
970	1367	1	3	2	3	3
971	497	9	10	3	2	1
972	863	19	21	2	3	3
973	1234	15	17	3	4	1
974	492	10	13	3	1	1
975	822	15	18	2	3	1
976	70	5	7	2	4	3
977	788	12	15	1	4	2
978	1344	19	20	3	3	2
979	784	19	20	3	2	2
980	528	18	20	2	4	1
981	13	7	8	3	3	3
982	534	16	19	1	2	3
983	882	12	14	2	4	2
984	360	18	19	1	1	3
985	82	10	11	3	1	1
986	766	14	17	1	2	2
987	290	6	7	1	4	3
988	320	23	26	3	1	2
989	674	24	27	1	2	2
990	994	16	19	3	4	3
991	291	4	7	3	2	2
992	106	8	9	3	3	2
993	158	26	28	2	1	1
994	403	19	20	3	2	3
995	553	6	9	2	4	2
996	797	4	6	2	3	2
997	669	22	24	2	3	2
998	367	21	24	1	1	3
999	729	24	26	1	4	3
1000	194	2	4	1	2	3
1001	1379	23	26	1	4	2
1002	741	1	2	3	4	2
1003	1020	6	7	1	1	2
1004	545	2	4	1	1	3
1005	1055	12	13	3	3	1
1006	1212	26	28	2	3	1
1007	764	6	8	2	2	1
1008	643	16	17	3	1	2
1009	908	20	23	2	3	2
1010	19	10	13	2	3	1
1011	555	6	7	3	3	3
1012	145	1	3	3	4	1
1013	203	12	15	1	3	2
1014	1297	16	19	2	1	1
1015	12	6	9	3	3	2
1016	1016	14	17	1	4	1
1017	1028	25	27	3	3	2
1018	464	11	13	3	1	3
1019	963	19	22	3	1	3
1020	1094	27	29	1	3	1
1021	212	22	25	2	4	1
1022	1362	17	18	3	3	1
1023	508	13	14	2	2	1
1024	606	18	19	3	4	2
1025	535	15	17	3	2	3
1026	515	7	8	3	2	2
1027	834	6	7	2	1	2
1028	10	13	16	2	2	2
1029	166	5	8	3	3	2
1030	1219	20	21	2	2	3
1031	716	6	9	3	4	3
1032	973	5	6	1	3	1
1033	650	11	14	2	3	2
1034	344	19	20	3	4	1
1035	962	24	25	3	4	1
1036	26	1	4	3	1	2
1037	143	24	26	1	3	2
1038	803	20	23	3	4	2
1039	1199	28	29	1	2	1
1040	495	21	24	2	1	3
1041	1068	7	10	3	2	1
1042	624	18	21	2	2	3
1043	924	12	13	3	4	2
1044	348	7	8	2	3	2
1045	819	7	9	3	1	3
1046	1201	1	2	1	3	1
1047	768	13	14	3	2	2
1048	1025	15	16	1	3	2
1049	71	6	9	1	1	1
1050	654	26	28	1	2	3
1051	428	17	20	1	1	2
1052	384	19	20	1	4	1
1053	1241	23	26	2	1	3
1054	336	12	13	3	3	2
1055	1259	21	23	1	4	3
1056	349	12	13	2	2	3
1057	259	9	12	2	4	2
1058	1027	3	4	1	4	1
1059	552	9	12	3	2	2
1060	1378	19	22	1	1	1
1061	438	16	17	3	4	3
1062	775	11	14	2	2	2
1063	1339	13	14	1	3	2
1064	996	14	17	3	4	3
1065	1072	7	8	2	2	3
1066	285	1	2	3	3	2
1067	281	26	27	1	3	2
1068	307	11	14	1	1	2
1069	461	8	9	2	3	1
1070	414	16	17	3	2	3
1071	1010	24	25	2	1	1
1072	412	23	24	1	4	3
1073	897	27	28	1	3	2
1074	1058	21	24	1	3	3
1075	177	13	15	3	4	2
1076	323	23	24	2	4	3
1077	185	18	19	2	1	1
1078	1139	1	2	1	3	3
1079	408	14	15	2	1	1
1080	1017	9	10	1	1	1
1081	974	21	23	1	4	2
1082	224	23	25	3	3	3
1083	762	2	5	1	2	2
1084	690	6	7	3	2	1
1085	276	15	18	1	3	2
1086	1255	8	10	3	3	1
1087	975	17	18	1	4	1
1088	90	17	20	3	1	1
1089	503	15	17	3	4	1
1090	297	6	7	2	4	1
1091	138	19	22	1	2	1
1092	657	27	29	1	4	3
1093	1195	11	12	1	4	3
1094	264	6	8	3	2	1
1095	1312	23	26	3	3	2
1096	847	10	12	1	3	2
1097	623	9	12	1	4	2
1098	47	8	9	1	3	3
1099	969	22	25	1	2	2
1100	939	5	7	3	4	2
1101	826	14	16	1	4	3
1102	913	19	22	3	3	3
1103	1064	13	16	3	1	2
1104	180	12	14	1	3	2
1105	444	24	26	3	3	3
1106	270	5	7	3	4	2
1107	1363	18	20	3	2	3
1108	2	14	17	3	4	2
1109	1275	1	2	1	4	3
1110	1330	8	11	3	3	3
1111	64	8	11	2	4	1
1112	1211	11	13	3	1	2
1113	708	26	28	2	4	1
1114	1149	25	27	2	1	2
1115	817	20	21	1	1	1
1116	398	21	24	2	4	2
1117	765	16	17	1	2	2
1118	1274	13	15	2	4	1
1119	233	8	9	2	2	2
1120	813	18	19	2	2	1
1121	442	3	5	3	1	1
1122	865	1	3	1	4	3
1123	1302	8	9	3	1	3
1124	46	6	8	3	1	3
1125	1155	1	2	3	1	3
1126	601	5	6	3	1	1
1127	1035	15	18	2	1	2
1128	122	18	19	2	4	3
1129	754	12	14	1	2	3
1130	127	24	26	1	3	3
1131	686	1	4	1	2	2
1132	54	13	16	2	1	3
1133	666	16	17	2	1	2
1134	1209	25	28	1	4	3
1135	66	4	7	2	3	3
1136	95	24	27	3	4	1
1137	1079	10	12	2	1	3
1138	717	9	11	1	1	3
1139	369	9	11	2	2	3
1140	131	20	23	3	3	2
1141	889	18	20	1	1	2
1142	968	4	7	2	2	1
1143	1034	2	5	1	1	2
1144	114	3	4	1	1	3
1145	142	15	18	3	3	3
1146	335	10	13	2	2	1
1147	704	10	11	1	2	1
1148	624	10	11	2	4	3
1149	1154	22	24	1	2	1
1150	638	23	25	2	2	3
1151	147	17	18	3	3	1
1152	1096	4	7	1	4	1
1153	485	19	22	1	2	1
1154	390	19	22	2	2	1
1155	382	20	23	3	4	3
1156	530	26	28	2	4	2
1157	388	21	24	1	3	3
1158	395	12	15	1	3	2
1159	731	25	26	3	3	2
1160	49	23	26	3	4	2
1161	421	20	22	2	4	2
1162	812	22	23	1	1	1
1163	377	3	5	1	2	3
1164	972	1	3	2	3	3
1165	446	10	13	3	2	1
1166	1286	1	4	3	3	1
1167	745	11	12	3	3	1
1168	1307	18	19	1	1	1
1169	231	19	20	1	4	2
1170	1031	24	27	1	1	3
1171	78	17	18	3	4	3
1172	365	13	16	1	4	3
1173	1073	10	11	3	4	2
1174	679	22	23	1	1	3
1175	596	2	4	2	1	1
1176	956	10	13	1	3	1
1177	1114	14	17	1	3	1
1178	456	24	26	2	3	1
1179	1343	7	9	3	3	3
1180	37	9	11	1	2	1
1181	835	16	19	3	2	2
1182	1216	15	16	1	1	1
1183	1133	23	26	3	1	3
1184	925	5	7	2	1	3
1185	669	7	8	1	2	1
1186	509	11	14	1	1	2
1187	1218	15	17	3	3	1
1188	1315	22	24	2	4	2
1189	633	11	14	2	1	3
1190	771	11	13	1	4	3
1191	170	23	26	3	3	1
1192	1204	4	5	3	3	2
1193	997	23	26	3	2	1
1194	151	4	6	3	1	3
1195	964	9	12	3	3	2
1196	961	21	23	2	4	1
1197	581	9	11	3	4	2
1198	475	17	18	1	3	3
1199	505	7	8	2	2	1
1200	1198	7	9	3	3	2
1201	200	10	11	1	1	1
1202	73	16	18	2	2	2
1203	1237	23	25	3	4	1
1204	401	20	21	3	3	1
1205	66	2	3	1	1	1
1206	1273	14	15	2	4	3
1207	639	18	19	1	2	2
1208	282	3	6	1	2	1
1209	722	12	14	3	1	2
1210	1230	1	2	2	1	3
1211	419	26	27	3	1	1
1212	1332	22	23	3	2	3
1213	363	5	6	3	3	2
1214	113	6	7	1	4	2
1215	1326	18	21	1	4	3
1216	1014	10	12	2	4	2
1217	457	15	17	3	2	3
1218	472	2	4	1	4	2
1219	1295	19	20	2	4	2
1220	718	24	25	1	3	3
1221	155	15	18	1	3	1
1222	1298	2	5	1	3	3
1223	1054	17	20	3	1	2
1224	54	5	6	1	1	2
1225	1092	18	19	2	4	3
1226	880	22	24	1	1	1
1227	1363	18	20	1	4	2
1228	533	18	20	1	1	1
1229	83	7	8	3	1	2
1230	391	17	19	3	3	2
1231	1215	6	8	1	1	3
1232	659	16	19	2	3	1
1233	622	7	9	3	4	1
1234	1346	20	21	3	1	3
1235	469	26	27	3	3	1
1236	1323	7	9	2	1	1
1237	1103	17	19	1	2	3
1238	836	21	24	1	3	3
1239	441	6	9	2	2	2
1240	764	16	17	2	2	2
1241	292	11	12	3	2	1
1242	536	17	20	2	4	3
1243	1284	16	18	1	4	2
1244	85	16	18	2	3	2
1245	888	2	4	1	4	2
1246	238	27	28	2	2	2
1247	79	17	20	1	4	2
1248	1239	27	28	2	3	3
1249	1255	7	10	2	2	3
1250	366	14	16	2	2	1
1251	844	3	6	2	2	3
1252	874	17	20	1	4	3
1253	595	5	7	1	3	1
1254	208	4	5	1	4	2
1255	1045	7	10	1	2	3
1256	663	11	12	1	4	2
1257	273	16	19	3	1	1
1258	120	10	11	2	2	3
1259	55	6	7	3	1	1
1260	841	2	4	1	2	2
1261	297	6	7	2	2	1
1262	833	14	15	3	4	3
1263	1242	6	9	3	2	1
1264	1381	23	25	3	2	2
1265	1243	25	26	3	3	3
1266	99	21	24	3	1	3
1267	1376	22	23	3	2	3
1268	1093	8	11	1	1	2
1269	153	7	8	2	1	3
1270	665	13	16	1	1	1
1271	1199	13	16	3	3	1
1272	867	16	18	1	3	2
1273	1319	5	8	1	3	1
1274	2	20	22	1	1	3
1275	207	18	19	3	3	1
1276	1335	12	14	2	3	3
1277	715	18	19	2	3	1
1278	947	24	27	3	2	2
1279	1337	22	23	2	3	3
1280	726	15	16	3	4	3
1281	966	3	5	2	2	2
1282	74	4	7	3	1	1
1283	1095	8	11	1	1	1
1284	1325	1	3	3	4	3
1285	346	2	4	1	2	1
1286	174	7	9	2	4	2
1287	1252	22	23	3	3	1
1288	752	15	17	2	4	3
1289	664	17	19	3	1	3
1290	754	5	7	1	4	3
1291	825	26	28	2	3	2
1292	418	9	11	2	3	1
1293	777	6	8	3	4	2
1294	1282	27	28	2	2	2
1295	126	2	4	2	1	3
1296	209	7	9	2	1	3
1297	1194	24	27	3	3	2
1298	1244	4	7	1	4	2
1299	1276	3	4	3	2	2
1300	222	8	9	2	4	1
1301	41	24	26	3	1	2
1302	48	7	8	1	2	2
1303	1301	21	24	1	4	1
1304	903	25	28	2	1	1
1305	381	10	12	1	2	3
1306	1011	6	8	2	1	1
1307	873	18	20	1	3	3
1308	772	24	27	3	1	1
1309	609	11	12	1	2	1
1310	471	12	14	3	1	3
1311	1088	13	16	2	4	3
1312	522	19	22	3	3	3
1313	932	2	3	3	3	3
1314	630	13	15	3	3	1
1315	849	16	17	1	4	2
1316	1262	20	23	3	2	1
1317	1359	5	6	1	3	1
1318	1202	6	9	1	1	3
1319	1290	23	26	2	4	2
1320	193	19	21	1	3	1
1321	537	19	21	3	2	2
1322	853	18	21	1	3	2
1323	227	7	8	1	3	2
1324	1197	10	11	3	3	1
1325	868	19	20	3	3	1
1326	823	3	6	1	2	3
1327	1247	16	17	3	1	3
1328	649	3	6	3	2	3
1329	305	7	10	3	2	3
1330	284	20	22	2	3	2
1331	295	14	17	2	2	1
1332	763	22	24	1	2	1
1333	217	8	9	1	4	1
1334	821	4	5	2	2	3
1335	871	8	10	1	2	3
1336	810	26	27	3	1	2
1337	1341	4	5	3	2	3
1338	1061	14	17	3	1	1
1339	269	27	28	2	1	2
1340	1137	5	7	3	1	2
1341	1228	23	24	2	2	3
1342	938	23	26	1	4	2
1343	783	11	12	2	1	3
1344	574	14	15	2	1	2
1345	84	19	21	1	3	3
1346	5	23	25	3	3	1
1347	1	2	5	1	1	2
1348	848	4	5	1	1	1
1349	644	12	14	1	2	2
1350	380	4	6	1	1	1
1351	132	4	5	1	2	2
1352	17	3	4	3	3	1
1353	324	16	17	2	3	3
1354	773	3	5	1	4	1
1355	866	16	19	1	2	2
1356	502	24	26	1	2	1
1357	590	17	19	3	4	2
1358	990	5	6	2	1	3
1359	514	11	13	2	4	3
1360	1052	2	5	3	2	2
1361	735	11	14	2	3	3
1362	1181	15	18	3	3	1
1363	72	22	25	2	4	1
1364	355	4	5	3	4	3
1365	758	9	10	1	2	1
1366	546	2	4	2	1	1
1367	912	11	14	2	3	2
1368	1152	8	9	3	2	3
1369	306	12	13	1	3	2
1370	357	18	21	1	3	1
1371	811	21	22	3	1	1
1372	1214	18	20	3	4	3
1373	801	1	2	2	4	3
1374	7	5	6	1	2	1
1375	179	20	21	1	2	3
1376	333	8	11	2	1	2
1377	544	9	10	2	3	1
1378	1083	5	7	1	1	1
1379	730	4	5	3	2	2
1380	350	25	26	1	2	3
1381	1375	17	18	3	1	3
1382	96	14	15	1	3	2
1383	1086	19	22	1	2	3
1384	303	15	16	1	1	1
1385	1285	22	23	1	1	2
1386	1336	6	9	1	4	1
1387	523	24	27	3	2	2
1388	186	21	24	3	4	3
1389	1207	13	16	2	1	3
1390	1217	4	6	3	4	1
1391	106	16	18	3	1	1
1392	1184	13	14	1	1	3
1393	127	2	3	2	2	1
1394	1036	19	21	2	2	2
1395	22	17	18	3	4	3
1396	504	16	19	3	1	3
1397	861	18	19	2	1	2
1398	298	3	5	1	1	1
1399	240	21	22	2	3	2
1400	923	16	17	2	1	3
1401	891	24	25	1	3	2
1402	202	11	12	2	1	2
1403	258	20	22	1	3	2
1404	556	23	26	2	4	2
1405	1010	3	5	3	1	1
1406	1246	5	7	3	4	1
1407	738	15	16	3	3	1
1408	109	4	7	1	4	3
1409	982	25	28	2	3	1
1410	330	26	27	3	3	3
1411	986	8	9	3	4	1
1412	845	2	5	2	2	1
1413	1368	14	17	2	4	2
1414	701	11	13	2	2	3
1415	98	4	5	2	3	1
1416	985	18	20	2	4	3
1417	1176	2	4	1	2	3
1418	1128	12	13	2	4	1
1419	593	27	28	1	2	3
1420	409	2	4	3	3	1
1421	1256	19	22	3	3	3
1422	1322	3	4	3	1	1
1423	288	25	26	3	1	3
1424	123	4	7	1	3	2
1425	1118	10	12	2	2	1
1426	1075	1	4	3	4	2
1427	1001	25	28	1	2	3
1428	1231	6	9	1	4	1
1429	1304	13	15	2	2	2
1430	375	18	20	3	2	3
1431	278	13	15	3	4	3
1432	1150	20	23	1	1	3
1433	473	6	9	3	1	1
1434	937	8	10	1	2	1
1435	399	25	26	1	3	3
1436	1267	16	19	1	3	2
1437	668	22	24	3	1	3
1438	980	1	4	1	2	2
1439	531	15	18	1	4	1
1440	890	20	22	2	2	3
1441	67	20	21	3	1	2
1442	1116	9	12	1	1	2
1443	899	21	23	1	3	2
1444	458	22	25	3	4	1
1445	1261	24	26	2	1	2
1446	568	12	14	2	2	3
1447	1141	15	16	1	1	2
1448	160	4	5	2	1	1
1449	725	7	10	1	4	1
1450	496	1	3	2	2	1
1451	103	5	7	1	2	2
1452	241	21	22	3	1	2
1453	1146	8	11	2	4	3
1454	1169	16	17	2	4	1
1455	154	1	3	1	3	2
1456	714	5	6	2	1	2
1457	550	7	10	2	4	3
1458	792	12	14	3	3	2
1459	904	13	16	1	3	2
1460	656	1	2	3	4	1
1461	1374	6	8	2	1	3
1462	1213	2	3	3	3	3
1463	197	6	9	1	2	2
1464	100	2	3	1	1	3
1465	1117	14	15	1	3	1
1466	712	25	27	1	1	3
1467	337	16	19	2	1	1
1468	221	11	13	2	3	1
1469	196	4	7	2	4	2
1470	1338	15	16	2	2	3
1471	407	26	29	1	1	1
1472	1265	25	26	3	1	1
1473	883	17	20	2	3	3
1474	1161	6	9	2	2	2
1475	279	15	16	1	2	3
1476	434	9	11	3	4	1
1477	466	2	4	2	3	3
1478	1278	21	23	2	1	2
1479	748	8	10	3	3	1
1480	183	22	23	1	3	2
1481	379	1	4	1	1	1
1482	1300	2	3	2	4	1
1483	887	8	9	2	2	1
1484	14	19	22	3	4	3
1485	272	16	19	3	2	2
1486	876	10	12	3	4	3
1487	526	2	4	1	1	3
1488	92	21	22	2	1	3
1489	692	14	17	1	1	3
1490	215	24	25	3	1	2
1491	1177	1	2	3	2	1
1492	909	14	15	1	1	3
1493	1303	2	4	1	2	1
1494	234	9	10	2	3	2
1495	423	4	6	3	4	1
1496	799	23	24	1	2	1
1497	836	21	24	2	1	1
1498	132	19	21	1	1	2
1499	1316	7	9	3	4	3
1500	625	16	17	3	4	2

