DATASET = ORTEC-hidden instance set VeRoLog competition
NAME = vehicles over tools over vehicle days over distance with 2500 requests over 75 days

DAYS = 75
CAPACITY = 50
MAX_TRIP_DISTANCE = 15000
DEPOT_COORDINATE = 0

VEHICLE_COST = 30000000
VEHICLE_DAY_COST = 1000
DISTANCE_COST = 1

TOOLS = 5
1	3	54	100000
2	9	54	100000
3	15	52	400000
4	15	54	400000
5	12	54	400000

COORDINATES = 2148
0	3917	6819
1	7550	6136
2	9080	6131
3	8728	6138
4	5505	6141
5	8341	6147
6	9361	6153
7	8275	6163
8	3666	6175
9	4275	6176
10	8677	8142
11	3849	4137
12	9060	6185
13	9432	6187
14	7321	6189
15	9058	6191
16	7604	6191
17	4263	6192
18	5472	6193
19	8172	6195
20	7513	6197
21	8244	6197
22	7642	6198
23	8400	6200
24	7233	6144
25	3615	6225
26	6566	136
27	8339	6227
28	8929	6147
29	7543	6232
30	3943	4146
31	7231	6257
32	8582	6262
33	7894	6264
34	7870	6264
35	8153	6153
36	7082	7537
37	4320	6284
38	7323	6284
39	4227	6290
40	7700	6290
41	7788	6295
42	8183	6309
43	3916	6312
44	7462	6312
45	6814	6313
46	6685	7938
47	8263	6321
48	3410	6163
49	4168	6326
50	6794	6331
51	7465	6331
52	3731	6165
53	4058	6337
54	6788	6348
55	7556	6350
56	8496	6350
57	8280	6352
58	4271	6357
59	7324	6371
60	6212	6371
61	7200	1936
62	7491	6386
63	3479	6391
64	6903	8573
65	7854	6406
66	6650	8181
67	8441	6415
68	3943	6418
69	4315	6423
70	7399	6437
71	8599	6447
72	6812	6463
73	8567	6467
74	7928	6470
75	7538	6188
76	6142	6480
77	8469	6486
78	3366	6496
79	3929	6497
80	4043	6498
81	8050	6505
82	8117	6506
83	7572	6508
84	7546	6512
85	7526	6513
86	7567	6516
87	7733	6519
88	3777	6522
89	7505	6526
90	3351	6528
91	6311	2191
92	8557	6548
93	8453	6548
94	7024	8205
95	3837	6556
96	7423	6562
97	8665	6569
98	7824	6573
99	7287	6576
100	6960	6588
101	7461	6589
102	8197	6594
103	8441	6600
104	7055	6604
105	7373	6605
106	8177	6610
107	8343	6614
108	8574	6621
109	8750	6628
110	8872	6631
111	4415	4211
112	3543	6639
113	3667	6639
114	8318	6640
115	8056	6657
116	7403	6659
117	6872	7950
118	7861	6665
119	8631	6669
120	7976	6671
121	3838	6673
122	8699	6675
123	8062	6679
124	8642	6679
125	7770	6681
126	3883	4220
127	3790	6700
128	8771	6702
129	4002	6707
130	8111	6709
131	4129	6713
132	8605	6228
133	7366	6230
134	7978	6724
135	3567	6727
136	3680	6730
137	8479	6736
138	8701	6741
139	6488	6744
140	8769	6749
141	3692	6750
142	7192	6757
143	4180	6765
144	3979	6765
145	7013	6781
146	3828	6788
147	3645	6792
148	8303	6792
149	3639	6805
150	8598	6808
151	7574	6812
152	3718	6821
153	7558	6823
154	8442	6824
155	8581	6835
156	7129	6837
157	8479	6842
158	3847	6851
159	7775	6856
160	4140	6859
161	8633	6863
162	7749	6876
163	3399	6879
164	6246	4252
165	8522	6885
166	8352	6887
167	8117	6888
168	8170	6889
169	3885	6890
170	7683	6893
171	4010	6896
172	5019	2754
173	8118	6904
174	4226	6906
175	7400	6912
176	8443	6917
177	8188	6923
178	9658	6930
179	3930	6931
180	8238	6939
181	9459	6941
182	9426	6941
183	7458	6946
184	8490	6946
185	7598	6267
186	7481	6950
187	8516	6950
188	4289	6963
189	6777	6969
190	7372	6969
191	7767	6970
192	4207	6974
193	8204	4268
194	5566	8337
195	7432	6981
196	8214	6987
197	9260	6988
198	7185	7000
199	8440	7003
200	3940	7006
201	9168	7020
202	7855	7021
203	4107	7023
204	7370	7029
205	6925	7034
206	8134	7035
207	8754	7035
208	6939	8236
209	4515	4281
210	6871	7060
211	4114	7061
212	4535	7063
213	8759	7067
214	8801	7069
215	8967	7072
216	3995	7081
217	3680	7083
218	8492	7090
219	4505	7093
220	7747	7100
221	8542	7105
222	6749	7114
223	4419	7115
224	4598	7130
225	4010	7131
226	3938	7135
227	8491	7135
228	6879	8302
229	8732	7139
230	6744	7140
231	3688	7144
232	7929	7147
233	8138	7158
234	7379	7170
235	7562	7181
236	4491	7183
237	3511	7189
238	8709	7190
239	7939	7191
240	7688	7192
241	7759	7198
242	7249	7200
243	7497	7202
244	4353	7203
245	7241	7206
246	7424	7221
247	4032	7222
248	4330	7222
249	4416	7223
250	7804	7225
251	8197	6313
252	7546	7228
253	6861	7232
254	6839	7232
255	6153	4367
256	7594	7240
257	4074	7243
258	6711	7244
259	4219	7248
260	4102	7253
261	7896	7254
262	8539	7256
263	8058	7258
264	8798	7261
265	8542	7267
266	4195	7268
267	8329	7268
268	4042	7271
269	7236	7272
270	4300	7278
271	8205	7278
272	7447	7281
273	7273	7284
274	3762	7285
275	8002	7288
276	7478	7292
277	8210	7299
278	9532	8330
279	7006	7311
280	6778	7311
281	5631	4324
282	8112	7312
283	6693	7312
284	8546	4325
285	6689	7320
286	7429	7322
287	8054	7326
288	7480	7327
289	7521	7330
290	7400	7331
291	7826	8336
292	8264	4329
293	7596	7344
294	9425	7345
295	8216	7347
296	8048	7348
297	7174	7362
298	7829	7363
299	3892	7365
300	7220	7365
301	5094	4335
302	7742	7378
303	7102	7391
304	7228	7400
305	3615	7408
306	6325	7414
307	7097	7417
308	4284	4373
309	4177	7438
310	9015	7445
311	3928	4348
312	7309	7458
313	7282	7476
314	6845	7488
315	7353	7490
316	3999	4356
317	6541	7502
318	4030	7507
319	9420	7511
320	8259	7513
321	3775	7520
322	9331	7531
323	6649	7536
324	6794	7537
325	6530	7539
326	3542	7541
327	8260	7541
328	6994	7542
329	6918	7542
330	6448	7544
331	7043	7544
332	8424	7548
333	6533	7549
334	7367	7549
335	6088	7556
336	8056	8372
337	7700	7563
338	9315	7569
339	3733	7572
340	6770	7579
341	8449	7583
342	9667	7584
343	6815	2367
344	8609	7590
345	7109	7594
346	7497	7597
347	5984	8261
348	3920	7601
349	8478	7603
350	6389	7609
351	8553	7610
352	7305	7616
353	3908	7618
354	5707	7628
355	7694	7631
356	8451	4378
357	6569	7641
358	2500	4380
359	8145	7643
360	7716	7647
361	8519	7654
362	6346	7655
363	6734	7663
364	7501	7663
365	372	2818
366	8699	7670
367	6250	7672
368	8924	7675
369	7024	7675
370	6417	7583
371	8125	7678
372	5733	7684
373	8342	7686
374	6729	7690
375	9475	7692
376	6740	7696
377	8389	7699
378	7568	7700
379	7937	7701
380	8100	7702
381	4323	4390
382	5980	7715
383	7228	7717
384	9507	7718
385	6804	7728
386	5921	7729
387	8559	7736
388	4498	7743
389	6659	7747
390	7102	7752
391	7282	7760
392	6432	7771
393	5458	7772
394	5429	7774
395	5620	7793
396	4496	2401
397	8429	4405
398	6763	7802
399	5229	7804
400	8580	7809
401	5674	7813
402	4142	7822
403	5900	7822
404	5683	7826
405	8287	7828
406	6771	7830
407	7980	7833
408	6942	8420
409	8379	7848
410	4059	7849
411	5274	7852
412	6213	7853
413	4172	7856
414	9154	7858
415	7145	7864
416	6816	7868
417	6934	7869
418	6029	7872
419	5813	7873
420	6094	7880
421	7384	7885
422	6222	7892
423	6757	7893
424	5979	7897
425	7359	8429
426	5370	7907
427	3674	7911
428	6800	7923
429	6935	7937
430	8071	7937
431	8259	7937
432	5399	7944
433	8872	7950
434	5472	7951
435	5440	7964
436	8401	4435
437	6716	7987
438	8602	7990
439	5335	7996
440	8468	7997
441	8654	7998
442	6275	8007
443	6172	8008
444	5795	8011
445	6281	8012
446	7764	8026
447	7261	8027
448	7114	8029
449	5448	8042
450	7878	8047
451	6948	8048
452	5489	8048
453	7366	8065
454	7521	8068
455	8417	8073
456	9723	8077
457	7932	8461
458	3987	3995
459	7306	8110
460	7221	4459
461	7790	8133
462	8131	4462
463	6143	8471
464	7639	8156
465	6126	8158
466	7688	8161
467	6487	8171
468	6807	9601
469	6016	8181
470	7450	8187
471	8097	5142
472	9017	4471
473	6109	8197
474	6406	8207
475	7307	8208
476	7359	8217
477	7265	8224
478	8979	8228
479	9379	6000
480	8803	8239
481	4170	4479
482	7308	8246
483	5920	8251
484	6307	8255
485	6102	8261
486	7643	8492
487	6137	8286
488	6085	8293
489	6962	8296
490	9977	8302
491	6430	8304
492	5927	8497
493	6469	8308
494	9918	8316
495	6810	8318
496	5371	8319
497	7930	8405
498	7006	8326
499	9555	8326
500	7174	8333
501	5565	8335
502	7414	8347
503	5533	8347
504	5589	8349
505	5346	8350
506	3641	8356
507	7666	8357
508	7722	8360
509	9351	8361
510	7696	8506
511	5467	8372
512	4017	6506
513	7955	8382
514	8391	8388
515	8186	8390
516	9773	8392
517	5861	8397
518	8412	8397
519	6552	8401
520	5341	4406
521	7212	8514
522	6555	8414
523	9303	8414
524	5580	8416
525	6568	8515
526	7578	8420
527	6856	8421
528	6551	8421
529	8200	8422
530	7406	8426
531	8047	8427
532	6180	8429
533	3837	8432
534	9119	7608
535	6678	8439
536	3787	8446
537	6778	8451
538	9658	8451
539	6089	8455
540	7716	8459
541	5729	8460
542	6748	8525
543	7161	8477
544	8238	4664
545	7296	8495
546	6181	8500
547	7042	8501
548	7882	8504
549	5873	8508
550	3886	8508
551	7741	8510
552	7834	8517
553	7603	8517
554	9533	8520
555	6217	8533
556	6874	8534
557	6223	8542
558	5796	4530
559	7210	8551
560	6137	8556
561	6217	8559
562	5669	8565
563	7780	8565
564	6112	8569
565	7485	8570
566	9755	8571
567	9659	8571
568	6041	8573
569	8460	8573
570	3948	8575
571	5776	8577
572	6354	8578
573	8044	8580
574	5361	8593
575	4575	4539
576	5870	8598
577	9269	8599
578	6209	8607
579	7622	8608
580	7654	8610
581	8478	8612
582	5591	8615
583	7303	8620
584	6109	8620
585	6391	8625
586	7506	8625
587	5464	8626
588	6454	8626
589	7489	8628
590	7446	8632
591	3770	8634
592	7922	8638
593	7360	8640
594	8437	8640
595	5661	8641
596	7401	8642
597	9987	8650
598	6305	8653
599	9667	8656
600	6165	8658
601	3887	2546
602	8624	8666
603	6278	8670
604	8382	8674
605	7964	4552
606	6109	8681
607	8273	8681
608	8739	4553
609	7242	8694
610	4586	2414
611	5678	8698
612	7541	8712
613	5914	8715
614	6386	8717
615	3714	6563
616	5737	8722
617	6742	8724
618	3910	8726
619	5664	8727
620	7392	8731
621	6986	8736
622	7540	8738
623	8984	8738
624	6897	8739
625	5501	8742
626	5612	8743
627	7237	8744
628	5683	8747
629	5404	8752
630	5509	8757
631	5992	2562
632	6211	8759
633	5876	8760
634	5828	8761
635	5998	8765
636	7215	8767
637	7686	4567
638	7672	8774
639	5649	8775
640	5586	8781
641	8348	8783
642	5415	8784
643	9491	8786
644	5738	8797
645	6098	8803
646	5657	8804
647	4972	4574
648	5702	8816
649	8947	6020
650	6765	8833
651	7338	8838
652	6177	8839
653	5589	8842
654	6045	8847
655	6446	8859
656	5486	8866
657	5921	8867
658	6068	8870
659	7739	8872
660	5944	8875
661	8383	4585
662	9388	8892
663	6243	8898
664	9051	8898
665	6252	8899
666	7394	8902
667	7069	8905
668	5875	8909
669	6979	6597
670	5595	8931
671	6720	8932
672	6765	8939
673	9469	8949
674	5829	8949
675	7851	8953
676	7065	8965
677	7374	8967
678	3162	2599
679	3986	4268
680	3750	8611
681	6852	8990
682	7531	8998
683	6190	9004
684	7330	9006
685	5720	8615
686	7293	9018
687	6062	9024
688	7661	9031
689	6773	9031
690	5726	9032
691	7675	9033
692	7801	9040
693	7336	9041
694	6726	9044
695	8830	9056
696	6051	8623
697	7931	9079
698	5171	4620
699	4521	4028
700	7792	4620
701	7471	8628
702	6565	9101
703	9254	9110
704	8192	9232
705	7062	9119
706	7170	9121
707	6550	9141
708	6335	9155
709	7291	9166
710	7118	9166
711	9323	9167
712	8943	9171
713	8498	9172
714	8269	9174
715	8168	9174
716	9737	8641
717	6680	9184
718	6150	9188
719	6398	9190
720	6635	9195
721	5844	9196
722	9315	9198
723	8706	9200
724	6316	9204
725	7501	9205
726	8098	9207
727	7928	9209
728	7631	9212
729	8384	9213
730	6310	9217
731	6442	9218
732	8555	9221
733	7202	9235
734	8756	9235
735	6336	9237
736	8041	9246
737	8941	9258
738	6830	9260
739	8861	9268
740	7994	9274
741	7879	9275
742	6498	9276
743	3816	6656
744	6206	2649
745	7382	9291
746	8185	9296
747	8313	9297
748	6855	9309
749	8597	9314
750	8951	9321
751	6690	9322
752	7968	4659
753	7082	9327
754	6510	9329
755	8625	9329
756	7564	9333
757	8790	6665
758	9096	9341
759	9288	9346
760	8541	9347
761	6966	9353
762	6550	9360
763	9051	9362
764	8403	9374
765	6597	9383
766	8043	9386
767	7171	9389
768	6725	9389
769	6447	9394
770	9039	9396
771	8226	9403
772	8360	9415
773	9059	9415
774	9122	9424
775	6550	9428
776	6521	9429
777	8797	9433
778	8705	9441
779	7217	9446
780	8580	9450
781	8301	9455
782	7189	9460
783	8491	9461
784	7908	4682
785	9189	9464
786	7203	9470
787	2564	4441
788	7091	9474
789	8749	9476
790	8391	9478
791	9152	9482
792	8410	9495
793	7102	9496
794	6904	9498
795	8302	9512
796	8500	4431
797	9176	9517
798	8945	9521
799	6674	9524
800	8240	9530
801	4041	7646
802	3714	4696
803	7257	9542
804	8597	9547
805	8061	9549
806	6520	9558
807	7817	9573
808	8394	9583
809	4188	4705
810	6872	9595
811	6939	8712
812	5558	4706
813	8444	9601
814	8981	9605
815	6930	9607
816	7282	9626
817	8276	9629
818	7222	8723
819	8459	9673
820	8110	4721
821	4808	2724
822	2764	2731
823	6474	8742
824	8847	9789
825	6458	2742
826	6042	9864
827	6207	9865
828	6453	9874
829	4894	4762
830	6238	8773
831	7410	9989
832	5486	4780
833	3495	2776
834	6119	8790
835	5108	2786
836	7429	4790
837	7419	2787
838	5901	8800
839	3191	2791
840	5069	2796
841	7395	8678
842	6363	1663
843	3878	4808
844	7219	4810
845	7939	6818
846	5668	4817
847	4162	6821
848	5743	8826
849	7520	4820
850	7636	7270
851	8467	6833
852	3463	6843
853	2871	4850
854	8714	4852
855	8478	4852
856	8354	4859
857	6785	7679
858	3854	4869
859	6519	6888
860	8786	4882
861	3457	3282
862	2770	4894
863	4182	2894
864	3564	4899
865	8746	4905
866	8840	4907
867	3076	5287
868	8064	4916
869	3894	2915
870	6342	2920
871	4046	2933
872	6179	2937
873	2977	4944
874	4065	4945
875	7652	6950
876	5910	2950
877	5867	2953
878	7500	6962
879	7076	2956
880	7385	6971
881	8650	5698
882	7575	4972
883	3828	4976
884	7012	4983
885	8455	6102
886	8627	4988
887	3977	7010
888	3954	5008
889	8171	5028
890	4766	7035
891	7574	5031
892	8835	5920
893	7352	4303
894	9071	6115
895	9044	5067
896	3231	5078
897	4655	3083
898	3538	5088
899	4252	7094
900	2848	3091
901	7567	4687
902	3899	5109
903	5897	3112
904	7845	7121
905	7711	5120
906	7545	5121
907	8081	9128
908	4476	7126
909	6454	82
910	6356	3120
911	8236	6130
912	6282	113
913	6398	134
914	9122	5132
915	6116	145
916	6530	145
917	8283	8533
918	5409	3131
919	6465	164
920	8893	9144
921	6470	167
922	7619	7140
923	6530	203
924	7225	7147
925	6262	220
926	4658	5147
927	6549	226
928	8740	5152
929	4279	3150
930	6539	278
931	6809	6537
932	6584	313
933	6786	9169
934	6881	316
935	6831	133
936	3115	3161
937	8961	9174
938	6415	9175
939	6564	353
940	6320	364
941	7560	4370
942	4380	4539
943	7523	5175
944	6612	396
945	7015	397
946	8700	5176
947	3606	7183
948	6519	435
949	4384	4541
950	6604	8213
951	6769	3183
952	8142	5186
953	6592	469
954	9225	7192
955	4509	3186
956	4867	3186
957	9134	5193
958	7657	6145
959	7300	5199
960	6648	543
961	2500	3199
962	8064	5203
963	4199	5205
964	7649	6147
965	6286	633
966	3687	7222
967	8334	7228
968	6560	718
969	3986	3226
970	7042	5232
971	8373	9238
972	8271	6151
973	4791	3240
974	4144	7248
975	6083	9253
976	4571	4153
977	6479	936
978	8268	5273
979	8630	5759
980	8848	9281
981	5236	3273
982	6519	1009
983	6273	1018
984	3935	5282
985	3718	3280
986	7842	5287
987	6476	1102
988	7021	7298
989	3462	7300
990	8764	6164
991	7888	5300
992	6560	1158
993	6602	1166
994	8525	9327
995	5250	5769
996	4263	7326
997	6461	6170
998	6903	1317
999	7844	9337
1000	8548	9338
1001	3843	7337
1002	6991	1359
1003	7346	9347
1004	8697	5342
1005	8141	5344
1006	4011	3344
1007	3679	5352
1008	6576	7359
1009	3382	5356
1010	2993	4976
1011	7037	5362
1012	6937	1551
1013	8510	9381
1014	8767	9381
1015	4290	7379
1016	3509	7380
1017	6813	1620
1018	6203	1627
1019	7397	7981
1020	6482	1639
1021	6638	3380
1022	6005	1647
1023	6399	1647
1024	6208	1653
1025	6326	1710
1026	6840	1753
1027	8452	5785
1028	1501	1785
1029	7910	5409
1030	6841	1813
1031	6529	1813
1032	4233	5414
1033	6479	1831
1034	6211	1833
1035	7737	7419
1036	7105	1845
1037	8114	5418
1038	4570	5389
1039	6743	1877
1040	5114	1882
1041	6488	1892
1042	7110	1902
1043	6472	1915
1044	1504	1918
1045	1796	2589
1046	8535	5429
1047	5718	1925
1048	5079	1926
1049	8884	6191
1050	5114	1949
1051	1385	1953
1052	3823	4191
1053	6357	1965
1054	8623	7440
1055	6416	1968
1056	3634	4243
1057	7229	1979
1058	5884	1980
1059	5492	1989
1060	1023	1995
1061	7018	7445
1062	6752	9450
1063	6671	2014
1064	5145	2014
1065	7247	2026
1066	7410	5448
1067	8443	9455
1068	6185	2057
1069	6237	2063
1070	6005	2069
1071	5882	2071
1072	7687	5456
1073	6270	2083
1074	6213	2088
1075	4634	2093
1076	6104	3455
1077	6077	2101
1078	6200	2108
1079	6510	2118
1080	5119	2120
1081	824	2124
1082	1872	2133
1083	4852	2136
1084	6095	2140
1085	4699	2152
1086	6318	2152
1087	6286	2152
1088	6059	2157
1089	5781	2160
1090	5892	2163
1091	6086	2179
1092	8260	5799
1093	5017	2185
1094	3303	3471
1095	6085	2191
1096	6319	2204
1097	5907	2207
1098	5843	2208
1099	6068	2220
1100	4850	2222
1101	6237	2230
1102	6755	2231
1103	6089	2231
1104	5227	2237
1105	5194	2239
1106	6238	2247
1107	5724	2251
1108	4651	2260
1109	6942	5487
1110	6351	2277
1111	5731	2280
1112	5089	2297
1113	5035	2301
1114	6403	2302
1115	8820	7497
1116	6484	2315
1117	6310	2325
1118	9061	9503
1119	2296	2328
1120	5002	2339
1121	5041	2343
1122	4678	2366
1123	6276	2366
1124	4954	2367
1125	5014	2370
1126	7723	5504
1127	6311	2370
1128	4026	2376
1129	4879	2379
1130	6332	2383
1131	4812	2394
1132	4590	2398
1133	4775	2401
1134	6813	5510
1135	4642	2410
1136	3723	7515
1137	6342	2417
1138	7785	5512
1139	3682	2442
1140	6700	2447
1141	6860	2450
1142	5016	2457
1143	2044	2473
1144	4092	3519
1145	3960	2492
1146	6277	2503
1147	6072	3523
1148	4539	2507
1149	3835	2516
1150	3286	2524
1151	611	2542
1152	3932	2542
1153	5026	2543
1154	5019	2546
1155	6884	2550
1156	8117	7537
1157	6523	9415
1158	6934	7542
1159	4241	2577
1160	5151	2579
1161	3385	2580
1162	6856	5539
1163	4889	2584
1164	4826	2588
1165	4438	3537
1166	6939	2603
1167	6641	2604
1168	4220	2615
1169	2451	2615
1170	6706	2616
1171	904	2619
1172	3970	2627
1173	4600	2627
1174	6792	2635
1175	916	2637
1176	773	2637
1177	7042	2637
1178	4158	2649
1179	2845	2653
1180	6764	2653
1181	2902	2656
1182	2881	2659
1183	4470	2660
1184	6644	2664
1185	7364	2674
1186	4557	2678
1187	3322	2684
1188	2657	2691
1189	4201	2698
1190	7407	7562
1191	3373	2704
1192	4958	2706
1193	892	2707
1194	4576	2730
1195	3539	2746
1196	5666	2753
1197	3415	2753
1198	2780	2755
1199	5156	2757
1200	295	2759
1201	8879	5569
1202	5484	3567
1203	5148	2770
1204	5069	2778
1205	3919	2781
1206	4137	2790
1207	6188	2790
1208	4802	2792
1209	2934	2794
1210	3498	2802
1211	5235	2803
1212	3095	2805
1213	4207	5577
1214	7417	2810
1215	4920	2812
1216	256	2814
1217	5836	2819
1218	7645	7583
1219	3168	2830
1220	7105	2830
1221	4841	2830
1222	4912	2836
1223	5349	2843
1224	4065	2844
1225	6632	2846
1226	2481	2854
1227	327	2861
1228	5402	2862
1229	4052	2866
1230	4779	2868
1231	5044	2871
1232	4201	2872
1233	6556	2875
1234	6072	2877
1235	3084	2878
1236	2502	2883
1237	1930	2884
1238	674	2888
1239	4051	2888
1240	2377	2891
1241	6540	2892
1242	5453	2896
1243	2335	2903
1244	5424	3590
1245	2730	2908
1246	4832	2910
1247	4005	2911
1248	5498	2913
1249	5061	2918
1250	2316	2921
1251	3420	6225
1252	251	2924
1253	5436	5023
1254	6756	7601
1255	3562	2940
1256	4439	5600
1257	6404	2948
1258	5625	2951
1259	8817	5601
1260	5714	2956
1261	2974	2961
1262	3973	2963
1263	5891	2966
1264	1194	2969
1265	5101	2983
1266	6630	2984
1267	5725	2985
1268	5281	2988
1269	1967	2991
1270	3833	2992
1271	5589	2993
1272	5221	2994
1273	6631	3003
1274	6260	3014
1275	3834	7616
1276	6917	3028
1277	6026	3029
1278	5475	3031
1279	6327	3031
1280	5598	3034
1281	5884	3036
1282	4139	7619
1283	3207	3042
1284	1198	3044
1285	6378	3051
1286	5683	3052
1287	3870	3052
1288	2286	3057
1289	5005	3060
1290	6455	3060
1291	6647	3068
1292	5940	3079
1293	4892	3082
1294	4150	3086
1295	6373	3091
1296	6599	3102
1297	4686	3104
1298	4563	3104
1299	6659	3107
1300	6315	3114
1301	6793	3116
1302	5891	3118
1303	5752	3119
1304	6829	3120
1305	4933	3128
1306	5385	3138
1307	8119	7636
1308	5045	3146
1309	6487	3149
1310	3429	3152
1311	6081	3158
1312	6058	3168
1313	3298	3169
1314	2873	3172
1315	6013	3183
1316	5628	3188
1317	6028	3189
1318	6200	3198
1319	4896	3210
1320	5693	3215
1321	5560	3216
1322	6592	3219
1323	4917	3231
1324	6609	3237
1325	6330	3240
1326	6685	3241
1327	1530	3242
1328	4067	3242
1329	6164	3243
1330	6407	3254
1331	3976	3256
1332	4025	3256
1333	7130	3263
1334	3999	3264
1335	3699	3268
1336	6346	3272
1337	4144	3274
1338	5138	3278
1339	6522	3280
1340	5434	3298
1341	4918	3299
1342	7931	5659
1343	7117	3310
1344	4811	3311
1345	5405	3321
1346	5953	3324
1347	6821	3326
1348	5449	3328
1349	3761	3332
1350	2322	3334
1351	2456	3346
1352	5673	3347
1353	4321	3350
1354	1756	3355
1355	4714	3361
1356	2780	3368
1357	3982	3373
1358	5548	3377
1359	4030	3380
1360	6228	3397
1361	5343	3399
1362	6571	3401
1363	5565	3402
1364	5437	3405
1365	2828	3410
1366	6070	3409
1367	5217	3414
1368	5564	3426
1369	5594	3429
1370	4550	3436
1371	6631	3437
1372	4051	3443
1373	4049	3454
1374	5344	3460
1375	6874	3465
1376	6165	3466
1377	8527	5687
1378	6008	3473
1379	2244	3488
1380	6002	3491
1381	5259	3689
1382	6001	3502
1383	1263	3504
1384	5632	3509
1385	4872	3519
1386	4351	3532
1387	6187	3538
1388	4329	3539
1389	4483	3542
1390	7610	5699
1391	4812	3550
1392	9532	5844
1393	6136	3557
1394	4845	3558
1395	4710	3561
1396	4558	3563
1397	4670	3569
1398	4354	3569
1399	4710	3570
1400	3196	3575
1401	6338	3575
1402	5299	3579
1403	6154	3586
1404	4192	3591
1405	5872	3600
1406	5856	3601
1407	4267	3616
1408	6271	7716
1409	5997	3621
1410	5926	3629
1411	6061	3629
1412	5942	3630
1413	5866	3632
1414	4590	5510
1415	6163	3645
1416	5851	3647
1417	2558	3650
1418	4847	3653
1419	6544	3654
1420	5475	3654
1421	6155	3658
1422	4320	3666
1423	5529	3671
1424	5490	3672
1425	6394	3676
1426	4662	3689
1427	8028	5449
1428	4245	3710
1429	2057	3712
1430	4986	3722
1431	5732	3730
1432	5969	3731
1433	5857	3729
1434	6428	3743
1435	5520	3746
1436	4998	3748
1437	4718	3751
1438	1809	3765
1439	5500	7741
1440	5803	3734
1441	6260	3774
1442	4971	3775
1443	5171	3776
1444	5626	3776
1445	5567	3776
1446	4802	3781
1447	6120	3781
1448	6685	5740
1449	2458	3796
1450	4828	3797
1451	7552	5742
1452	4609	3804
1453	4757	4252
1454	6436	3815
1455	9052	5854
1456	4231	3841
1457	5598	3843
1458	4530	3848
1459	5995	7857
1460	3992	5055
1461	4434	3873
1462	5432	3887
1463	4669	3901
1464	6037	7763
1465	5904	3905
1466	6116	3933
1467	3761	3936
1468	5891	3940
1469	5185	3940
1470	4454	3953
1471	5562	3959
1472	2203	3967
1473	1895	3975
1474	4534	3975
1475	4737	3983
1476	5207	3985
1477	3615	3990
1478	3709	3991
1479	7108	5774
1480	5063	3995
1481	3817	3996
1482	3830	4002
1483	2873	4003
1484	4000	4010
1485	6143	4013
1486	6743	4014
1487	4312	4024
1488	4273	4028
1489	2236	4031
1490	4779	4032
1491	1906	4033
1492	8039	7785
1493	4671	4036
1494	3860	4040
1495	3512	4041
1496	3728	4045
1497	3571	4052
1498	7819	4057
1499	6053	4058
1500	3970	4064
1501	4850	4073
1502	4020	4075
1503	3705	4081
1504	3524	4086
1505	4048	4094
1506	1879	4096
1507	4082	4098
1508	1855	4101
1509	4656	4110
1510	3982	4114
1511	4196	4128
1512	3466	4131
1513	4139	4141
1514	8347	4141
1515	3730	4143
1516	4076	4147
1517	5219	4149
1518	6828	4154
1519	3760	4155
1520	6853	4160
1521	5781	4164
1522	8309	4164
1523	7274	6266
1524	7549	8337
1525	1694	3801
1526	3688	4172
1527	4074	4179
1528	8240	4265
1529	3449	4185
1530	8927	7809
1531	4031	4186
1532	7912	4186
1533	6808	4200
1534	3949	4201
1535	3832	4205
1536	6877	4208
1537	3547	4212
1538	4120	4213
1539	8533	4213
1540	4864	4216
1541	4794	4217
1542	3858	4217
1543	8807	4222
1544	4503	4235
1545	4740	4235
1546	8106	4239
1547	3481	4242
1548	7088	4245
1549	4899	4246
1550	7104	4246
1551	4472	4249
1552	3702	4251
1553	3688	4252
1554	8180	4251
1555	3624	4256
1556	4935	4257
1557	8250	4258
1558	4070	4261
1559	8821	4266
1560	8842	4271
1561	6227	4273
1562	8663	4279
1563	2383	4282
1564	4624	4282
1565	3294	4283
1566	5599	4293
1567	8860	4293
1568	8445	4297
1569	8117	4304
1570	8504	4308
1571	4174	4310
1572	4712	4313
1573	6779	4314
1574	8271	4315
1575	5443	4317
1576	8775	4323
1577	8572	4329
1578	5396	4332
1579	4526	4333
1580	3293	4335
1581	2359	4336
1582	3998	4340
1583	3467	4346
1584	6289	4347
1585	4491	4349
1586	8589	4351
1587	5384	4357
1588	4442	4363
1589	4421	4369
1590	8379	4378
1591	8396	4384
1592	9151	5839
1593	8493	4388
1594	7132	4394
1595	4317	4396
1596	4467	4401
1597	8107	4407
1598	8529	4411
1599	2409	4415
1600	5215	4420
1601	3944	4422
1602	7944	4425
1603	2394	4429
1604	4495	4430
1605	4603	4431
1606	2414	4432
1607	7735	4435
1608	8978	4438
1609	8958	4445
1610	7162	4446
1611	8270	4449
1612	8317	4450
1613	4714	4452
1614	8091	4452
1615	7379	4460
1616	7282	4461
1617	4030	4463
1618	8467	4469
1619	3716	4471
1620	3851	4473
1621	7121	4475
1622	3489	4477
1623	5240	4482
1624	7960	4482
1625	5850	4487
1626	4198	4489
1627	7200	4491
1628	3054	4495
1629	8074	4495
1630	3908	4500
1631	6904	4501
1632	8189	4502
1633	4325	4505
1634	4663	4506
1635	8517	4506
1636	3931	4512
1637	4794	4514
1638	7191	4514
1639	3735	4522
1640	5779	4523
1641	8718	5863
1642	2396	4529
1643	3418	4530
1644	8686	4534
1645	5218	4538
1646	8520	4539
1647	5793	4543
1648	7830	4543
1649	9577	5866
1650	3342	4545
1651	4855	4545
1652	5021	4552
1653	7709	4552
1654	8587	4554
1655	4875	4559
1656	4985	4564
1657	4097	4568
1658	7897	4568
1659	8637	4568
1660	4381	4572
1661	4145	4579
1662	4916	4582
1663	4172	4586
1664	8524	4588
1665	8563	4593
1666	4899	4595
1667	4225	4596
1668	4258	4600
1669	7703	4604
1670	4313	4612
1671	8554	4614
1672	4630	4616
1673	7368	4621
1674	4931	4622
1675	4791	4626
1676	2538	4630
1677	8882	5881
1678	8426	4635
1679	5202	4638
1680	4814	4639
1681	8180	4658
1682	4057	4660
1683	7756	4662
1684	7261	4663
1685	3784	4665
1686	4116	4666
1687	8677	4681
1688	8419	4683
1689	7756	4686
1690	4080	4688
1691	4309	4691
1692	3947	4691
1693	8226	4693
1694	7606	4695
1695	7987	4698
1696	7808	4707
1697	7493	4710
1698	3712	4714
1699	7917	5895
1700	8302	4721
1701	8036	4723
1702	8388	4723
1703	4065	4725
1704	4732	4726
1705	3863	4728
1706	5125	5897
1707	3857	4736
1708	3710	4737
1709	4770	4737
1710	8085	4739
1711	4299	4746
1712	8579	4746
1713	7235	4750
1714	8038	4758
1715	5656	4759
1716	7426	4763
1717	4030	4764
1718	5553	4769
1719	7346	4772
1720	4004	4778
1721	4826	4779
1722	8372	4788
1723	7702	4789
1724	7526	4796
1725	5608	4800
1726	5725	4802
1727	9634	5909
1728	9777	7913
1729	4000	4807
1730	8589	4817
1731	8241	4817
1732	5469	4819
1733	7709	4821
1734	3990	4825
1735	3790	4826
1736	7820	4826
1737	5571	4827
1738	3549	4828
1739	2759	4839
1740	5414	4840
1741	8478	4844
1742	4180	4845
1743	7429	4847
1744	4226	4848
1745	3648	4855
1746	5443	4856
1747	7127	4857
1748	3762	4858
1749	3534	4859
1750	7359	4858
1751	3733	4861
1752	7004	8690
1753	4056	4863
1754	7517	4863
1755	4086	4864
1756	8769	4875
1757	2930	4876
1758	7128	4877
1759	3513	4883
1760	7996	4886
1761	3864	4890
1762	5863	4894
1763	5331	4901
1764	3480	4902
1765	8053	5490
1766	7748	4918
1767	8467	4921
1768	7139	4925
1769	7562	4927
1770	3459	4932
1771	7767	4935
1772	4369	4327
1773	3547	4942
1774	4016	4942
1775	3400	4945
1776	8663	4949
1777	3850	4952
1778	8844	5934
1779	7274	4956
1780	3954	4958
1781	8022	4965
1782	5430	4966
1783	5582	4968
1784	7689	5937
1785	8551	4974
1786	3477	4978
1787	8091	4979
1788	8646	4980
1789	3646	4982
1790	3663	4984
1791	7641	4991
1792	5425	4993
1793	8835	4997
1794	3053	5000
1795	3810	5006
1796	5366	5008
1797	8984	5008
1798	5313	3941
1799	7981	5012
1800	8203	5017
1801	8645	5017
1802	7248	5019
1803	8484	5019
1804	8307	5022
1805	7899	5023
1806	3737	5025
1807	7903	5026
1808	4447	5028
1809	9029	5028
1810	5472	5035
1811	7037	5036
1812	4024	5038
1813	4234	5038
1814	3587	5041
1815	7203	5044
1816	2956	5046
1817	9032	5046
1818	3492	5049
1819	7227	5049
1820	7318	8296
1821	8336	5051
1822	5336	7955
1823	8101	5063
1824	8873	5895
1825	4689	5072
1826	3058	5073
1827	8697	5074
1828	3047	5078
1829	5503	5084
1830	9018	5089
1831	7241	5098
1832	4179	5100
1833	8896	5101
1834	7332	5104
1835	8483	5106
1836	7031	5106
1837	4105	5108
1838	8675	5117
1839	5077	5497
1840	3525	5130
1841	7106	5131
1842	3580	5134
1843	5777	5139
1844	8391	5141
1845	3161	5145
1846	4294	5149
1847	8074	5150
1848	9145	5151
1849	6829	9501
1850	4136	5159
1851	7418	7900
1852	3903	5164
1853	8178	5164
1854	3208	5165
1855	4044	5169
1856	8260	5170
1857	8916	5171
1858	3260	5176
1859	8217	5183
1860	8623	5183
1861	7321	5190
1862	9037	5190
1863	5142	5196
1864	9245	5197
1865	7930	5200
1866	6902	5203
1867	8683	5205
1868	4264	5218
1869	5020	5221
1870	5167	5222
1871	3750	5223
1872	7790	5223
1873	7906	5224
1874	4181	5225
1875	8752	5227
1876	8422	5229
1877	4171	5231
1878	1838	3978
1879	8533	5238
1880	8195	5242
1881	8181	5242
1882	7365	5248
1883	8480	5249
1884	8622	5252
1885	7382	5262
1886	7837	4967
1887	7413	5272
1888	7762	5274
1889	8009	5277
1890	3730	5292
1891	5632	8305
1892	7806	5294
1893	8313	5295
1894	8968	5297
1895	4146	5303
1896	9352	5306
1897	8862	5311
1898	8676	5313
1899	8331	5316
1900	7820	5317
1901	8315	5321
1902	8151	5323
1903	8102	5325
1904	3004	5328
1905	7805	5336
1906	4298	5343
1907	4226	5348
1908	7696	5350
1909	7966	5360
1910	7144	5361
1911	2772	5362
1912	4203	5363
1913	8035	5371
1914	7100	5371
1915	8266	5372
1916	8263	5374
1917	8416	5377
1918	7808	5377
1919	7688	5379
1920	5547	5391
1921	8077	5393
1922	8338	4305
1923	5040	5404
1924	7609	5409
1925	7564	5413
1926	7244	8015
1927	5820	5416
1928	4965	4009
1929	7044	5420
1930	8638	5425
1931	7053	5428
1932	3920	5435
1933	8588	5442
1934	7638	5445
1935	8695	5447
1936	4569	4014
1937	8098	5448
1938	4233	5450
1939	8167	5453
1940	7757	5460
1941	8168	5464
1942	4589	5466
1943	8690	5474
1944	4950	5476
1945	8645	5477
1946	5051	5483
1947	6959	5483
1948	5182	5485
1949	8087	5494
1950	7950	5495
1951	2175	4022
1952	6871	5499
1953	7039	5499
1954	8412	5501
1955	3905	5503
1956	6898	5506
1957	4106	5510
1958	5102	5512
1959	8553	5515
1960	7700	5522
1961	8843	5523
1962	4363	5524
1963	4605	4027
1964	6924	5538
1965	8015	5539
1966	8714	5544
1967	6910	5549
1968	9377	5511
1969	6926	4032
1970	4345	5564
1971	4204	5566
1972	7588	5569
1973	7398	5577
1974	4247	5578
1975	4246	5580
1976	7774	5580
1977	8057	5589
1978	6882	5592
1979	8124	5597
1980	4041	5598
1981	8031	5598
1982	7124	5601
1983	6852	5602
1984	8092	5604
1985	6940	5605
1986	2900	5607
1987	6993	5614
1988	8528	5629
1989	8616	5633
1990	7519	5640
1991	4284	5648
1992	7057	5649
1993	7811	5650
1994	8557	5653
1995	7124	5654
1996	7360	5659
1997	8134	5663
1998	7654	5673
1999	7903	4051
2000	5238	5682
2001	9617	5686
2002	4598	5690
2003	8438	5691
2004	4430	5694
2005	8624	5697
2006	9425	5698
2007	9445	5698
2008	9142	5699
2009	7817	5708
2010	9561	5715
2011	7426	5718
2012	9437	5720
2013	9025	5725
2014	4863	4060
2015	9142	5731
2016	4424	5732
2017	4512	5732
2018	7707	5739
2019	8399	5740
2020	9002	5742
2021	8765	5745
2022	7291	5746
2023	7513	5747
2024	9466	5751
2025	8795	5753
2026	8499	5762
2027	8185	5763
2028	9237	5765
2029	8468	5766
2030	7665	5773
2031	6993	5774
2032	7390	5777
2033	7235	5778
2034	7768	5785
2035	9019	5787
2036	7601	5790
2037	6798	5790
2038	7504	5791
2039	6997	5792
2040	4471	5793
2041	7501	5798
2042	7126	5799
2043	9435	5799
2044	9244	5806
2045	9436	5806
2046	5249	5809
2047	7710	5816
2048	8791	5821
2049	8204	5826
2050	8508	5831
2051	8906	5840
2052	7603	5845
2053	9588	5845
2054	8250	5854
2055	8674	5858
2056	9274	5859
2057	7574	5875
2058	3436	5880
2059	8269	5880
2060	9663	5881
2061	9331	5882
2062	9555	5883
2063	8804	5885
2064	9185	5887
2065	9151	5896
2066	9646	5897
2067	8937	5900
2068	7469	5903
2069	8376	5904
2070	9034	5908
2071	8258	5909
2072	7902	5913
2073	8366	5913
2074	7788	5915
2075	8953	5915
2076	7687	5920
2077	9605	5922
2078	7965	5926
2079	4181	4094
2080	8294	5930
2081	8899	5933
2082	7504	5935
2083	8307	5936
2084	7149	5942
2085	9008	5945
2086	7109	5952
2087	9374	5955
2088	5756	5956
2089	7517	4967
2090	7738	5958
2091	9066	5965
2092	9146	5969
2093	5570	4101
2094	9153	5974
2095	5707	5975
2096	8130	5981
2097	8757	5981
2098	8965	6106
2099	5788	4103
2100	8714	5990
2101	9530	5993
2102	9110	5998
2103	9592	6000
2104	5171	6003
2105	9480	6004
2106	7867	6006
2107	7427	5926
2108	4251	6015
2109	8619	6015
2110	9559	6016
2111	8934	6018
2112	9371	6019
2113	8805	6020
2114	9266	6021
2115	7779	6022
2116	9402	6023
2117	7000	6024
2118	5784	6029
2119	8632	6030
2120	7713	6033
2121	7654	6035
2122	9455	6044
2123	8907	6056
2124	9516	6058
2125	7570	6060
2126	9467	6061
2127	7938	6062
2128	4148	6065
2129	7740	6068
2130	8804	6071
2131	9178	6073
2132	4177	6076
2133	8981	6076
2134	8931	6077
2135	7775	6078
2136	8426	6087
2137	8920	6090
2138	6002	6094
2139	7621	6099
2140	9334	6100
2141	8591	6103
2142	9454	6105
2143	7219	4124
2144	7349	6129
2145	8560	6123
2146	9329	6129
2147	4085	6131

REQUESTS = 2500
1	2133	51	53	1	3	3
2	880	28	30	1	2	1
3	784	45	47	1	3	1
4	822	62	63	1	1	2
5	707	11	13	3	5	3
6	1511	31	34	1	1	1
7	631	47	49	3	5	1
8	1397	3	4	2	3	3
9	1361	31	34	3	2	2
10	334	49	51	2	2	1
11	431	41	43	3	2	1
12	884	64	66	3	5	1
13	1576	44	46	3	2	2
14	310	14	15	2	2	2
15	1839	58	60	2	5	3
16	1065	60	61	2	2	1
17	848	16	19	2	1	3
18	1155	16	17	2	2	2
19	936	2	3	1	3	2
20	824	55	57	2	2	3
21	2066	6	8	2	1	2
22	1734	51	53	3	2	1
23	456	37	39	2	4	1
24	716	30	33	1	4	3
25	1117	31	32	1	2	2
26	1050	1	3	2	2	1
27	1590	5	7	3	5	2
28	678	15	17	3	2	3
29	661	52	54	2	2	2
30	726	31	32	1	3	2
31	223	62	65	3	1	3
32	1235	36	38	2	1	2
33	33	37	40	1	1	2
34	122	66	69	3	5	1
35	212	22	25	3	4	3
36	1276	7	8	1	1	3
37	15	62	64	2	2	3
38	1068	70	73	2	1	2
39	835	8	10	2	3	3
40	649	35	38	2	5	3
41	2026	52	54	2	3	3
42	1236	8	11	3	1	2
43	862	58	61	2	1	1
44	1093	32	33	3	4	1
45	1916	55	56	3	5	3
46	165	29	31	3	2	2
47	1487	26	27	3	4	3
48	850	23	25	1	2	2
49	2096	66	69	2	5	3
50	1608	24	25	3	4	3
51	1625	23	26	3	5	2
52	1266	8	11	2	4	1
53	23	3	6	1	5	1
54	1962	22	24	3	1	3
55	1828	60	62	2	3	3
56	1727	19	21	2	5	2
57	659	1	3	3	2	1
58	1771	28	31	1	1	2
59	1100	49	52	2	3	1
60	1367	15	17	3	4	2
61	1212	23	26	2	5	3
62	1614	34	37	3	4	1
63	855	11	14	1	4	3
64	1194	36	39	3	1	3
65	538	39	42	3	3	1
66	1665	11	13	1	1	1
67	1121	65	67	2	4	3
68	1820	48	50	3	3	2
69	1400	30	31	2	4	1
70	2055	61	64	1	1	1
71	954	45	47	2	3	1
72	1039	48	49	3	2	2
73	1283	5	6	1	1	3
74	515	45	47	3	3	3
75	219	18	19	3	2	3
76	215	63	65	2	1	2
77	523	32	34	2	3	1
78	294	18	20	3	4	1
79	615	70	72	3	5	3
80	247	2	3	2	4	2
81	1347	32	33	2	2	3
82	834	4	7	2	3	3
83	1749	3	4	3	1	3
84	761	69	71	2	5	3
85	1969	32	35	1	5	3
86	681	49	50	3	1	2
87	703	12	15	2	3	2
88	521	64	67	1	1	2
89	1782	13	15	3	3	3
90	1538	45	48	2	5	3
91	1291	63	64	1	4	1
92	265	63	64	2	3	1
93	2059	21	23	1	3	1
94	1723	23	26	1	1	1
95	547	66	67	3	5	1
96	2102	21	23	1	1	1
97	1295	32	33	3	1	2
98	969	64	65	1	3	2
99	1637	46	48	2	1	2
100	113	27	30	2	5	1
101	564	69	72	1	2	1
102	32	20	22	2	3	1
103	411	66	67	2	3	1
104	63	53	56	1	2	1
105	658	48	49	3	3	2
106	1986	43	45	2	5	1
107	1943	7	10	3	1	1
108	1106	28	31	2	4	2
109	600	64	65	2	4	3
110	559	66	68	3	5	1
111	64	23	25	1	3	2
112	620	50	52	1	2	3
113	484	71	72	2	2	3
114	834	60	61	2	2	2
115	999	1	2	1	3	1
116	1977	67	68	2	3	3
117	1438	24	25	1	3	3
118	341	20	22	2	2	3
119	66	67	68	1	1	1
120	839	7	9	1	2	2
121	432	62	64	3	3	3
122	1634	57	59	1	3	3
123	1179	43	45	3	4	1
124	705	63	65	3	2	2
125	1229	53	55	3	3	2
126	1835	46	47	1	1	2
127	2022	60	63	1	3	1
128	936	42	45	3	3	2
129	1119	44	46	1	3	2
130	1153	61	62	1	1	1
131	1829	38	41	1	5	2
132	393	30	33	2	5	2
133	1134	18	21	1	2	3
134	496	8	9	1	4	2
135	470	17	19	2	1	1
136	806	10	13	3	4	1
137	622	57	59	2	1	2
138	1544	59	61	2	2	2
139	2144	31	32	3	4	3
140	1428	45	47	1	3	3
141	41	38	40	1	1	1
142	1187	13	14	1	5	2
143	1709	17	18	3	3	2
144	51	49	51	3	4	2
145	318	37	39	1	1	1
146	641	64	65	2	5	3
147	662	41	43	3	2	1
148	1638	47	49	2	5	2
149	2134	67	69	1	2	2
150	174	4	6	2	4	1
151	591	57	60	2	4	3
152	1619	5	6	1	4	3
153	2021	20	23	3	1	1
154	1692	44	46	2	3	2
155	1457	49	50	3	4	2
156	650	58	60	3	3	2
157	1357	19	21	3	1	3
158	370	25	27	3	4	1
159	298	30	33	2	5	2
160	414	46	48	2	2	1
161	1228	53	54	1	2	3
162	1754	11	14	3	1	3
163	1477	50	52	1	4	1
164	1480	33	36	3	1	2
165	1245	21	24	1	2	2
166	2130	35	37	3	2	3
167	572	23	24	2	1	2
168	1213	72	73	1	2	3
169	108	50	51	3	4	3
170	142	41	42	2	3	3
171	1020	10	13	1	1	3
172	2031	69	71	2	2	3
173	78	44	46	3	1	1
174	1175	27	29	2	5	2
175	1265	62	64	3	4	3
176	178	5	8	3	5	3
177	2079	62	63	3	5	2
178	1908	30	32	2	4	2
179	2120	46	49	2	1	2
180	1847	34	36	1	2	1
181	2000	29	31	2	4	2
182	169	46	49	1	2	2
183	1380	68	71	3	1	3
184	2049	20	21	2	1	1
185	1459	9	11	3	5	3
186	1800	66	68	1	3	3
187	2059	30	33	3	4	1
188	1532	55	57	3	2	3
189	1933	50	51	2	1	2
190	1671	17	19	3	3	3
191	1591	36	39	1	5	2
192	1670	34	36	2	4	3
193	355	50	53	2	4	3
194	200	23	26	1	5	3
195	408	42	43	3	5	1
196	695	14	17	2	5	1
197	1085	14	15	1	4	3
198	1262	71	72	3	2	1
199	121	30	33	2	1	3
200	137	70	72	2	4	3
201	74	46	49	1	1	1
202	367	49	52	3	4	3
203	968	37	39	3	4	1
204	1415	70	72	2	4	2
205	1918	11	13	1	1	2
206	661	68	70	3	2	3
207	965	9	11	2	1	2
208	606	51	54	2	4	1
209	2069	53	55	1	3	3
210	371	15	16	3	3	3
211	35	67	69	1	4	2
212	1253	10	13	2	4	2
213	584	9	10	2	1	2
214	1647	72	73	1	5	2
215	1654	2	5	2	2	1
216	2141	72	73	2	2	3
217	708	3	6	2	3	3
218	861	7	8	3	3	3
219	1959	10	11	3	1	3
220	621	23	25	3	5	1
221	1844	27	30	2	3	2
222	399	7	9	2	3	1
223	1009	23	25	2	3	1
224	1922	22	23	2	1	1
225	927	37	38	1	5	2
226	473	51	52	2	1	3
227	2107	56	58	2	1	2
228	1949	37	40	2	5	1
229	275	69	70	3	4	1
230	740	32	33	1	1	3
231	962	62	63	1	5	2
232	1448	35	38	1	4	2
233	1079	65	68	2	1	2
234	210	18	21	3	3	2
235	110	20	21	1	3	2
236	1610	64	65	2	3	3
237	2083	58	61	3	3	3
238	990	6	7	1	5	3
239	93	50	53	2	1	3
240	1230	45	48	1	3	1
241	1696	29	32	3	2	3
242	1422	28	31	3	2	1
243	1713	29	31	3	1	2
244	280	62	64	3	5	2
245	1903	11	12	3	1	2
246	1779	54	56	2	4	3
247	136	33	34	1	2	1
248	1279	64	66	1	2	1
249	2079	16	18	1	3	1
250	1191	8	11	2	3	1
251	2143	23	24	3	4	2
252	1860	33	34	2	1	1
253	1552	36	39	2	3	1
254	1407	72	74	1	1	3
255	466	60	61	3	4	1
256	1762	66	69	3	4	2
257	2081	66	69	2	3	2
258	1383	60	61	3	2	3
259	730	50	53	3	3	3
260	1022	66	69	2	4	3
261	2056	39	41	3	2	1
262	2017	4	5	2	1	3
263	1414	20	22	3	5	1
264	2005	7	10	3	4	1
265	522	38	41	3	5	3
266	1894	2	4	3	4	3
267	1606	20	23	2	2	2
268	340	44	47	3	4	1
269	881	73	74	1	4	1
270	868	51	54	3	3	1
271	1726	35	37	3	3	1
272	1509	41	44	2	4	1
273	1776	50	53	1	2	2
274	1940	2	5	2	2	3
275	1893	37	40	1	4	3
276	936	43	46	1	4	3
277	1917	4	6	3	4	2
278	606	35	36	3	5	1
279	964	2	3	3	2	2
280	581	27	29	1	2	3
281	195	65	67	2	1	3
282	1738	72	73	1	1	2
283	574	15	17	2	1	1
284	1807	57	59	1	4	2
285	897	23	25	2	1	2
286	306	25	28	2	5	1
287	711	21	24	3	1	2
288	776	48	49	2	2	3
289	2085	12	14	1	5	1
290	1180	8	10	1	4	3
291	1036	63	65	2	5	1
292	916	29	30	3	2	2
293	725	60	63	1	5	3
294	73	54	55	1	2	2
295	909	72	73	2	5	3
296	1224	5	6	2	3	1
297	1330	27	28	1	1	1
298	1898	61	62	1	2	3
299	1309	51	53	3	1	2
300	2033	17	20	1	4	3
301	1316	8	11	3	4	1
302	820	36	39	3	2	3
303	851	27	29	3	3	3
304	1410	40	42	3	3	3
305	937	18	19	1	5	1
306	147	50	51	2	5	3
307	868	8	9	1	5	2
308	1332	58	59	2	2	2
309	446	23	25	3	3	2
310	1130	12	15	2	3	3
311	168	7	10	2	1	2
312	1081	61	63	2	1	2
313	961	29	32	2	2	1
314	1099	15	16	3	4	2
315	1372	14	17	2	2	1
316	238	61	64	3	2	1
317	714	51	53	1	2	3
318	1181	68	69	2	5	3
319	1500	17	20	2	5	1
320	1194	14	15	1	5	2
321	692	24	25	1	3	2
322	2137	2	3	3	4	2
323	1182	16	19	3	5	2
324	1483	61	64	1	1	3
325	194	68	70	2	5	1
326	1721	54	57	3	2	3
327	1449	14	15	2	4	2
328	1854	51	54	3	1	2
329	318	56	59	1	5	2
330	2026	8	9	1	1	2
331	1426	50	52	3	5	1
332	994	33	35	3	5	1
333	915	45	48	2	1	2
334	1664	41	44	2	2	1
335	505	42	45	3	2	1
336	1522	22	25	3	5	2
337	1028	4	7	1	3	2
338	45	12	13	2	2	1
339	221	70	73	1	2	3
340	635	65	66	1	2	3
341	1264	66	67	3	2	1
342	1615	12	13	1	1	3
343	620	60	61	2	5	2
344	698	38	40	3	5	2
345	1239	7	10	1	4	3
346	220	54	56	1	4	3
347	213	60	62	3	5	3
348	486	47	50	1	3	3
349	1063	37	39	1	2	3
350	798	39	41	2	2	2
351	1722	30	31	3	3	2
352	684	35	38	2	2	3
353	1307	4	5	2	3	2
354	2092	31	33	1	2	2
355	37	37	38	1	4	3
356	553	56	57	3	2	3
357	1655	11	14	1	4	1
358	919	68	69	3	1	1
359	560	9	11	1	4	2
360	274	26	29	2	4	2
361	1383	10	11	2	3	2
362	1764	1	3	1	2	1
363	1027	39	41	2	5	2
364	587	2	4	2	5	2
365	499	43	44	3	4	2
366	24	23	24	3	1	2
367	1217	71	72	1	5	1
368	1096	63	65	3	1	2
369	920	11	12	3	3	3
370	1111	34	35	3	4	2
371	1498	42	43	2	1	3
372	807	41	42	2	4	1
373	2098	58	60	3	1	2
374	509	29	30	2	4	2
375	736	46	47	1	2	2
376	1790	35	37	3	1	2
377	2142	55	56	2	1	2
378	1578	48	50	2	4	2
379	1321	15	18	1	3	1
380	1668	48	49	2	4	1
381	518	63	64	3	2	3
382	1178	68	69	2	4	3
383	1797	60	62	1	4	2
384	1248	36	38	2	5	2
385	1277	22	24	1	2	1
386	1631	63	64	2	1	1
387	1406	41	43	2	4	3
388	1034	61	64	1	5	3
389	2071	48	49	2	3	1
390	362	24	26	2	2	2
391	1031	50	53	3	5	1
392	424	71	74	1	4	2
393	1658	14	17	3	5	3
394	887	59	60	1	2	2
395	442	12	14	3	2	1
396	404	52	55	3	3	2
397	934	13	15	2	1	1
398	87	27	29	3	4	2
399	1819	30	32	1	1	1
400	322	1	2	1	4	1
401	201	50	51	2	4	3
402	1390	32	33	2	3	1
403	197	17	18	3	1	1
404	1336	5	7	3	5	2
405	1029	5	8	2	4	2
406	932	59	61	2	3	3
407	1468	49	52	2	2	1
408	531	35	36	1	2	3
409	457	9	10	3	1	2
410	1090	6	7	2	2	2
411	1877	41	43	1	2	3
412	323	28	31	1	4	1
413	1952	68	70	2	3	1
414	1353	47	49	1	2	2
415	1830	15	17	2	1	3
416	1994	64	65	2	3	1
417	1778	67	70	3	5	2
418	2076	37	38	2	2	2
419	57	38	40	2	4	3
420	2112	49	51	2	4	3
421	1640	24	26	2	5	1
422	512	68	71	2	5	2
423	1445	45	47	3	2	3
424	2125	48	49	2	2	2
425	346	56	58	3	2	2
426	1814	39	42	1	2	2
427	1399	37	39	1	4	3
428	2050	23	26	3	3	2
429	468	57	60	1	2	3
430	102	11	12	2	1	3
431	1113	66	69	2	4	3
432	1177	40	41	3	2	3
433	234	39	41	3	4	3
434	1847	5	6	1	2	2
435	1811	6	9	2	3	1
436	929	67	68	3	4	1
437	1759	41	42	1	2	3
438	1946	38	41	3	4	3
439	1227	7	8	1	5	3
440	166	45	47	3	5	1
441	485	63	65	1	1	2
442	1237	4	6	2	3	3
443	1681	2	5	1	2	2
444	1441	24	27	2	3	1
445	143	36	39	2	1	3
446	572	47	49	1	3	1
447	1907	65	66	3	2	1
448	1537	15	16	2	4	3
449	39	25	27	2	2	3
450	818	31	32	2	1	2
451	2018	67	68	2	1	1
452	339	17	20	3	5	2
453	809	12	15	2	2	3
454	1887	27	28	2	4	1
455	1700	49	50	1	1	1
456	1365	30	31	3	4	2
457	1958	50	52	2	3	3
458	133	54	57	1	4	3
459	1458	36	39	3	5	3
460	1671	70	71	3	2	1
461	2052	41	43	1	4	3
462	1512	7	10	2	5	2
463	577	14	17	1	1	3
464	464	34	35	1	1	2
465	320	26	29	3	2	2
466	539	13	16	3	5	3
467	1275	59	61	3	5	2
468	2106	52	54	2	3	3
469	546	13	14	1	2	3
470	1676	17	18	2	4	2
471	1080	29	30	1	1	2
472	548	10	13	2	4	3
473	1521	24	27	2	2	1
474	2053	16	18	3	3	2
475	902	56	57	1	5	1
476	1468	50	53	3	5	1
477	403	45	46	2	1	3
478	1675	10	13	2	1	3
479	2095	39	41	2	2	2
480	944	39	40	2	5	3
481	1633	31	32	1	4	2
482	1409	52	53	3	3	3
483	1529	47	50	2	4	2
484	1414	53	55	3	4	3
485	3	59	61	1	2	2
486	1733	33	34	3	2	3
487	1995	7	8	1	3	3
488	155	30	31	2	5	3
489	1813	62	63	1	4	2
490	1190	18	20	2	1	2
491	72	14	15	3	5	1
492	1988	5	7	2	2	2
493	2045	21	24	1	5	2
494	1344	63	65	1	2	2
495	939	63	64	1	5	3
496	353	33	35	1	4	3
497	335	56	59	3	3	2
498	960	6	8	3	5	1
499	1755	4	7	1	1	3
500	230	63	65	3	1	1
501	1650	3	6	3	3	3
502	469	15	18	1	3	3
503	1766	5	7	2	3	3
504	85	30	33	1	5	1
505	1989	64	65	3	4	3
506	571	22	24	3	2	1
507	1368	57	60	3	3	1
508	521	18	20	3	1	3
509	1997	8	9	2	3	1
510	1060	22	24	2	5	2
511	258	16	18	2	2	3
512	1786	52	54	2	1	1
513	1691	42	45	3	4	2
514	330	18	19	3	3	3
515	669	38	39	2	2	1
516	1903	24	27	3	3	1
517	739	10	11	2	1	2
518	448	44	47	3	1	3
519	145	59	60	1	4	2
520	710	15	18	1	5	1
521	1024	9	12	1	5	3
522	98	23	25	2	4	2
523	1360	41	42	3	4	1
524	1124	36	38	2	3	2
525	289	65	68	2	1	2
526	995	39	40	3	5	2
527	1594	6	7	2	5	2
528	2074	36	38	1	3	2
529	1574	61	62	3	1	2
530	384	23	24	1	3	1
531	478	70	73	1	2	2
532	534	23	26	1	1	1
533	488	3	4	1	3	2
534	1215	16	19	2	2	3
535	1434	19	21	3	3	1
536	1322	45	47	1	1	1
537	1535	4	6	1	1	1
538	1413	11	13	2	2	2
539	278	62	65	2	3	2
540	1912	67	69	3	5	2
541	1678	38	41	1	3	2
542	483	50	51	2	3	3
543	1320	25	26	2	5	1
544	1032	20	21	1	1	3
545	2091	11	12	3	2	2
546	218	5	8	1	5	2
547	1023	3	6	3	2	2
548	1934	23	24	1	1	3
549	390	53	55	1	4	3
550	418	35	38	1	5	2
551	886	7	8	1	1	3
552	2072	9	12	1	2	2
553	1504	65	67	2	2	1
554	764	66	69	2	4	3
555	332	26	29	2	5	3
556	2027	31	32	2	4	1
557	1430	60	62	3	3	2
558	486	55	56	3	3	1
559	1415	65	68	1	1	3
560	441	34	36	2	3	2
561	640	64	67	3	3	3
562	1512	61	63	2	5	2
563	1265	2	4	1	2	1
564	1864	50	51	3	4	1
565	2051	21	23	3	5	1
566	1469	14	16	2	4	2
567	616	7	8	3	1	3
568	1069	6	8	2	3	2
569	1862	36	37	2	5	3
570	2040	18	19	3	1	1
571	71	49	52	2	1	1
572	495	3	5	1	5	1
573	943	35	37	3	5	1
574	2000	56	58	3	3	2
575	1908	19	22	2	2	3
576	547	29	30	2	3	2
577	1170	55	57	3	5	1
578	890	40	43	1	1	3
579	1366	66	69	3	3	1
580	480	11	12	1	5	2
581	2057	31	34	3	5	2
582	189	37	38	1	2	3
583	97	36	37	1	2	2
584	1857	59	61	3	1	3
585	2078	59	60	1	2	2
586	1760	24	27	2	1	3
587	1605	25	28	2	2	1
588	1508	48	51	1	4	3
589	7	31	32	3	1	2
590	976	1	2	1	4	1
591	1302	49	52	3	4	3
592	1801	48	51	2	5	3
593	81	16	17	2	2	3
594	1575	1	4	1	4	2
595	567	59	61	1	2	2
596	99	72	74	1	2	1
597	1508	55	58	3	2	1
598	1944	1	4	2	3	2
599	579	27	30	3	3	3
600	445	54	55	3	3	3
601	872	3	5	3	1	1
602	2036	23	25	1	2	1
603	1168	63	64	2	3	2
604	626	14	17	2	3	1
605	1158	68	70	1	1	1
606	1669	6	9	2	1	3
607	1284	42	44	2	5	1
608	404	37	38	2	2	2
609	817	42	45	1	1	2
610	1739	7	10	1	2	1
611	342	4	6	2	3	3
612	1846	2	4	3	5	3
613	83	34	35	3	2	1
614	1587	47	49	1	2	3
615	359	4	7	3	5	3
616	226	20	23	3	1	3
617	1065	51	54	1	5	1
618	377	8	10	3	3	2
619	1795	13	15	1	3	2
620	1971	31	32	3	1	2
621	813	32	33	1	2	1
622	2117	18	20	2	1	1
623	1148	42	45	2	5	1
624	1837	15	17	3	2	2
625	103	39	42	3	3	2
626	79	24	27	3	5	3
627	671	73	74	1	2	2
628	1444	4	6	2	3	2
629	608	48	50	1	1	1
630	993	2	3	2	5	3
631	1928	61	64	3	5	1
632	524	41	44	3	1	1
633	1551	47	49	3	1	2
634	2024	50	51	3	1	1
635	595	7	9	1	3	3
636	2	14	15	3	2	3
637	291	25	26	1	5	2
638	1193	73	74	1	1	1
639	610	59	62	1	3	3
640	433	53	56	2	1	2
641	941	68	70	1	2	3
642	12	31	34	3	1	3
643	1017	12	13	1	4	3
644	224	40	43	2	5	2
645	704	63	64	1	4	2
646	1865	70	73	1	3	3
647	762	63	66	2	4	3
648	617	19	21	1	1	3
649	1841	30	32	1	2	1
650	1951	48	51	3	1	3
651	1176	17	19	3	1	3
652	205	23	24	3	1	2
653	21	30	31	1	4	2
654	1237	43	45	3	4	2
655	2116	19	22	1	3	3
656	313	63	66	3	5	3
657	2103	33	34	3	2	1
658	717	57	58	1	2	2
659	237	5	6	2	4	1
660	154	50	52	3	3	2
661	1300	52	53	2	2	2
662	1156	52	54	2	1	3
663	1272	30	33	2	4	1
664	295	46	47	3	1	2
665	1789	22	24	2	2	2
666	1098	68	70	3	4	3
667	1998	43	45	1	5	3
668	894	5	8	1	2	3
669	2080	18	19	1	1	1
670	377	29	32	1	1	2
671	814	26	29	1	2	3
672	1937	10	11	1	2	1
673	1475	59	62	1	4	2
674	114	27	30	1	2	2
675	651	68	71	3	2	3
676	1747	46	47	2	3	1
677	1160	38	41	2	4	3
678	101	57	60	1	3	1
679	1367	62	63	2	4	2
680	227	22	24	2	5	1
681	164	14	16	3	5	3
682	165	21	23	3	5	3
683	1923	6	9	3	5	3
684	1507	65	66	3	1	2
685	208	39	40	3	2	3
686	613	68	70	1	1	1
687	992	6	7	2	3	1
688	1183	15	16	1	4	1
689	1818	23	25	2	3	2
690	686	70	73	1	3	1
691	633	25	28	3	4	1
692	819	54	57	3	2	2
693	1059	32	35	2	4	2
694	329	53	55	3	4	3
695	1770	61	64	1	4	3
696	1499	36	39	2	2	2
697	1310	55	58	2	4	2
698	453	41	43	1	2	1
699	1202	67	69	3	3	3
700	854	3	5	1	2	2
701	753	69	72	2	4	2
702	1125	64	67	1	4	2
703	1133	30	32	1	1	1
704	697	67	69	3	2	2
705	1673	8	9	1	5	3
706	130	29	30	1	5	3
707	1641	6	7	3	1	3
708	1621	53	54	2	1	1
709	716	65	68	2	4	1
710	1930	54	55	1	1	2
711	1256	13	14	2	4	2
712	1080	63	65	2	5	2
713	1510	13	15	3	5	1
714	1876	7	9	3	1	1
715	1682	16	19	3	3	2
716	438	18	20	1	5	1
717	287	18	20	2	3	2
718	343	69	70	2	1	3
719	277	29	32	2	1	1
720	1340	67	70	1	1	2
721	91	19	20	2	5	1
722	618	3	4	2	1	2
723	2035	50	53	3	2	2
724	1350	4	5	3	4	1
725	1961	5	6	1	1	2
726	1189	63	64	1	4	3
727	1672	40	41	1	3	1
728	120	46	48	1	5	3
729	2140	5	7	1	2	1
730	1002	8	10	1	4	2
731	2118	19	20	2	5	3
732	672	17	18	3	2	2
733	348	65	67	1	5	3
734	970	20	23	3	4	3
735	127	70	73	1	3	2
736	1356	39	41	1	3	2
737	1585	7	10	2	4	2
738	494	15	16	1	4	3
739	736	64	67	2	1	3
740	105	7	8	1	4	1
741	1370	67	69	2	2	1
742	1642	3	6	3	5	1
743	255	33	36	1	3	1
744	795	42	44	2	2	1
745	1348	6	8	1	1	2
746	304	53	55	2	5	3
747	689	3	5	3	3	2
748	1008	31	32	3	5	2
749	542	46	48	2	3	2
750	1021	40	43	1	4	3
751	605	49	52	3	4	3
752	1198	51	53	1	4	3
753	1571	51	54	1	3	2
754	931	32	35	3	5	3
755	50	46	47	1	1	1
756	1896	11	14	2	2	1
757	792	2	4	2	4	2
758	683	14	17	3	4	3
759	150	42	45	3	3	1
760	1269	51	53	3	3	1
761	317	45	47	1	5	1
762	48	55	56	3	4	2
763	990	31	33	3	3	1
764	1790	44	46	3	2	2
765	388	41	44	2	2	1
766	1531	58	61	3	5	3
767	567	27	28	1	3	2
768	1752	57	60	2	4	2
769	1109	45	47	3	4	3
770	918	69	71	2	5	3
771	1055	9	10	1	3	1
772	1384	17	18	3	2	2
773	561	61	63	2	1	2
774	629	68	71	3	3	1
775	42	62	63	2	4	1
776	1041	72	73	2	3	3
777	1661	29	30	1	1	3
778	34	5	7	1	1	2
779	842	30	33	1	3	3
780	867	34	36	1	4	1
781	900	4	5	1	1	3
782	1855	48	49	3	2	1
783	569	2	3	2	4	3
784	1688	51	54	1	2	2
785	1043	14	17	3	3	2
786	418	61	63	1	1	3
787	1569	29	32	1	2	3
788	582	58	60	2	1	3
789	682	27	28	3	1	3
790	611	73	74	1	2	3
791	520	54	57	1	3	2
792	1758	19	20	3	5	1
793	1400	61	63	1	2	2
794	1210	53	56	3	2	1
795	1298	39	41	1	3	3
796	1523	68	71	1	2	2
797	688	63	64	1	3	3
798	875	46	48	1	2	2
799	648	51	52	1	5	2
800	1287	39	40	2	3	2
801	1343	42	43	2	1	3
802	1724	46	48	3	5	1
803	1042	30	32	1	5	3
804	1646	44	45	1	5	2
805	517	53	54	2	2	1
806	769	18	19	1	2	2
807	1411	21	23	2	5	3
808	1323	37	40	2	1	1
809	1497	38	41	1	1	1
810	1385	10	13	2	1	3
811	2147	23	26	3	4	3
812	895	12	13	1	3	1
813	1157	51	52	2	4	1
814	1853	54	55	1	3	2
815	1832	1	2	3	1	2
816	159	65	66	3	2	3
817	121	25	26	3	4	3
818	1476	40	43	2	2	1
819	43	42	45	1	1	1
820	451	35	37	1	2	1
821	138	6	8	1	5	2
822	846	17	19	1	5	3
823	2136	48	50	3	5	1
824	2029	38	39	1	5	1
825	281	37	39	3	2	2
826	1540	2	4	2	2	2
827	525	45	48	2	4	3
828	563	14	17	2	4	3
829	1183	29	32	3	1	1
830	893	21	23	1	2	3
831	1852	59	60	2	4	3
832	1827	36	39	1	2	3
833	1097	66	68	2	3	3
834	1732	1	4	1	1	2
835	1328	10	11	3	2	1
836	555	36	38	3	3	1
837	1602	24	27	1	4	3
838	2090	42	43	3	3	3
839	569	10	13	1	4	2
840	244	63	66	3	2	3
841	1972	59	61	2	5	1
842	267	63	65	2	5	2
843	1593	3	4	3	4	3
844	457	21	23	2	1	2
845	578	32	35	3	5	2
846	1582	69	72	1	4	3
847	759	13	14	3	4	1
848	1907	40	43	3	3	1
849	2045	53	54	3	5	3
850	1415	71	72	2	3	1
851	233	27	28	2	5	3
852	417	3	6	3	4	2
853	1062	49	52	1	5	1
854	2077	49	52	2	3	3
855	1141	22	23	2	3	2
856	324	13	14	3	2	3
857	840	30	31	1	1	2
858	1683	42	44	3	5	1
859	1825	67	69	3	5	3
860	1046	36	37	2	1	1
861	1171	44	46	3	3	1
862	344	62	64	1	3	2
863	1659	2	4	2	2	3
864	984	52	54	2	5	1
865	232	12	15	1	4	1
866	1592	21	22	3	2	2
867	1549	20	23	2	5	3
868	386	30	31	1	5	2
869	612	35	37	3	3	1
870	303	50	51	2	1	1
871	1358	50	53	1	4	3
872	597	49	52	3	3	2
873	1290	28	31	2	4	2
874	639	65	68	3	2	1
875	1436	3	4	3	3	2
876	804	69	71	2	1	3
877	299	38	40	1	3	1
878	36	42	43	1	3	3
879	1513	4	7	1	4	1
880	269	27	30	2	1	3
881	1929	38	39	3	2	3
882	2094	52	54	2	1	2
883	1074	6	9	2	1	1
884	1882	32	35	2	4	3
885	643	39	41	1	2	1
886	1847	42	44	3	5	3
887	443	42	45	2	5	1
888	1985	60	62	2	5	3
889	636	33	34	3	2	3
890	1742	57	59	3	5	2
891	1627	50	52	3	3	2
892	86	2	5	3	4	3
893	155	73	74	1	4	3
894	1218	43	45	3	5	1
895	1979	46	49	3	5	1
896	1377	31	33	3	2	3
897	1644	52	54	2	5	1
898	1883	62	64	2	3	2
899	602	20	23	2	4	3
900	209	43	44	2	2	1
901	1502	54	56	1	4	1
902	912	68	69	1	5	3
903	1515	61	64	2	5	3
904	1796	53	56	3	5	1
905	1748	62	65	2	3	3
906	1106	63	66	2	1	3
907	1493	27	28	1	5	3
908	1689	46	48	2	4	3
909	940	48	49	3	2	3
910	1911	56	58	1	5	3
911	891	56	57	2	1	3
912	372	16	17	2	1	3
913	985	59	62	1	2	2
914	532	10	11	2	2	2
915	211	27	28	2	5	1
916	914	36	38	2	3	1
917	1299	66	68	3	1	2
918	1357	58	59	3	4	1
919	280	9	11	2	3	2
920	1232	39	42	3	5	3
921	1816	25	27	3	2	2
922	763	10	11	3	1	3
923	982	21	22	2	2	1
924	2088	69	72	1	1	1
925	1298	64	66	1	3	2
926	1496	22	23	2	5	1
927	1013	40	43	2	2	1
928	1408	10	12	3	1	1
929	1278	16	18	2	3	3
930	471	42	44	3	1	2
931	1082	32	33	2	4	1
932	959	54	56	2	2	1
933	770	55	57	1	3	1
934	1497	47	49	1	3	3
935	630	54	57	3	5	1
936	552	15	17	2	4	2
937	362	71	73	1	5	2
938	676	26	28	2	3	3
939	2121	52	54	1	2	2
940	1591	57	60	1	4	2
941	599	43	46	2	1	2
942	2093	63	66	2	5	1
943	235	63	64	3	2	3
944	995	64	67	2	3	2
945	1314	54	55	2	3	2
946	1775	45	47	2	2	3
947	1127	31	34	2	2	3
948	1008	57	58	1	5	1
949	1132	41	44	2	1	3
950	2105	35	36	2	3	2
951	508	47	48	3	5	3
952	2110	19	22	2	5	3
953	263	65	68	2	4	2
954	834	54	56	1	3	3
955	658	13	16	1	2	1
956	2123	43	45	1	3	2
957	1163	45	48	2	4	2
958	1677	49	51	3	1	3
959	1232	68	71	3	1	3
960	1215	50	53	3	2	1
961	31	37	38	1	5	3
962	1110	57	59	2	5	1
963	376	43	46	2	3	1
964	2030	7	10	2	4	1
965	1325	18	21	3	4	2
966	1936	28	30	3	1	1
967	1667	69	70	3	5	1
968	986	47	49	1	2	1
969	1139	7	8	2	4	1
970	574	17	19	3	2	1
971	1114	58	60	1	2	1
972	1451	29	32	2	4	1
973	1826	1	2	2	5	3
974	193	17	20	1	5	3
975	1423	40	43	3	5	2
976	1579	17	19	3	3	1
977	932	3	4	3	5	1
978	1066	61	62	1	4	2
979	128	63	66	3	5	3
980	1557	45	48	3	1	3
981	2105	49	52	1	5	1
982	1735	72	73	2	1	3
983	1236	49	51	1	4	3
984	743	40	42	2	4	1
985	813	67	69	3	2	2
986	931	44	47	3	3	3
987	2058	62	64	1	2	2
988	901	12	15	2	5	1
989	1534	59	61	3	4	3
990	1086	3	6	3	1	1
991	1320	65	66	2	4	2
992	1129	3	5	3	4	1
993	1416	70	72	1	2	2
994	2009	39	41	1	1	1
995	2003	22	24	3	5	1
996	10	9	12	2	1	1
997	2124	59	60	1	4	1
998	306	13	15	2	1	2
999	825	40	43	1	2	3
1000	1233	55	56	1	3	3
1001	1447	35	38	1	1	1
1002	1518	48	49	2	1	1
1003	135	35	38	1	5	1
1004	222	48	51	1	5	3
1005	2025	47	50	1	1	2
1006	1201	48	51	1	2	3
1007	1335	39	41	3	3	1
1008	1011	56	57	1	4	3
1009	1564	27	28	3	5	1
1010	385	37	38	3	3	2
1011	933	33	34	3	4	3
1012	830	52	55	3	5	3
1013	893	50	52	3	1	2
1014	1838	39	41	2	4	1
1015	271	27	30	1	5	2
1016	145	51	52	1	2	3
1017	1293	36	38	1	3	2
1018	841	66	69	1	4	1
1019	623	28	30	2	1	2
1020	249	36	37	1	2	1
1021	498	69	72	3	5	3
1022	789	35	38	3	4	1
1023	1663	14	17	2	4	3
1024	49	22	25	2	5	2
1025	357	38	39	1	3	1
1026	1307	8	11	1	5	3
1027	634	65	68	1	2	2
1028	1791	3	6	1	3	3
1029	270	67	69	2	5	2
1030	1246	55	56	2	3	1
1031	570	29	30	3	5	3
1032	1873	43	45	2	5	1
1033	8	2	3	2	5	3
1034	1805	16	18	3	5	3
1035	283	13	14	1	2	3
1036	1470	63	65	1	5	2
1037	1720	12	13	1	2	1
1038	1947	59	61	2	5	2
1039	588	22	24	1	5	1
1040	1171	14	15	3	4	3
1041	1947	66	69	1	5	2
1042	1222	24	26	3	5	3
1043	1558	60	61	3	3	2
1044	1331	33	35	3	3	1
1045	1708	22	24	2	2	3
1046	68	34	36	3	1	1
1047	239	36	38	1	3	1
1048	1599	66	69	2	5	1
1049	516	69	70	3	1	1
1050	2122	11	13	2	4	2
1051	585	42	44	1	5	2
1052	504	23	25	2	2	3
1053	656	8	10	1	3	1
1054	1603	33	35	3	1	2
1055	124	26	27	3	3	3
1056	1559	36	38	2	3	1
1057	253	47	50	2	1	1
1058	54	32	34	1	4	3
1059	1491	57	60	2	1	1
1060	988	14	16	3	4	2
1061	421	59	62	1	5	3
1062	628	12	15	1	3	2
1063	440	64	67	3	5	3
1064	462	29	31	1	1	3
1065	1313	25	27	3	5	1
1066	1188	3	4	3	3	3
1067	30	54	56	3	4	2
1068	463	68	70	1	2	2
1069	1312	42	45	1	1	3
1070	821	34	37	1	3	1
1071	2009	27	29	1	3	3
1072	1783	70	71	3	2	1
1073	320	40	43	3	1	1
1074	1941	47	48	2	5	3
1075	1007	35	38	3	1	2
1076	28	8	9	1	1	1
1077	1126	61	63	1	4	3
1078	1875	51	52	1	4	1
1079	1169	50	52	1	2	1
1080	84	27	29	3	3	3
1081	1398	60	63	3	3	2
1082	1289	43	44	1	4	3
1083	1690	52	55	1	3	1
1084	1744	43	45	2	4	1
1085	1675	13	14	3	5	1
1086	878	23	24	2	1	2
1087	2079	71	72	3	3	1
1088	9	22	23	3	2	3
1089	406	23	26	3	2	2
1090	400	2	4	3	1	3
1091	1376	20	22	2	1	2
1092	1274	44	47	2	5	1
1093	1889	59	61	2	1	1
1094	1518	35	38	2	5	1
1095	1185	71	72	3	1	3
1096	2068	24	26	3	5	1
1097	1572	52	54	2	4	2
1098	1956	39	41	3	1	1
1099	427	3	4	1	2	2
1100	199	12	14	3	4	1
1101	1808	42	45	2	3	2
1102	497	34	35	1	4	1
1103	1741	10	12	2	1	1
1104	607	24	25	3	3	3
1105	1952	2	4	3	3	2
1106	1194	36	39	1	5	2
1107	1596	50	52	2	2	1
1108	1987	58	61	2	2	3
1109	735	62	65	1	1	1
1110	514	42	43	1	4	2
1111	1417	47	49	2	1	3
1112	1948	68	71	1	1	1
1113	554	29	30	3	3	2
1114	1926	41	43	1	1	2
1115	6	60	62	3	1	2
1116	1719	44	46	1	5	2
1117	1518	3	6	1	4	2
1118	1957	44	46	3	2	3
1119	1913	63	66	2	1	2
1120	953	60	63	1	4	3
1121	292	48	50	1	5	1
1122	1871	3	5	2	5	1
1123	1328	56	58	2	2	2
1124	1604	12	14	3	2	1
1125	558	69	71	3	5	1
1126	1055	13	15	2	5	1
1127	412	25	27	2	3	1
1128	65	11	12	2	4	2
1129	1904	65	67	1	5	1
1130	647	62	65	1	4	1
1131	1368	62	65	3	1	3
1132	1643	28	31	2	4	1
1133	282	41	44	3	3	2
1134	2100	40	41	3	3	3
1135	250	58	60	1	3	2
1136	687	12	14	3	1	3
1137	875	59	62	2	5	3
1138	1333	35	38	1	3	2
1139	394	51	52	3	3	3
1140	1323	28	29	1	2	3
1141	2012	42	44	1	3	3
1142	1146	41	42	3	3	2
1143	1945	25	27	2	4	2
1144	1630	6	7	3	1	2
1145	749	38	41	3	4	2
1146	1026	65	67	1	5	2
1147	2138	57	58	2	3	2
1148	1140	46	48	1	1	2
1149	290	61	64	1	3	1
1150	666	23	26	1	4	3
1151	1465	27	29	2	5	2
1152	694	2	5	2	1	2
1153	364	47	50	3	2	1
1154	1203	48	51	1	5	2
1155	644	33	36	1	1	1
1156	1136	33	35	2	5	1
1157	1186	35	36	2	2	3
1158	541	4	7	3	4	2
1159	1901	18	20	2	2	2
1160	2065	42	44	2	2	2
1161	1129	10	13	1	5	3
1162	1401	18	21	2	5	2
1163	1001	29	30	3	5	1
1164	92	68	69	2	1	2
1165	544	9	11	1	1	2
1166	1012	53	56	3	2	2
1167	1905	48	50	1	1	2
1168	1387	28	31	2	2	1
1169	728	35	37	2	4	1
1170	598	49	50	1	5	3
1171	1402	21	23	3	1	3
1172	1228	68	70	1	1	1
1173	1694	40	43	3	1	1
1174	799	3	6	2	2	3
1175	279	25	27	3	5	2
1176	852	42	44	3	4	3
1177	18	48	50	2	4	2
1178	1154	5	7	2	3	2
1179	1765	37	38	1	4	2
1180	1895	67	69	3	3	2
1181	1718	46	48	2	3	1
1182	565	41	42	1	3	1
1183	713	39	40	3	4	2
1184	1618	27	30	3	1	2
1185	816	65	67	2	3	2
1186	268	29	30	1	1	3
1187	1826	41	43	1	3	2
1188	802	23	26	3	4	2
1189	1261	62	65	3	5	3
1190	453	46	47	2	5	1
1191	1269	13	16	1	1	3
1192	573	13	15	3	3	2
1193	1172	52	55	2	5	3
1194	2127	28	31	2	2	1
1195	928	10	12	3	5	1
1196	1745	56	58	3	4	1
1197	1273	33	36	1	1	2
1198	899	30	33	3	3	1
1199	1866	66	67	3	5	2
1200	511	34	36	1	2	1
1201	257	42	44	3	2	1
1202	1960	3	6	2	2	3
1203	479	2	4	2	2	2
1204	175	43	46	1	1	2
1205	815	25	26	3	1	2
1206	240	7	9	2	5	3
1207	889	37	40	2	3	2
1208	1863	56	57	1	3	3
1209	1024	32	34	2	2	1
1210	1215	38	40	3	3	3
1211	910	33	34	1	1	2
1212	140	3	4	2	1	2
1213	1149	57	58	2	4	1
1214	1072	17	19	3	5	2
1215	1563	38	39	3	2	1
1216	2044	34	36	1	1	2
1217	380	42	44	3	3	3
1218	904	59	62	1	2	2
1219	233	27	28	1	4	2
1220	1163	64	66	3	3	3
1221	1784	70	73	2	2	3
1222	1451	6	8	3	1	3
1223	179	48	49	2	3	3
1224	2023	34	35	1	4	2
1225	2084	54	56	1	5	2
1226	1703	21	22	3	5	2
1227	2016	42	43	3	4	3
1228	1460	59	61	1	3	2
1229	439	30	33	2	3	1
1230	2146	24	27	3	1	3
1231	428	35	36	3	3	3
1232	116	60	63	3	3	1
1233	713	38	40	2	1	2
1234	308	21	22	3	4	1
1235	1993	47	50	2	5	3
1236	1360	30	32	2	3	1
1237	721	10	13	2	5	1
1238	698	30	33	1	1	1
1239	768	56	58	1	5	1
1240	601	43	44	1	1	3
1241	1646	45	47	1	2	2
1242	374	46	49	2	3	3
1243	922	52	55	2	3	2
1244	2113	17	19	2	5	2
1245	1052	46	49	1	4	2
1246	1494	2	3	2	2	2
1247	587	55	58	2	3	1
1248	4	14	15	2	3	2
1249	1257	51	53	3	5	3
1250	1054	27	30	3	3	1
1251	706	20	21	1	2	2
1252	478	2	5	1	3	2
1253	2126	38	39	1	3	3
1254	2034	23	26	3	2	3
1255	172	47	50	2	2	2
1256	2007	12	14	3	1	1
1257	921	36	39	2	3	2
1258	690	31	34	2	4	2
1259	1345	12	14	2	4	2
1260	746	18	19	2	2	3
1261	1392	21	23	3	4	2
1262	206	28	29	1	5	3
1263	709	58	61	1	5	1
1264	583	65	67	3	1	2
1265	1091	52	54	1	3	1
1266	1015	47	49	2	3	3
1267	118	41	44	1	1	2
1268	1492	27	28	3	1	2
1269	1142	54	56	1	5	2
1270	645	59	61	3	3	1
1271	1550	69	72	2	2	1
1272	1214	44	46	3	2	1
1273	1869	1	4	3	4	2
1274	1666	3	6	3	1	3
1275	1533	16	19	3	3	3
1276	1696	23	26	1	3	1
1277	1570	7	9	3	1	1
1278	27	7	8	2	2	3
1279	1584	1	3	1	1	3
1280	627	64	66	2	5	2
1281	1939	43	46	2	2	3
1282	426	15	16	1	2	1
1283	869	41	42	3	3	2
1284	1490	29	31	3	5	2
1285	1381	63	64	2	3	3
1286	297	6	9	1	2	1
1287	1623	13	15	3	5	1
1288	1339	35	36	2	4	2
1289	477	10	13	2	2	3
1290	1967	32	34	3	4	3
1291	1567	11	14	2	4	1
1292	460	44	46	2	5	1
1293	614	13	15	1	2	2
1294	467	61	64	3	4	1
1295	53	22	25	3	3	3
1296	2131	43	45	2	4	1
1297	1628	38	39	1	1	2
1298	1089	69	71	3	5	3
1299	755	16	19	1	3	3
1300	1061	4	6	2	4	2
1301	25	27	29	2	4	1
1302	1481	55	57	1	5	3
1303	2018	9	11	3	5	1
1304	2041	22	25	1	1	1
1305	36	7	8	1	3	3
1306	879	5	8	3	5	2
1307	1621	47	48	2	1	3
1308	741	49	51	3	1	2
1309	1874	35	38	1	3	2
1310	70	13	15	2	5	3
1311	1241	15	16	3	1	2
1312	1561	56	59	3	2	3
1313	170	34	36	3	5	2
1314	1445	21	22	3	2	3
1315	1704	71	74	1	1	1
1316	751	60	61	1	5	2
1317	1680	39	42	2	2	2
1318	833	40	43	3	1	2
1319	877	70	73	2	5	3
1320	1855	18	21	2	5	2
1321	1498	32	35	1	4	2
1322	1978	32	35	3	5	1
1323	58	62	65	3	4	2
1324	1701	34	37	3	2	1
1325	365	5	8	2	4	2
1326	1942	20	21	2	3	2
1327	476	47	50	2	3	3
1328	1687	46	49	1	2	3
1329	648	36	39	3	2	3
1330	1802	64	65	1	5	3
1331	314	39	42	2	4	3
1332	1836	23	24	2	3	1
1333	712	14	17	1	2	2
1334	461	44	46	3	4	3
1335	653	38	40	1	2	3
1336	1622	6	8	3	4	1
1337	1456	2	4	3	4	3
1338	1889	22	24	2	5	3
1339	787	3	5	3	3	3
1340	844	45	47	3	2	2
1341	1921	38	41	2	3	1
1342	487	24	27	3	2	2
1343	321	32	33	1	2	1
1344	1560	1	4	1	5	1
1345	898	13	16	1	3	3
1346	738	46	49	3	5	3
1347	1148	19	22	2	3	2
1348	1527	52	53	3	2	3
1349	1810	28	30	2	5	2
1350	502	50	51	3	5	3
1351	1294	61	63	3	3	2
1352	696	25	27	3	4	2
1353	40	47	48	2	4	3
1354	2109	1	2	2	2	1
1355	430	16	19	1	5	2
1356	1635	36	37	3	3	2
1357	1555	5	7	3	5	3
1358	2047	43	44	3	2	2
1359	793	70	72	3	4	1
1360	858	9	10	2	3	2
1361	1881	19	21	2	4	2
1362	1815	26	28	2	4	2
1363	529	37	38	2	1	1
1364	364	1	4	1	4	2
1365	987	20	21	3	5	1
1366	2115	43	45	3	3	1
1367	1660	52	55	3	5	3
1368	1245	17	19	3	1	3
1369	1954	11	13	3	2	3
1370	938	57	58	2	1	3
1371	1180	51	53	2	1	1
1372	590	3	5	2	2	2
1373	161	26	27	2	1	2
1374	1033	26	28	2	3	2
1375	602	36	37	2	4	3
1376	1974	49	51	2	3	2
1377	145	10	11	2	4	2
1378	1238	12	15	3	4	3
1379	528	69	71	2	2	3
1380	638	38	39	1	1	3
1381	1118	6	9	2	2	1
1382	2075	20	23	3	5	2
1383	1973	37	39	2	2	3
1384	1285	16	17	3	1	1
1385	800	20	23	3	3	1
1386	1653	21	24	1	4	1
1387	312	67	69	1	5	3
1388	308	30	31	3	1	3
1389	980	62	64	2	2	2
1390	857	22	24	1	4	3
1391	228	69	70	2	3	1
1392	831	3	5	1	5	2
1393	1859	41	44	1	4	1
1394	104	18	19	3	2	3
1395	745	18	21	3	3	3
1396	80	10	12	2	2	2
1397	1964	56	59	1	1	2
1398	1430	45	47	2	1	2
1399	685	56	57	1	4	3
1400	765	27	30	3	2	2
1401	1439	46	48	2	1	2
1402	907	16	17	2	1	3
1403	975	11	14	2	4	2
1404	1823	39	40	1	4	3
1405	1931	21	23	3	2	1
1406	1545	34	37	2	1	2
1407	985	52	53	1	4	1
1408	415	3	4	2	1	1
1409	1418	14	15	2	1	2
1410	1151	13	15	1	5	2
1411	782	18	19	2	1	2
1412	167	32	35	3	2	3
1413	949	12	13	2	4	1
1414	1193	9	12	3	5	1
1415	1501	33	34	2	5	1
1416	628	38	39	3	3	2
1417	882	19	22	3	5	3
1418	405	38	41	2	2	2
1419	958	44	47	1	3	1
1420	1346	21	24	1	3	3
1421	1752	36	39	1	5	2
1422	1243	64	65	3	2	1
1423	345	23	26	3	2	2
1424	1471	55	57	3	5	3
1425	2011	30	33	3	2	1
1426	360	71	72	3	4	3
1427	1624	49	52	1	4	2
1428	778	52	55	3	2	3
1429	1712	20	21	3	1	2
1430	977	18	19	3	2	3
1431	1699	26	27	2	2	3
1432	1483	62	63	3	5	3
1433	1965	6	8	3	5	1
1434	493	70	73	2	4	1
1435	2020	6	9	1	2	3
1436	185	65	67	3	4	1
1437	1595	48	49	1	4	3
1438	1167	57	58	3	1	1
1439	1223	53	54	1	1	1
1440	876	56	59	1	5	3
1441	82	36	39	3	4	2
1442	386	34	37	3	5	1
1443	885	26	29	1	5	1
1444	336	25	28	3	3	2
1445	1281	56	57	1	4	1
1446	444	27	29	2	4	1
1447	1087	20	23	2	4	3
1448	603	6	8	1	4	1
1449	119	6	9	3	2	1
1450	537	29	30	1	3	3
1451	1496	43	44	1	3	3
1452	896	18	21	3	3	2
1453	2015	27	28	1	5	3
1454	528	53	55	3	2	3
1455	1661	12	14	1	5	1
1456	286	57	60	2	3	1
1457	1695	33	34	2	5	1
1458	1311	28	29	1	1	2
1459	815	5	8	1	3	3
1460	110	30	32	3	3	3
1461	1115	19	22	2	4	1
1462	1267	18	19	2	2	1
1463	926	5	7	3	2	2
1464	1880	35	38	2	5	3
1465	540	62	64	2	2	1
1466	1416	19	22	1	3	3
1467	2013	59	62	1	5	3
1468	1371	14	16	1	3	2
1469	1761	26	27	2	1	1
1470	180	17	19	2	2	2
1471	1488	62	64	3	3	1
1472	883	21	23	3	3	1
1473	526	22	23	3	4	3
1474	881	50	53	2	3	3
1475	1787	3	6	3	1	2
1476	1975	68	69	1	2	3
1477	1651	59	61	1	5	2
1478	660	12	15	1	1	1
1479	2032	9	10	1	5	1
1480	1684	20	22	2	2	1
1481	1472	23	26	3	2	3
1482	1429	24	25	2	2	3
1483	652	26	28	3	4	1
1484	1327	53	54	1	1	1
1485	1219	19	20	3	4	3
1486	1019	37	38	3	1	1
1487	431	23	24	3	1	1
1488	1824	68	70	2	5	2
1489	527	3	4	3	4	2
1490	1984	4	6	3	1	2
1491	1162	28	30	3	2	3
1492	1288	65	67	1	1	2
1493	1750	8	10	2	3	3
1494	1073	61	64	3	3	2
1495	2082	70	71	1	2	3
1496	1740	51	53	2	2	1
1497	1158	37	40	1	3	1
1498	788	34	35	3	1	2
1499	923	25	28	3	1	1
1500	1352	35	37	2	2	1
1501	2027	5	8	2	5	3
1502	2132	64	67	3	5	1
1503	1016	23	26	1	3	1
1504	1478	13	15	3	2	1
1505	419	51	54	3	2	2
1506	1035	65	67	3	4	3
1507	2048	38	40	3	4	3
1508	266	18	21	2	5	1
1509	1296	44	47	2	5	3
1510	1010	9	10	2	1	1
1511	1500	34	37	3	3	3
1512	1448	18	21	2	2	1
1513	46	57	60	2	4	1
1514	314	30	33	1	3	3
1515	1205	67	69	1	4	3
1516	827	23	24	3	3	3
1517	1329	10	12	1	5	3
1518	235	13	16	1	5	1
1519	1461	4	5	1	5	2
1520	1843	5	8	3	5	3
1521	1231	23	24	3	4	2
1522	229	28	30	2	2	3
1523	65	11	12	1	2	3
1524	1885	31	34	1	4	2
1525	826	27	28	2	2	2
1526	1751	59	62	1	1	2
1527	1243	10	12	2	2	1
1528	983	57	59	2	4	2
1529	771	13	15	3	2	3
1530	718	70	72	1	4	2
1531	2086	53	55	2	3	3
1532	38	11	12	3	4	2
1533	619	55	56	2	1	3
1534	5	8	9	1	2	1
1535	1103	10	12	2	2	3
1536	354	23	25	3	2	1
1537	433	57	60	2	4	2
1538	589	59	60	2	5	3
1539	1317	23	25	1	5	3
1540	276	18	19	1	5	3
1541	70	5	6	1	5	1
1542	780	60	61	3	3	1
1543	611	16	18	1	4	2
1544	1206	1	2	1	5	1
1545	1250	14	16	3	4	1
1546	592	56	57	3	3	2
1547	1128	44	46	2	2	3
1548	272	44	47	1	1	1
1549	1700	15	16	2	5	3
1550	1301	15	18	2	5	2
1551	786	33	36	1	4	1
1552	1056	26	28	1	1	3
1553	1884	23	25	2	1	2
1554	1394	50	52	2	2	1
1555	871	33	35	3	5	1
1556	251	11	13	2	3	3
1557	1920	10	11	2	3	1
1558	772	52	53	1	4	3
1559	1889	33	36	2	1	3
1560	317	59	62	3	5	3
1561	1530	4	7	2	3	2
1562	1464	57	58	3	5	3
1563	1737	24	26	1	3	2
1564	1503	27	28	2	1	2
1565	396	16	17	3	5	1
1566	1145	5	7	3	3	1
1567	2099	12	13	1	5	2
1568	1254	21	23	1	5	3
1569	1326	5	8	3	2	1
1570	33	42	43	1	1	3
1571	1424	20	23	1	5	2
1572	1015	15	17	2	1	1
1573	1514	33	34	1	2	1
1574	1208	63	65	3	3	1
1575	2001	41	42	2	1	1
1576	1184	37	38	1	1	3
1577	402	53	56	1	4	1
1578	134	25	26	2	3	3
1579	1506	22	25	3	1	2
1580	1626	34	36	3	4	2
1581	319	36	38	1	4	2
1582	1714	12	15	2	3	3
1583	126	64	65	3	1	2
1584	536	32	35	3	2	1
1585	379	67	68	2	2	1
1586	420	10	13	3	5	2
1587	214	55	58	2	2	3
1588	575	28	29	3	4	3
1589	160	51	54	3	3	3
1590	1524	58	60	1	5	2
1591	794	44	45	2	4	2
1592	209	62	65	1	2	2
1593	832	18	20	1	2	3
1594	1649	44	46	3	4	2
1595	139	20	21	2	3	2
1596	756	68	70	2	4	3
1597	2051	45	46	3	5	1
1598	1652	39	42	2	5	3
1599	1744	11	13	3	2	1
1600	906	22	23	1	1	1
1601	1685	37	39	2	2	2
1602	1821	51	53	1	4	3
1603	1113	36	38	2	1	3
1604	1673	62	63	2	3	1
1605	767	41	43	3	4	2
1606	797	52	54	2	3	3
1607	181	46	47	3	1	3
1608	364	30	31	2	4	2
1609	2139	18	21	3	2	2
1610	924	1	2	3	3	2
1611	1351	43	46	3	4	2
1612	675	51	52	3	3	1
1613	1030	47	50	2	3	1
1614	873	22	25	1	4	2
1615	1858	51	52	2	4	3
1616	184	28	31	3	1	3
1617	1842	27	28	2	2	2
1618	2070	6	8	1	3	1
1619	132	13	16	3	4	3
1620	1276	16	18	2	3	2
1621	474	62	64	1	5	1
1622	1890	34	37	1	2	2
1623	1440	3	5	3	1	2
1624	2129	32	33	2	2	3
1625	262	65	66	3	4	3
1626	2060	14	17	3	5	1
1627	1520	48	49	2	5	3
1628	2073	10	11	3	5	2
1629	468	43	45	1	2	1
1630	1270	42	45	3	4	3
1631	2008	27	29	3	5	2
1632	274	68	71	1	5	1
1633	1914	4	6	1	3	2
1634	811	13	16	3	3	2
1635	1412	57	60	1	1	3
1636	680	25	26	3	3	1
1637	1609	6	7	3	1	1
1638	654	12	13	1	1	3
1639	1391	69	71	2	5	3
1640	264	39	42	2	4	3
1641	1395	16	17	3	5	3
1642	242	62	65	3	4	1
1643	683	27	30	1	4	3
1644	2054	41	42	1	4	1
1645	1108	28	31	3	4	1
1646	535	42	43	3	1	3
1647	1798	22	23	1	3	2
1648	59	69	70	1	5	2
1649	859	44	45	3	2	3
1650	439	67	68	1	2	2
1651	969	55	58	2	2	2
1652	14	48	50	3	3	3
1653	36	30	33	1	2	1
1654	634	23	26	1	4	3
1655	1953	66	68	1	3	2
1656	368	14	17	2	5	3
1657	2028	16	18	1	3	2
1658	1083	66	69	1	4	1
1659	1612	65	68	1	5	2
1660	622	43	44	3	2	3
1661	1450	39	41	2	2	3
1662	503	14	17	1	5	3
1663	1400	19	22	3	2	1
1664	719	41	43	2	2	3
1665	1995	51	53	2	4	1
1666	1485	58	59	3	4	1
1667	1632	24	25	3	5	2
1668	1321	25	27	1	3	3
1669	206	65	67	3	3	3
1670	20	17	19	3	1	1
1671	731	45	47	2	3	1
1672	1526	36	39	1	2	3
1673	2128	45	48	2	1	1
1674	196	27	29	3	2	1
1675	950	24	25	1	1	3
1676	1589	19	21	3	5	2
1677	459	10	11	2	3	3
1678	409	67	69	2	1	1
1679	352	36	39	2	3	3
1680	1049	49	50	3	1	2
1681	305	24	27	2	2	1
1682	604	32	34	1	2	1
1683	1453	7	10	3	2	2
1684	1711	42	43	2	1	1
1685	1135	9	11	3	1	1
1686	460	13	15	1	1	1
1687	506	6	8	3	1	3
1688	94	47	49	2	4	3
1689	1421	32	35	2	4	3
1690	1728	45	48	1	4	3
1691	288	35	38	1	5	2
1692	1101	45	48	2	3	1
1693	43	30	32	1	3	1
1694	1120	9	12	3	1	1
1695	1131	7	8	3	4	2
1696	1656	50	52	3	5	3
1697	1147	65	67	2	1	1
1698	1450	36	39	3	5	1
1699	1379	57	58	1	3	1
1700	1966	1	4	3	5	2
1701	805	38	41	1	3	1
1702	1388	19	20	1	1	1
1703	746	6	9	3	4	1
1704	1806	55	58	3	2	2
1705	88	46	49	2	3	1
1706	856	14	17	3	5	2
1707	246	53	54	3	4	1
1708	1252	47	50	3	5	3
1709	1403	44	46	2	2	2
1710	1519	39	42	2	1	1
1711	1617	40	41	2	3	1
1712	1255	51	52	3	4	3
1713	207	12	14	2	4	2
1714	1514	20	22	2	4	2
1715	677	52	53	2	4	2
1716	1976	25	27	3	3	3
1717	1999	7	10	2	1	1
1718	1469	45	46	2	4	3
1719	863	35	38	2	3	1
1720	254	36	38	3	5	3
1721	720	56	58	1	1	2
1722	839	55	57	3	5	1
1723	512	12	13	3	4	2
1724	422	51	52	3	3	2
1725	1044	34	37	3	4	1
1726	624	70	72	1	5	3
1727	1211	65	67	3	3	1
1728	947	40	43	3	4	3
1729	111	20	23	1	3	1
1730	1299	70	72	2	2	1
1731	787	35	38	3	2	1
1732	1809	1	4	2	1	3
1733	343	59	61	3	3	1
1734	2061	45	48	3	2	1
1735	454	39	40	3	1	1
1736	1479	17	20	2	4	3
1737	1980	54	57	2	2	1
1738	852	39	41	1	3	2
1739	243	36	39	1	4	3
1740	754	8	10	1	5	1
1741	1554	70	72	3	1	3
1742	1004	39	42	2	1	3
1743	925	8	10	2	5	3
1744	1318	67	69	3	4	2
1745	1102	9	10	2	4	3
1746	1926	64	67	2	4	1
1747	757	58	59	3	3	3
1748	1850	32	33	3	3	2
1749	796	16	18	3	5	3
1750	1138	71	73	1	5	2
1751	866	43	44	1	5	3
1752	1919	71	72	2	4	3
1753	1095	44	47	3	1	2
1754	449	40	41	3	3	2
1755	149	55	58	1	1	1
1756	1777	25	28	3	4	2
1757	691	7	10	3	3	2
1758	348	34	37	3	2	2
1759	236	39	40	2	2	2
1760	1938	9	10	1	3	3
1761	1152	18	21	1	1	2
1762	1588	69	71	1	2	2
1763	810	53	56	3	1	2
1764	979	35	36	3	3	3
1765	1200	57	58	1	2	3
1766	115	7	10	3	1	1
1767	472	26	27	1	5	3
1768	1367	24	25	2	4	1
1769	2119	14	15	2	5	1
1770	2071	73	74	1	5	2
1771	413	55	57	3	2	1
1772	952	34	35	3	1	2
1773	665	28	31	1	4	1
1774	1373	10	13	3	3	1
1775	1766	63	66	1	1	2
1776	439	56	57	3	5	2
1777	803	10	12	2	5	2
1778	1597	5	6	2	5	2
1779	1105	66	69	3	2	2
1780	886	57	58	1	1	3
1781	337	59	60	1	4	2
1782	361	59	61	2	1	3
1783	1773	29	31	3	3	2
1784	1462	50	52	1	4	3
1785	1338	10	13	2	4	2
1786	1716	5	6	2	2	3
1787	924	59	60	1	4	3
1788	1369	32	33	3	5	3
1789	363	14	17	2	3	3
1790	2087	42	45	2	2	2
1791	1385	54	55	2	1	2
1792	1244	16	17	3	1	1
1793	1924	17	20	3	3	3
1794	504	3	5	1	2	3
1795	1831	14	16	1	3	3
1796	823	34	36	2	3	1
1797	860	72	74	1	2	2
1798	1704	65	67	1	4	2
1799	1173	69	71	2	3	2
1800	1234	38	41	3	1	2
1801	1719	48	49	3	3	3
1802	1834	62	63	3	4	1
1803	1722	71	72	3	3	1
1804	107	49	50	3	1	2
1805	1645	16	18	2	5	2
1806	1018	47	50	3	1	2
1807	1119	27	28	2	3	2
1808	1201	6	7	2	4	3
1809	1466	8	10	1	3	1
1810	204	26	27	2	2	1
1811	1679	67	68	1	2	3
1812	1484	9	11	3	4	1
1813	1547	17	18	3	3	1
1814	1516	44	46	2	5	2
1815	217	70	72	2	3	2
1816	231	27	28	2	4	1
1817	1467	32	34	1	5	2
1818	18	35	37	3	4	2
1819	989	48	51	1	1	2
1820	89	30	32	1	4	3
1821	1454	28	29	3	1	1
1822	2064	56	59	1	1	2
1823	474	35	36	1	5	1
1824	699	48	51	3	1	2
1825	2037	66	67	3	5	1
1826	670	47	50	3	3	1
1827	1319	23	25	3	1	1
1828	996	54	55	2	3	3
1829	1150	57	59	3	4	1
1830	935	64	67	3	4	2
1831	1165	19	22	1	4	2
1832	1071	4	6	2	2	2
1833	450	60	63	2	3	2
1834	2077	26	28	2	3	1
1835	2038	12	15	3	5	1
1836	1580	19	20	1	2	1
1837	673	72	73	2	3	1
1838	1389	32	35	1	3	2
1839	609	47	48	1	2	2
1840	501	11	14	3	1	2
1841	1075	57	58	3	1	3
1842	173	69	72	1	3	3
1843	1502	67	69	1	3	1
1844	667	41	44	3	2	1
1845	1199	34	36	3	4	3
1846	347	59	60	3	5	3
1847	91	51	54	3	3	2
1848	1505	11	14	1	1	3
1849	1916	23	26	3	4	3
1850	1781	23	26	2	3	1
1851	350	71	72	3	3	3
1852	1613	40	42	2	1	3
1853	1768	47	50	2	4	3
1854	1985	47	48	2	4	2
1855	158	9	11	3	4	3
1856	744	29	30	2	2	3
1857	401	63	65	1	5	2
1858	957	68	69	2	5	3
1859	1203	67	69	1	5	2
1860	435	66	68	2	1	3
1861	1000	70	71	3	4	1
1862	1845	30	32	2	5	1
1863	779	71	72	2	4	3
1864	2004	57	59	3	3	1
1865	349	53	56	2	4	2
1866	1982	32	35	2	2	2
1867	315	11	12	2	5	3
1868	535	49	52	2	3	1
1869	387	24	27	1	2	1
1870	1225	56	58	3	2	3
1871	1710	58	60	1	1	2
1872	2137	6	7	3	1	1
1873	146	58	59	2	1	1
1874	22	6	7	3	4	2
1875	1501	56	58	1	5	3
1876	1359	5	8	1	1	3
1877	2101	46	49	1	3	3
1878	1622	3	4	1	3	3
1879	1349	1	4	1	5	2
1880	990	63	65	2	3	1
1881	974	71	72	2	3	2
1882	1729	11	12	1	1	2
1883	773	60	62	3	5	2
1884	1432	10	12	1	2	1
1885	1577	24	25	1	1	3
1886	812	4	7	2	4	2
1887	545	18	19	2	5	1
1888	700	9	12	1	1	1
1889	766	29	31	3	3	3
1890	1455	34	36	2	2	1
1891	1268	38	41	2	5	1
1892	1207	51	54	3	2	2
1893	179	6	9	2	5	1
1894	475	26	29	3	1	1
1895	870	12	13	1	3	3
1896	557	71	72	3	3	1
1897	849	36	38	2	2	3
1898	1355	42	44	3	3	1
1899	410	28	29	3	2	3
1900	758	17	19	3	2	3
1901	775	36	39	1	5	3
1902	1816	56	57	2	5	3
1903	156	28	30	3	4	2
1904	1084	21	23	1	3	1
1905	1731	34	35	2	3	1
1906	1363	34	37	1	2	2
1907	971	38	41	3	2	1
1908	594	24	27	1	5	3
1909	543	51	53	2	1	3
1910	109	34	36	3	1	1
1911	425	43	45	2	5	2
1912	1600	69	70	3	3	3
1913	1057	5	8	2	4	3
1914	73	20	22	1	5	3
1915	1729	2	3	2	2	1
1916	693	64	66	3	2	2
1917	2108	55	56	2	5	2
1918	889	67	68	2	4	3
1919	1489	47	49	1	1	3
1920	1932	44	45	3	3	1
1921	1404	14	16	3	5	2
1922	2067	42	44	1	4	3
1923	1537	58	59	1	3	2
1924	1840	4	7	3	5	2
1925	1056	49	50	2	5	1
1926	2050	62	65	2	3	2
1927	1286	62	64	1	1	3
1928	56	41	43	3	1	2
1929	286	69	70	1	5	3
1930	112	54	55	3	2	1
1931	2135	12	13	2	4	1
1932	131	4	5	1	5	1
1933	1341	35	38	3	1	1
1934	733	11	12	2	2	1
1935	649	14	16	3	4	3
1936	19	66	68	1	4	2
1937	2145	37	38	2	1	3
1938	799	48	50	2	4	2
1939	1861	19	20	1	5	1
1940	302	24	27	1	4	2
1941	580	22	23	3	3	2
1942	1910	72	73	2	2	1
1943	760	57	58	3	5	2
1944	1197	7	9	1	5	2
1945	1132	35	37	1	1	2
1946	405	56	57	3	3	3
1947	1525	70	73	1	1	1
1948	1303	40	42	2	3	3
1949	1088	34	35	2	1	1
1950	1324	26	29	1	3	3
1951	1627	68	71	1	3	1
1952	1743	61	64	2	5	3
1953	358	56	58	3	2	1
1954	1636	62	65	2	4	1
1955	1088	23	24	3	3	2
1956	1393	64	67	1	4	2
1957	1577	9	11	2	2	1
1958	2134	48	49	1	3	2
1959	1548	15	17	2	3	3
1960	17	32	34	1	5	2
1961	908	18	19	1	4	3
1962	746	28	31	2	4	2
1963	1581	47	48	2	1	2
1964	1891	49	50	2	4	1
1965	1090	57	59	2	4	3
1966	163	49	50	2	1	2
1967	1950	64	65	1	3	3
1968	1900	48	49	1	2	3
1969	1951	25	27	1	5	2
1970	500	43	45	1	3	3
1971	1715	3	6	1	1	1
1972	1174	37	40	3	2	3
1973	426	72	73	2	1	1
1974	1872	10	12	3	3	3
1975	451	55	58	1	3	3
1976	373	25	27	3	3	2
1977	1226	27	30	2	3	1
1978	62	58	61	1	5	2
1979	1053	34	36	3	5	1
1980	77	40	43	1	4	1
1981	1431	39	42	2	1	2
1982	182	10	11	1	5	2
1983	1137	64	66	1	2	2
1984	109	55	56	3	2	3
1985	891	68	71	2	2	3
1986	144	21	23	2	1	2
1987	375	38	40	2	3	1
1988	423	24	27	1	2	3
1989	1362	52	53	3	3	1
1990	1003	26	28	2	2	2
1991	837	30	33	3	3	3
1992	1772	27	28	3	2	2
1993	1932	12	13	1	2	3
1994	1405	57	59	1	1	1
1995	197	16	19	1	5	3
1996	865	16	19	3	4	1
1997	474	14	17	1	3	2
1998	1234	63	65	3	2	2
1999	654	56	58	3	4	2
2000	948	47	50	3	1	2
2001	1631	15	16	3	2	1
2002	1110	7	9	1	3	1
2003	991	28	31	3	1	2
2004	117	1	2	3	3	2
2005	1594	64	65	3	3	3
2006	930	21	23	1	3	3
2007	1382	32	34	2	2	1
2008	1078	59	62	2	3	3
2009	176	12	14	3	4	3
2010	513	22	24	1	2	2
2011	1725	7	10	3	1	2
2012	67	36	38	1	2	3
2013	905	66	67	3	2	2
2014	1702	73	74	1	1	2
2015	264	46	47	2	1	2
2016	1767	40	43	1	1	2
2017	1271	5	7	3	4	2
2018	1077	8	10	3	4	1
2019	490	43	46	2	5	3
2020	512	14	16	3	5	3
2021	946	38	39	3	1	1
2022	568	32	33	3	2	1
2023	277	7	8	2	5	2
2024	225	23	24	3	2	2
2025	1648	29	31	2	5	2
2026	952	65	66	3	3	2
2027	747	66	67	3	3	3
2028	369	11	12	3	2	3
2029	1144	1	3	1	4	3
2030	157	53	55	2	4	2
2031	785	26	28	3	1	1
2032	1446	69	72	3	4	3
2033	1927	58	60	3	2	1
2034	1495	34	36	1	3	1
2035	200	18	19	3	3	1
2036	559	53	55	2	1	2
2037	963	46	47	1	1	1
2038	533	32	33	3	4	1
2039	1601	38	40	3	4	1
2040	458	15	16	1	3	2
2041	838	19	20	3	2	3
2042	2046	49	52	2	1	2
2043	1730	39	42	1	4	2
2044	1981	13	14	3	1	3
2045	391	23	26	1	2	3
2046	331	7	9	1	3	2
2047	1070	17	20	2	2	3
2048	1092	31	32	3	3	3
2049	1990	12	13	2	5	3
2050	488	24	26	1	4	1
2051	187	28	30	2	2	3
2052	203	38	39	3	4	2
2053	1693	8	10	1	5	1
2054	1870	19	21	2	3	1
2055	752	59	61	2	3	1
2056	888	21	22	3	3	1
2057	1164	66	69	1	5	3
2058	2006	45	47	3	5	1
2059	1586	7	9	3	3	2
2060	1275	38	40	2	4	1
2061	16	10	11	3	2	3
2062	632	54	56	2	4	1
2063	2126	14	15	1	5	1
2064	903	62	64	1	1	3
2065	351	20	23	2	1	3
2066	1603	32	33	3	4	2
2067	1443	51	52	3	3	1
2068	1032	22	23	2	2	3
2069	864	10	13	1	2	3
2070	1817	42	45	2	3	1
2071	998	52	54	2	1	2
2072	202	20	21	1	1	1
2073	1799	20	23	2	4	1
2074	1629	6	7	3	5	1
2075	261	31	34	3	3	2
2076	1970	17	19	3	5	3
2077	1342	66	69	2	4	1
2078	1161	9	12	2	3	3
2079	693	25	26	3	4	2
2080	596	70	71	1	3	3
2081	69	5	6	3	2	2
2082	52	40	41	1	2	3
2083	1159	51	54	2	3	2
2084	723	66	68	1	2	2
2085	252	64	67	2	1	2
2086	1242	49	51	2	2	3
2087	1471	29	32	3	1	3
2088	26	68	71	3	3	1
2089	1616	28	31	2	1	2
2090	845	12	13	3	1	1
2091	1076	41	44	1	1	2
2092	366	6	9	2	4	1
2093	1354	17	20	1	3	3
2094	1192	38	41	1	3	2
2095	655	49	50	1	2	1
2096	951	50	53	2	3	1
2097	625	21	22	1	5	3
2098	301	19	21	2	1	3
2099	273	59	62	3	2	3
2100	1994	22	23	1	5	2
2101	300	7	9	2	1	3
2102	783	59	61	1	5	3
2103	1996	52	54	2	4	2
2104	1697	2	4	3	5	2
2105	1455	41	44	3	3	1
2106	2014	46	49	1	3	3
2107	2019	33	36	2	3	1
2108	1562	23	24	3	2	1
2109	1040	29	32	1	1	1
2110	1334	43	45	2	4	1
2111	729	42	44	1	4	1
2112	1992	71	72	3	1	1
2113	1705	4	5	3	2	3
2114	429	52	55	1	3	1
2115	1925	55	57	3	2	2
2116	950	34	37	2	5	1
2117	106	58	60	2	3	3
2118	123	58	61	3	4	1
2119	327	13	14	1	1	1
2120	188	6	7	2	5	3
2121	1189	50	52	2	4	1
2122	1278	68	69	3	4	2
2123	259	38	40	2	2	3
2124	1196	61	64	2	2	1
2125	668	65	68	3	4	3
2126	774	6	8	2	2	2
2127	1804	41	43	2	4	3
2128	701	5	8	1	5	3
2129	44	55	57	2	1	2
2130	381	13	15	2	3	1
2131	216	21	24	3	5	1
2132	1683	21	24	2	3	3
2133	637	70	73	1	3	3
2134	1955	41	44	2	5	2
2135	1785	7	8	3	5	3
2136	1611	20	23	1	2	3
2137	562	67	69	3	1	2
2138	1247	64	67	2	3	3
2139	1226	70	73	2	3	2
2140	1575	68	71	2	3	2
2141	978	17	20	3	5	1
2142	465	31	34	2	3	1
2143	663	12	14	2	4	3
2144	1419	39	41	1	1	1
2145	734	37	38	2	5	3
2146	1058	27	28	1	2	3
2147	722	33	36	1	1	1
2148	1639	3	4	3	2	1
2149	1848	2	3	3	2	2
2150	1221	2	3	2	4	2
2151	153	64	66	1	2	3
2152	702	43	45	3	5	3
2153	1473	11	12	3	4	1
2154	1117	5	8	3	3	2
2155	241	5	6	2	4	3
2156	1657	55	58	2	3	1
2157	1598	9	11	3	5	1
2158	1879	18	19	2	4	3
2159	75	45	46	2	3	1
2160	95	69	71	1	1	2
2161	1867	20	21	3	5	3
2162	1051	56	58	3	1	1
2163	191	35	36	2	2	1
2164	1566	48	51	1	4	1
2165	151	12	13	1	3	2
2166	1463	41	42	1	1	2
2167	1249	63	64	1	1	2
2168	362	27	30	3	5	1
2169	1094	4	6	3	4	3
2170	836	44	47	2	2	1
2171	285	1	4	2	1	2
2172	1812	42	45	1	2	3
2173	674	5	7	3	2	3
2174	1425	56	58	3	5	3
2175	612	56	59	1	3	2
2176	828	21	24	3	2	2
2177	2114	69	71	1	1	2
2178	1757	66	67	3	1	2
2179	1396	42	44	3	1	2
2180	1528	42	44	3	4	3
2181	1409	32	35	3	3	2
2182	141	49	50	2	3	3
2183	1546	26	28	2	5	2
2184	1806	65	68	3	3	2
2185	2111	59	62	2	3	1
2186	586	68	71	2	1	1
2187	2043	66	68	3	5	1
2188	1064	5	7	3	3	2
2189	581	52	53	2	2	3
2190	1415	30	31	3	3	3
2191	1259	6	7	3	3	3
2192	942	42	43	2	4	1
2193	966	46	49	3	3	3
2194	242	44	47	1	3	2
2195	1583	27	29	2	3	2
2196	1326	44	47	3	3	2
2197	326	30	31	1	2	1
2198	642	64	67	2	4	2
2199	556	1	2	1	2	2
2200	2142	36	37	3	3	2
2201	1167	17	18	1	5	1
2202	1968	22	23	3	3	1
2203	737	47	50	3	4	3
2204	1427	39	42	1	3	2
2205	1902	39	42	1	3	2
2206	1707	62	63	2	5	1
2207	1258	53	54	1	4	3
2208	1803	15	16	3	2	3
2209	2104	39	41	1	1	3
2210	847	30	31	1	3	1
2211	892	57	58	2	1	1
2212	2117	31	32	3	4	2
2213	1556	28	30	3	2	3
2214	1465	16	18	2	2	2
2215	1606	52	53	2	2	2
2216	1047	5	8	3	3	2
2217	1435	2	5	3	1	3
2218	783	37	38	1	3	3
2219	971	30	31	3	4	1
2220	1254	28	31	2	4	2
2221	727	23	24	2	4	1
2222	1991	1	4	2	4	3
2223	1354	17	20	3	1	1
2224	1946	10	12	1	3	3
2225	1482	39	41	3	3	2
2226	1378	52	55	2	1	3
2227	715	55	56	3	1	1
2228	657	61	62	3	5	3
2229	138	45	46	3	3	1
2230	1487	23	25	3	1	1
2231	15	17	19	1	1	2
2232	530	53	54	1	2	3
2233	1897	40	41	3	3	1
2234	1634	15	18	2	3	1
2235	724	55	57	2	5	2
2236	1780	67	70	2	2	2
2237	661	31	32	1	4	1
2238	393	69	70	2	3	3
2239	1474	69	70	2	2	3
2240	404	27	30	1	5	1
2241	256	28	31	1	4	2
2242	1763	59	60	3	2	3
2243	791	54	57	3	3	2
2244	1372	33	36	2	2	2
2245	447	18	21	1	1	2
2246	364	56	57	3	3	3
2247	566	10	11	3	4	2
2248	1768	39	40	2	5	1
2249	61	59	62	2	2	1
2250	1851	44	46	3	3	3
2251	2123	69	71	2	3	3
2252	1746	61	63	2	4	3
2253	1308	9	11	1	2	3
2254	1251	4	7	3	3	3
2255	1369	69	71	1	2	1
2256	2082	66	67	1	1	1
2257	177	12	14	1	4	1
2258	1674	41	43	3	3	1
2259	1822	23	26	2	4	3
2260	311	33	36	1	1	2
2261	1364	49	51	2	5	1
2262	434	48	50	1	3	3
2263	383	36	37	1	5	1
2264	1788	9	10	3	1	2
2265	333	4	7	2	2	3
2266	148	69	70	1	1	3
2267	309	44	45	2	3	3
2268	76	3	6	1	1	1
2269	1007	49	50	1	1	3
2270	1856	24	27	3	5	3
2271	1533	68	71	1	5	1
2272	593	62	64	2	5	3
2273	1935	63	64	2	5	1
2274	510	43	46	2	3	1
2275	47	63	66	3	1	1
2276	1006	43	45	1	2	3
2277	2146	70	72	1	5	3
2278	284	56	57	3	1	2
2279	839	11	12	3	4	3
2280	1005	5	8	1	4	2
2281	452	22	25	2	3	2
2282	748	66	67	1	5	1
2283	1573	67	69	3	3	3
2284	829	22	25	2	1	2
2285	1717	71	72	3	5	1
2286	680	53	56	3	1	2
2287	929	29	31	1	1	2
2288	328	58	61	2	5	1
2289	1315	34	37	3	4	2
2290	1833	38	40	3	1	1
2291	997	38	41	2	5	1
2292	777	13	14	3	2	2
2293	2002	64	65	2	1	3
2294	1308	22	24	1	1	2
2295	1878	26	29	1	2	3
2296	183	16	18	3	4	1
2297	171	11	12	1	1	3
2298	398	22	23	1	5	3
2299	755	53	56	2	1	1
2300	1280	55	57	3	3	3
2301	392	47	50	2	1	2
2302	1909	63	64	2	2	3
2303	1756	42	45	3	1	2
2304	1890	40	41	3	3	1
2305	1116	43	46	3	1	3
2306	1899	4	5	1	5	2
2307	1564	71	72	2	1	1
2308	1732	57	60	2	1	2
2309	524	41	44	3	5	1
2310	945	58	59	1	3	1
2311	198	3	5	2	2	1
2312	338	17	20	2	1	2
2313	55	53	54	3	2	3
2314	790	7	8	1	3	3
2315	38	19	22	2	3	3
2316	1166	19	20	2	1	2
2317	940	58	60	3	4	1
2318	455	52	54	2	4	2
2319	397	41	42	3	2	2
2320	296	1	2	2	4	3
2321	913	35	38	1	4	3
2322	1491	61	64	1	5	3
2323	260	5	8	3	5	1
2324	616	63	64	2	2	1
2325	1143	8	10	3	1	1
2326	843	39	40	1	1	1
2327	1305	23	26	1	1	1
2328	416	71	73	1	2	1
2329	981	34	37	3	4	1
2330	1116	43	45	3	2	1
2331	137	72	74	1	2	1
2332	664	66	67	2	3	3
2333	481	59	61	2	4	1
2334	1553	59	62	3	5	1
2335	1986	9	11	1	5	3
2336	1107	61	64	3	5	2
2337	186	70	73	1	3	1
2338	1048	71	72	1	4	1
2339	492	12	14	2	2	3
2340	551	38	40	3	5	1
2341	389	57	60	2	2	2
2342	1292	38	41	1	2	1
2343	371	9	12	1	1	2
2344	1543	5	8	3	3	3
2345	1109	5	7	1	5	2
2346	576	24	26	3	4	1
2347	1568	47	50	2	5	3
2348	781	34	35	1	5	1
2349	801	69	71	2	5	1
2350	1420	52	54	3	1	2
2351	1565	40	42	1	4	1
2352	1374	56	58	3	1	1
2353	955	43	44	2	5	2
2354	1375	50	51	3	5	2
2355	1263	27	30	1	5	1
2356	1260	52	54	1	5	3
2357	1620	62	65	3	3	3
2358	96	11	13	3	4	3
2359	491	59	61	3	4	2
2360	519	66	68	1	3	3
2361	1888	53	56	3	4	3
2362	1108	19	21	1	3	1
2363	679	71	72	2	4	2
2364	1846	26	27	3	5	1
2365	1892	4	5	2	5	2
2366	1204	52	54	2	4	1
2367	1792	21	23	2	2	2
2368	190	28	30	2	2	2
2369	549	43	44	1	3	3
2370	1906	1	4	3	4	1
2371	1297	19	22	3	1	3
2372	395	42	43	2	3	2
2373	1793	50	51	1	5	2
2374	325	67	69	1	4	3
2375	1983	34	35	2	1	1
2376	1337	30	31	2	2	1
2377	1539	43	45	2	4	2
2378	853	55	57	1	1	1
2379	1442	9	12	2	5	3
2380	100	62	63	1	3	3
2381	2042	13	16	3	2	1
2382	1542	38	40	2	4	2
2383	1311	22	25	2	3	1
2384	152	57	59	1	3	3
2385	293	2	5	2	2	3
2386	956	53	54	2	3	2
2387	1282	19	21	3	3	3
2388	1104	14	15	1	3	3
2389	1541	13	14	3	5	2
2390	346	69	70	3	1	1
2391	162	62	63	3	5	1
2392	1306	18	19	3	4	2
2393	967	46	48	2	4	1
2394	646	58	59	1	5	2
2395	1045	43	46	3	1	1
2396	1859	28	30	3	1	1
2397	1112	22	24	2	1	3
2398	506	62	64	1	2	3
2399	1665	16	17	1	2	3
2400	1123	26	27	2	1	3
2401	1937	28	31	3	5	1
2402	1014	27	30	1	3	3
2403	129	39	40	1	2	2
2404	742	32	35	1	2	3
2405	2134	62	63	2	4	3
2406	500	1	3	2	3	3
2407	489	70	71	1	3	2
2408	248	21	24	3	1	2
2409	1849	56	58	3	5	1
2410	1963	63	65	1	3	1
2411	808	23	26	3	1	3
2412	1209	54	57	2	2	3
2413	732	45	48	2	2	1
2414	2010	72	73	2	2	3
2415	356	10	13	3	2	3
2416	625	24	26	3	3	1
2417	1441	69	71	2	3	1
2418	1868	56	57	3	4	2
2419	1758	66	67	3	1	3
2420	40	42	43	2	4	2
2421	1536	34	37	2	2	3
2422	1038	24	26	3	1	2
2423	1122	42	45	2	2	2
2424	2081	55	58	3	3	1
2425	1794	31	33	1	4	3
2426	192	53	54	3	4	1
2427	90	43	44	1	1	1
2428	1915	7	10	1	4	3
2429	1025	46	47	1	2	1
2430	550	50	52	2	4	2
2431	1662	3	4	2	2	1
2432	482	50	51	1	4	3
2433	1037	8	10	1	3	2
2434	2062	43	45	1	5	3
2435	382	27	28	1	3	1
2436	911	13	16	1	5	3
2437	973	1	2	2	5	3
2438	1304	44	45	1	3	3
2439	2076	10	11	3	3	2
2440	1433	59	60	1	3	1
2441	2097	32	35	2	4	2
2442	1195	48	50	2	5	3
2443	1769	14	15	1	1	3
2444	2039	60	62	1	3	2
2445	1486	2	5	3	2	3
2446	29	14	16	3	5	2
2447	1330	52	54	1	3	2
2448	1220	46	49	2	5	2
2449	750	64	66	3	4	2
2450	276	30	31	2	4	1
2451	1607	35	36	2	2	1
2452	1774	2	5	2	5	2
2453	245	10	11	1	1	1
2454	1964	27	28	1	2	1
2455	1736	4	7	1	5	2
2456	1240	41	42	1	3	1
2457	1864	57	58	2	5	2
2458	60	5	6	2	4	3
2459	227	37	38	3	2	1
2460	1686	61	64	1	2	1
2461	1014	2	4	1	5	2
2462	378	60	62	1	5	2
2463	874	9	12	2	3	3
2464	436	26	27	2	3	1
2465	961	34	35	3	3	2
2466	1048	52	55	1	3	1
2467	15	71	73	2	3	2
2468	514	5	8	1	4	2
2469	1706	20	21	3	4	3
2470	13	4	6	3	4	3
2471	11	50	51	1	2	1
2472	507	19	21	3	5	1
2473	2118	8	9	3	2	3
2474	307	33	35	2	2	1
2475	1216	33	35	3	1	2
2476	972	34	36	1	1	2
2477	1	7	9	2	4	2
2478	125	34	37	3	1	3
2479	2063	59	61	2	5	1
2480	1226	57	60	2	4	2
2481	1067	54	57	3	2	1
2482	1362	64	65	1	5	3
2483	1437	6	7	1	3	3
2484	1754	9	10	1	2	2
2485	1386	54	56	2	4	2
2486	1753	73	74	1	4	3
2487	917	27	28	1	4	2
2488	1886	9	10	2	3	3
2489	1415	53	55	3	4	1
2490	437	51	54	3	2	1
2491	647	32	34	3	3	1
2492	2089	58	60	2	1	3
2493	407	15	17	1	4	2
2494	1846	1	2	1	3	2
2495	316	22	25	1	3	3
2496	269	48	49	3	1	3
2497	1517	64	65	2	2	3
2498	829	38	39	1	5	1
2499	1452	59	60	3	4	2
2500	1698	51	52	1	4	3

