DATASET = ORTEC-hidden instance set VeRoLog competition
NAME = tools over vehicles over vehicle days over distance with 1500 requests over 30 days

DAYS = 30
CAPACITY = 40
MAX_TRIP_DISTANCE = 17000
DEPOT_COORDINATE = 0

VEHICLE_COST = 200000
VEHICLE_DAY_COST = 4000
DISTANCE_COST = 1

TOOLS = 4
1	3	130	50000000
2	15	76	20000000
3	9	98	40000000
4	9	94	10000000

COORDINATES = 1380
0	7410	5448
1	8284	6131
2	9492	6138
3	9397	6149
4	4347	6152
5	9011	6155
6	8275	6163
7	8025	6165
8	5701	6166
9	4289	6176
10	8677	8142
11	9144	6183
12	9060	6185
13	4263	6192
14	7513	6197
15	9037	6199
16	8831	6201
17	6168	8008
18	3979	5133
19	8711	6210
20	7730	6217
21	8119	6222
22	7726	6228
23	7650	6229
24	8805	6237
25	8952	5934
26	3943	4146
27	3500	6242
28	7527	6249
29	8153	6153
30	3457	4335
31	3468	6275
32	4187	6277
33	8105	6278
34	8484	6289
35	7895	6301
36	7462	6312
37	6814	6313
38	7511	6317
39	4246	6319
40	8157	6164
41	7465	6331
42	8208	4163
43	6788	6348
44	7556	6350
45	8496	6350
46	3985	6351
47	7586	6354
48	3490	6356
49	8547	6356
50	6212	6371
51	6309	2164
52	7651	6376
53	4434	4169
54	8478	6380
55	7641	6381
56	3500	6386
57	6903	8573
58	7807	6435
59	7720	6439
60	6918	6441
61	6763	2339
62	7469	6455
63	8565	6469
64	3366	6496
65	4043	6498
66	3614	6498
67	6791	6506
68	7572	6508
69	7733	6519
70	4078	6526
71	3737	6535
72	5076	4197
73	7662	6557
74	8262	6560
75	8668	6562
76	7171	6573
77	7824	6573
78	5537	6577
79	7941	6577
80	7994	6596
81	7683	6601
82	8663	6602
83	4127	6603
84	7641	6607
85	8369	6623
86	3341	6625
87	6978	6633
88	8318	6640
89	8616	6645
90	7590	6648
91	3650	6656
92	7888	6657
93	3983	6665
94	7861	6665
95	4190	6670
96	7685	6673
97	7699	6674
98	8699	6675
99	7880	6677
100	4284	6224
101	8004	6696
102	8668	6702
103	4129	6713
104	7743	6715
105	7989	6725
106	3680	6730
107	6909	6733
108	6488	6744
109	7997	6751
110	6534	6760
111	3979	6765
112	4214	6767
113	7758	6775
114	4114	6784
115	8712	6784
116	3782	6801
117	3639	6805
118	7941	6807
119	8476	6814
120	7962	6818
121	3363	6820
122	4032	6832
123	8479	6842
124	8339	6843
125	8069	6870
126	4576	6880
127	4045	6891
128	5019	2754
129	8345	6911
130	7400	6912
131	9547	6913
132	8443	6917
133	8681	6921
134	3985	6932
135	9426	6941
136	4007	6944
137	3365	6959
138	8041	6960
139	9024	6963
140	8598	6976
141	8204	4268
142	7432	6981
143	6831	7004
144	9155	7015
145	4107	7023
146	5957	7026
147	7729	7027
148	8780	7027
149	8134	7035
150	5928	7041
151	8489	7042
152	8743	7048
153	9362	7055
154	4114	7061
155	6462	2280
156	4795	7071
157	8967	7072
158	4012	7073
159	8742	7094
160	7981	7095
161	7747	7100
162	8542	7105
163	7699	7120
164	3506	7127
165	3938	7135
166	4086	7143
167	4382	7144
168	7680	7146
169	7292	7163
170	7774	7170
171	6830	7174
172	6733	7175
173	6903	7177
174	7324	7180
175	7562	7181
176	8991	7182
177	3511	7189
178	8709	7190
179	7269	7203
180	6813	7209
181	4534	7234
182	3437	7236
183	8794	7235
184	7766	7241
185	9124	7246
186	8562	7246
187	4219	7248
188	7349	7258
189	4042	7271
190	8513	7277
191	6694	7279
192	7255	7280
193	8017	7283
194	7478	7292
195	7416	7294
196	4324	7296
197	4746	2320
198	6778	7311
199	7090	7322
200	8455	7334
201	6600	7344
202	9425	7345
203	3490	7346
204	3899	7350
205	3892	7365
206	6301	7373
207	7160	8774
208	9131	7376
209	6583	7389
210	7256	7390
211	8268	7391
212	7102	7391
213	8351	7401
214	6325	7414
215	3929	7416
216	6549	2338
217	7456	7417
218	8083	7420
219	5979	7440
220	9616	7442
221	9015	7445
222	6565	7461
223	8365	7480
224	6845	7488
225	7095	7489
226	8144	7514
227	6547	7528
228	5981	7531
229	6030	7537
230	6439	7538
231	7732	7540
232	6766	7557
233	9299	7563
234	3785	7564
235	6484	7569
236	6256	7570
237	8547	7571
238	8641	4370
239	5984	8261
240	8478	7603
241	6389	7609
242	6553	7623
243	8549	7628
244	9386	7636
245	2908	2779
246	4486	7639
247	8470	7647
248	7264	7649
249	5651	7651
250	7286	7656
251	5698	7661
252	6994	7663
253	7501	7663
254	372	2818
255	7441	7670
256	7864	7676
257	6938	7678
258	9296	7694
259	7937	7701
260	4323	4390
261	3533	7705
262	5292	7716
263	9507	7718
264	4161	7720
265	6290	7720
266	7043	4392
267	6804	7728
268	8559	7736
269	8003	7741
270	8410	7741
271	7156	7744
272	5856	7751
273	4084	7758
274	7282	7760
275	5393	7761
276	6652	6406
277	7986	7784
278	7088	7791
279	7350	7793
280	5625	7795
281	7530	7806
282	8188	7808
283	5648	7809
284	8433	7810
285	5674	7813
286	6963	7815
287	7408	7823
288	5683	7826
289	4048	7829
290	6771	7830
291	8414	7831
292	5358	7841
293	8379	7848
294	6715	7852
295	4127	7856
296	6135	7868
297	6029	7872
298	7384	7885
299	7400	7892
300	5370	7907
301	3674	7911
302	6907	7911
303	6800	7923
304	8071	7937
305	6454	7942
306	5399	7944
307	5472	7951
308	9230	7956
309	4357	4433
310	8401	4435
311	5995	7984
312	8823	4260
313	7514	8000
314	8663	8003
315	6624	8005
316	6172	8008
317	6402	8016
318	5898	8020
319	5427	8024
320	5372	8027
321	9276	8030
322	6440	8451
323	7317	8037
324	5448	8042
325	6948	8048
326	6888	8051
327	7521	8068
328	6280	8080
329	7667	8088
330	3704	5196
331	7712	8093
332	6911	8098
333	6895	8099
334	7128	8116
335	8246	4460
336	6210	8134
337	8131	4462
338	5936	8148
339	6023	3996
340	7639	8156
341	6920	8157
342	8645	8166
343	6807	9601
344	6427	8176
345	9017	4471
346	6690	8200
347	5953	8481
348	8825	5199
349	3855	4475
350	8442	4475
351	7359	8217
352	9802	8218
353	6748	8227
354	6615	8231
355	6472	8233
356	8803	8239
357	7308	8246
358	5970	8263
359	6896	8263
360	5329	8490
361	5746	8277
362	7753	8293
363	9600	8294
364	7514	8295
365	6742	8297
366	7501	8298
367	6537	8302
368	5361	8302
369	3097	2492
370	6879	8342
371	7840	8349
372	7259	8356
373	5623	8393
374	8060	8410
375	9303	8414
376	6653	8415
377	6856	8421
378	6551	8421
379	7406	8426
380	8318	8429
381	3837	8432
382	5835	8446
383	9658	8451
384	6089	8455
385	8423	8459
386	8864	8461
387	5406	8466
388	6384	8467
389	5585	8467
390	7010	8479
391	7814	8487
392	7296	8495
393	7581	8498
394	7882	8504
395	4681	2523
396	7147	8526
397	6223	8542
398	6272	8546
399	7780	8565
400	7437	8571
401	9659	8571
402	7722	8583
403	5427	8584
404	5361	8593
405	6593	8600
406	8515	8602
407	5891	8603
408	7654	8610
409	6109	8620
410	9828	8623
411	8656	8624
412	6283	8630
413	8118	8630
414	8942	8631
415	4177	2541
416	7794	8637
417	8266	8643
418	6976	8647
419	6508	8654
420	6305	8656
421	6165	8658
422	3793	8662
423	7753	8668
424	5651	8671
425	7737	4551
426	7964	4552
427	6109	8681
428	6296	8682
429	8739	4553
430	5331	4554
431	7242	8694
432	6897	8699
433	7680	8702
434	7541	8712
435	7496	8720
436	7048	8720
437	7392	8731
438	6378	8739
439	5776	8740
440	5501	8742
441	5612	8743
442	6321	8753
443	5992	2562
444	7360	8765
445	5998	8765
446	5649	8775
447	7495	8777
448	7665	8781
449	5415	8784
450	6846	8788
451	6497	8800
452	7305	6577
453	7615	8811
454	8566	8814
455	8947	6020
456	6602	8819
457	7338	8838
458	6688	8878
459	8793	8895
460	9854	8897
461	7394	8902
462	4189	4591
463	7373	8935
464	7622	8944
465	7851	8953
466	5571	8957
467	5824	8960
468	7711	8969
469	9782	8970
470	7706	8609
471	7268	8982
472	8067	8995
473	8802	8997
474	6190	9004
475	7986	9007
476	7888	9019
477	7965	9022
478	7994	9034
479	6119	9050
480	6051	8623
481	5694	9067
482	7492	9078
483	5949	9081
484	7731	9087
485	2658	4622
486	9254	9110
487	6008	9111
488	6136	9113
489	6560	9114
490	7739	5229
491	7970	9128
492	6550	9141
493	6557	9164
494	7291	9166
495	9737	8641
496	7535	9181
497	6815	9186
498	8311	9196
499	8392	9198
500	7501	9205
501	7913	4032
502	8555	9221
503	6685	9223
504	8633	9223
505	8625	9230
506	7202	9235
507	6554	9244
508	7212	9250
509	7909	9254
510	6374	9255
511	8364	9260
512	8383	9269
513	6299	9275
514	6498	9276
515	6348	9281
516	7512	9288
517	6167	9289
518	8998	4434
519	8064	9311
520	8930	9314
521	8951	9321
522	6892	9328
523	6510	9329
524	6389	9338
525	9288	9346
526	6921	9347
527	6550	9360
528	8624	9374
529	6630	9379
530	6447	9394
531	8389	9414
532	8691	9427
533	8797	9433
534	6674	9460
535	6162	8690
536	7203	9470
537	8483	9488
538	8410	9495
539	8302	9512
540	6809	9513
541	7017	9519
542	8240	9530
543	9008	9538
544	7257	9542
545	8597	9547
546	8136	9552
547	8383	9563
548	7817	9573
549	8407	9581
550	8286	9586
551	6872	9595
552	7115	9598
553	8444	9601
554	6930	9607
555	6322	8715
556	6796	9621
557	3191	2709
558	5076	9654
559	8520	9654
560	7222	8723
561	5118	9676
562	5151	9677
563	8110	4721
564	7412	9719
565	2764	2731
566	9065	9787
567	6089	9815
568	3398	6750
569	8337	4748
570	8551	4750
571	7417	4764
572	5667	4776
573	5664	4783
574	6882	6792
575	7419	2787
576	3191	2791
577	8754	5956
578	8237	4799
579	4818	4814
580	2302	2818
581	4130	5078
582	4778	4844
583	3820	8478
584	8354	4859
585	6577	8874
586	6169	7680
587	3854	4869
588	4225	4892
589	2788	4905
590	6160	2903
591	9760	8091
592	4046	2933
593	2977	4944
594	8774	6144
595	7652	6950
596	8370	4947
597	5867	2953
598	5996	2959
599	8125	4965
600	3529	2963
601	4273	4498
602	5844	4968
603	7575	4972
604	8731	4983
605	3971	4994
606	6140	5025
607	8171	5028
608	5636	3031
609	9268	6161
610	7066	3319
611	7698	9093
612	4655	3083
613	2848	3091
614	4687	7101
615	8719	5099
616	4676	3104
617	6110	45
618	6677	3113
619	6688	58
620	7711	5120
621	6717	115
622	6398	134
623	6116	145
624	5409	3131
625	8049	9142
626	8893	9144
627	8043	5142
628	6341	207
629	8548	5334
630	6925	253
631	8740	5152
632	6530	269
633	6496	9339
634	3622	7163
635	6467	306
636	6668	306
637	6584	313
638	6451	319
639	6831	133
640	6840	330
641	8738	5165
642	6710	348
643	6415	9175
644	6564	353
645	7187	5168
646	8643	7175
647	6844	3170
648	7015	397
649	6096	468
650	8726	5187
651	7731	9198
652	6533	7197
653	6860	4543
654	6391	521
655	8379	5196
656	6930	3196
657	7797	9207
658	4154	7206
659	6526	594
660	6433	613
661	6286	633
662	6732	770
663	9052	7245
664	6828	811
665	8498	9254
666	4108	3245
667	8848	9281
668	3718	3280
669	3374	4162
670	5618	3292
671	7888	5300
672	6602	1166
673	7567	7311
674	8654	9315
675	3574	3305
676	8851	9316
677	7038	5317
678	5430	3317
679	9049	7332
680	6397	9345
681	7346	9347
682	8141	5344
683	4011	3344
684	8452	5348
685	7877	4574
686	6800	1462
687	6461	3350
688	3984	3357
689	7682	4576
690	8669	5365
691	6367	1593
692	4290	7379
693	6482	1639
694	6638	3380
695	8815	4981
696	4247	5390
697	7638	5783
698	7094	1733
699	6461	1741
700	6961	1751
701	5661	3402
702	6841	1813
703	6479	1831
704	5990	1832
705	296	1834
706	8107	5415
707	5762	1839
708	7127	1854
709	5114	1882
710	1614	1886
711	6810	1889
712	7669	9433
713	6535	1906
714	5299	2188
715	6472	1915
716	5123	1918
717	5782	1934
718	8884	6191
719	5135	1956
720	6503	1958
721	6357	1965
722	5375	1970
723	7229	1979
724	6752	9450
725	7410	5448
726	8443	9455
727	6237	2063
728	1686	2067
729	5882	2071
730	6700	2076
731	5701	2084
732	4634	2093
733	4145	6597
734	5737	2116
735	7991	5462
736	5861	2130
737	9451	5466
738	6059	2157
739	4618	2175
740	6085	2191
741	6296	2204
742	6319	2204
743	8181	7480
744	8824	5800
745	4850	2222
746	6237	2230
747	6089	2231
748	5194	2239
749	5724	2251
750	5037	2267
751	4786	2269
752	5015	2277
753	5374	2291
754	6537	2297
755	4809	2300
756	6751	2309
757	6484	2315
758	6310	2325
759	2296	2328
760	6418	2339
761	5392	2351
762	4879	2356
763	4678	2366
764	4812	2394
765	4590	2398
766	3713	2406
767	4642	2410
768	3599	4224
769	9396	5516
770	3267	2497
771	6850	7530
772	6142	2507
773	4565	2532
774	6487	2536
775	5067	2539
776	3932	2542
777	4127	2545
778	4968	2559
779	6523	9415
780	6934	7542
781	4438	3537
782	3893	2623
783	2839	2624
784	7105	2633
785	916	2637
786	2769	2643
787	2845	2653
788	4106	2668
789	6942	2673
790	4702	2674
791	4008	2681
792	3322	2684
793	6872	2690
794	2657	2691
795	4201	2698
796	5661	2702
797	6168	7564
798	3881	2708
799	6124	2720
800	5155	2728
801	3826	2732
802	6277	2732
803	2841	2740
804	2780	2755
805	295	2759
806	3618	2760
807	2963	2769
808	4954	2774
809	1561	2787
810	2934	2794
811	685	2795
812	7417	2810
813	4899	2816
814	6002	2823
815	4278	2826
816	430	2835
817	4673	2836
818	4864	2840
819	5349	2843
820	4947	2844
821	5599	2844
822	6051	7587
823	5402	2862
824	4052	2866
825	4000	2869
826	744	2875
827	633	2890
828	2748	2903
829	7040	2914
830	5061	2918
831	5436	5023
832	4889	2930
833	6162	2933
834	4439	5600
835	6404	2948
836	5625	2951
837	2990	2953
838	5958	2959
839	1913	2960
840	3973	2963
841	1194	2969
842	4633	2982
843	6077	2996
844	5544	2999
845	6631	3003
846	6004	3005
847	5745	3022
848	6287	3024
849	2761	3028
850	6055	3039
851	5377	3049
852	2286	3057
853	4957	3057
854	4990	3065
855	5522	3067
856	5553	3074
857	5932	3086
858	6341	6230
859	2556	3090
860	6547	3090
861	7140	3095
862	3073	3096
863	5011	3097
864	5780	3101
865	6360	3106
866	4798	3108
867	4093	3113
868	4851	3122
869	2786	3134
870	6255	3135
871	4289	3161
872	5932	3163
873	4660	3165
874	5304	3171
875	4874	3174
876	3736	3213
877	6166	3218
878	6330	3240
879	7748	8636
880	2953	3252
881	6407	3254
882	5723	3268
883	4144	3274
884	7091	5655
885	4037	3276
886	6000	3282
887	6285	3286
888	5653	3287
889	5151	3309
890	6402	3322
891	6821	3326
892	5449	3328
893	6372	3342
894	4321	3350
895	6580	3352
896	4068	3364
897	4232	3371
898	3982	3373
899	5762	3386
900	7832	5673
901	6562	3394
902	6537	3394
903	4053	3412
904	5564	3426
905	3372	3451
906	5926	3456
907	5564	3477
908	4246	3477
909	4208	3490
910	4078	3490
911	6050	3491
912	3970	3502
913	6001	3502
914	6338	3524
915	6924	3531
916	4294	3554
917	2246	3567
918	6826	3569
919	5299	3579
920	4170	3581
921	6157	3589
922	4192	3591
923	5979	3614
924	4267	3616
925	8076	7716
926	6061	3629
927	5866	3632
928	4788	3639
929	4590	5510
930	8338	6012
931	5529	3671
932	6814	3684
933	5448	3686
934	6822	3689
935	4757	3703
936	4444	3703
937	5224	3704
938	6134	3705
939	4421	3734
940	4874	3738
941	5520	3746
942	6079	3748
943	5767	8654
944	6000	7741
945	6260	3774
946	4934	3786
947	1799	3791
948	4828	3797
949	4757	4252
950	5365	3815
951	4503	3820
952	5382	3828
953	5598	3843
954	1432	3870
955	3150	3894
956	4396	3910
957	2135	3922
958	6116	3933
959	2388	3945
960	4454	3953
961	4912	3957
962	3752	3975
963	2174	3979
964	4816	3980
965	3988	3981
966	4676	3982
967	3774	3985
968	4343	3987
969	9839	7873
970	7010	4008
971	5961	4009
972	5072	4010
973	4312	4024
974	3831	4027
975	1906	4033
976	3532	4047
977	4281	4049
978	5485	4052
979	4248	4055
980	5336	4061
981	8784	4260
982	3996	4071
983	6328	4074
984	3701	4084
985	3679	4106
986	5637	4118
987	8044	4118
988	5903	4127
989	4805	4140
990	6330	4144
991	9112	5800
992	3760	4155
993	4065	4158
994	4842	4664
995	4012	4163
996	8309	4164
997	3799	4169
998	7150	7807
999	3688	4172
1000	5009	4196
1001	4474	4197
1002	3585	4203
1003	6457	4206
1004	4864	4216
1005	4670	4219
1006	8807	4222
1007	5168	4227
1008	4320	4234
1009	8315	4234
1010	9520	7869
1011	3809	4241
1012	7088	4245
1013	7104	4246
1014	8355	4256
1015	8250	4258
1016	4274	4260
1017	4962	4265
1018	4666	4272
1019	8295	5821
1020	8663	4279
1021	3294	4283
1022	4790	4288
1023	8117	4304
1024	4712	4313
1025	6201	4314
1026	7603	5870
1027	3519	4325
1028	6136	4325
1029	3643	4328
1030	3533	4328
1031	6580	4336
1032	3998	4340
1033	4491	4349
1034	8227	4236
1035	8362	4369
1036	8088	4371
1037	4158	4379
1038	4749	4380
1039	8396	4384
1040	8766	4385
1041	7132	4394
1042	8609	4395
1043	2481	4398
1044	7079	4398
1045	5033	4401
1046	3431	4405
1047	3561	4415
1048	2394	4429
1049	4495	4430
1050	2414	4432
1051	7242	4438
1052	2467	4446
1053	4986	4459
1054	7379	4460
1055	7571	4488
1056	3386	4492
1057	4663	4506
1058	5810	4510
1059	2462	4512
1060	2755	4517
1061	2459	4520
1062	3418	4530
1063	8686	4534
1064	8160	4547
1065	4882	4556
1066	6036	8641
1067	7897	4568
1068	8552	4568
1069	8345	4583
1070	4818	4585
1071	3709	4590
1072	8856	4594
1073	4225	4596
1074	5295	4597
1075	7448	8682
1076	8260	4607
1077	4891	4619
1078	3717	4620
1079	3842	4621
1080	3859	4626
1081	8230	6681
1082	2538	4630
1083	8578	4631
1084	5202	4638
1085	7987	4646
1086	8769	4649
1087	4046	4655
1088	7869	4655
1089	8082	4663
1090	8472	4663
1091	4116	4666
1092	5010	4672
1093	7331	4672
1094	8730	4677
1095	2838	4694
1096	4235	4701
1097	7454	8004
1098	7808	4707
1099	6102	7900
1100	7732	4725
1101	3863	4728
1102	5125	5897
1103	3857	4736
1104	7231	4745
1105	7984	4748
1106	4219	4754
1107	3771	4758
1108	4040	4760
1109	4826	4779
1110	4261	4779
1111	8572	4781
1112	8607	4785
1113	6926	5486
1114	8298	4796
1115	5408	4804
1116	8218	4811
1117	7502	4816
1118	5469	4819
1119	7337	4820
1120	7237	4820
1121	8120	4823
1122	3790	4826
1123	8605	4832
1124	3790	4833
1125	5333	4836
1126	8478	4844
1127	7486	4849
1128	3752	4850
1129	4762	4854
1130	3811	4860
1131	5660	4865
1132	3832	4865
1133	8538	4865
1134	3684	4869
1135	7924	4879
1136	5563	4892
1137	2891	4892
1138	8474	4893
1139	5465	4894
1140	3566	4902
1141	3173	4916
1142	7748	4918
1143	8467	4921
1144	2951	4928
1145	8697	4929
1146	8778	4931
1147	8673	4938
1148	3850	4952
1149	3560	4953
1150	3954	4958
1151	8022	4965
1152	5430	4966
1153	5582	4968
1154	3477	4978
1155	3646	4982
1156	8758	4985
1157	7641	4991
1158	3413	4994
1159	8107	5010
1160	3464	5015
1161	8484	5019
1162	4447	5028
1163	9070	5031
1164	7037	5036
1165	4234	5038
1166	5446	5043
1167	2956	5046
1168	8149	5047
1169	7318	8296
1170	8697	5074
1171	3239	5080
1172	7817	5083
1173	8952	5085
1174	9026	5087
1175	8750	5093
1176	5404	5099
1177	7105	5101
1178	4105	5108
1179	4654	5111
1180	7011	5117
1181	4553	5130
1182	5481	5133
1183	5417	5135
1184	8112	5139
1185	5491	5148
1186	6829	9501
1187	7418	7900
1188	8609	5169
1189	6997	5170
1190	3158	5179
1191	7034	5180
1192	8623	5183
1193	7708	5185
1194	7851	5190
1195	4919	5193
1196	6902	5203
1197	3192	5208
1198	4179	5214
1199	4264	5218
1200	8859	5219
1201	7629	5220
1202	5020	5221
1203	3750	5223
1204	4050	5223
1205	7906	5224
1206	4171	5231
1207	7110	5230
1208	7094	5241
1209	7365	5248
1210	8622	5252
1211	8835	5256
1212	5187	5258
1213	8198	5259
1214	8564	5268
1215	8964	5270
1216	8030	5272
1217	7478	4403
1218	4280	5274
1219	5058	5280
1220	8197	5284
1221	8052	5284
1222	7806	5294
1223	8968	5297
1224	8612	5301
1225	8697	5302
1226	4146	5303
1227	9352	5306
1228	7391	5309
1229	8676	5313
1230	7287	5315
1231	8627	5318
1232	8151	5323
1233	7094	5324
1234	6967	5332
1235	3092	5335
1236	7955	5339
1237	8626	5339
1238	7866	5342
1239	3902	5104
1240	7696	5350
1241	8244	5354
1242	7966	5360
1243	4203	5363
1244	3457	5364
1245	8263	5374
1246	7160	7507
1247	4276	5388
1248	8637	5389
1249	8847	5392
1250	7758	5392
1251	8862	6008
1252	4239	5398
1253	8756	5402
1254	8058	5415
1255	5820	5416
1256	4232	5425
1257	8735	5424
1258	9412	5427
1259	7274	5427
1260	6944	5430
1261	5172	5435
1262	8487	5435
1263	3742	5438
1264	7842	5440
1265	8588	5442
1266	8348	5452
1267	8070	5462
1268	4589	5466
1269	4550	5468
1270	7963	5475
1271	7950	5495
1272	9415	5498
1273	8296	5501
1274	4962	5515
1275	3919	5530
1276	7826	5530
1277	5926	4028
1278	8304	5536
1279	7613	5540
1280	8714	5544
1281	7855	5546
1282	8044	5553
1283	6744	5560
1284	4345	5564
1285	8621	5565
1286	7520	5591
1287	8092	5604
1288	6980	5605
1289	7609	5608
1290	6993	5614
1291	7207	5615
1292	8404	5620
1293	7149	5627
1294	7827	5631
1295	6954	5634
1296	6765	5637
1297	7519	5640
1298	8185	5643
1299	8565	5645
1300	7582	5648
1301	7621	5654
1302	8677	5656
1303	8525	5670
1304	8469	5673
1305	7654	5673
1306	7675	5674
1307	7505	5677
1308	8610	5680
1309	7660	5688
1310	8327	5706
1311	8576	5708
1312	8332	5709
1313	7674	5716
1314	9437	5720
1315	8435	5732
1316	4522	5735
1317	7707	5739
1318	8399	5740
1319	8105	5742
1320	9000	5762
1321	8499	5762
1322	8185	5763
1323	8468	5766
1324	8819	5771
1325	7738	5788
1326	7743	5811
1327	9512	5825
1328	9438	5827
1329	9304	6080
1330	8279	5832
1331	7748	5833
1332	7603	5845
1333	7116	5849
1334	9274	5859
1335	7181	5862
1336	4081	4083
1337	7574	5875
1338	9100	5880
1339	7376	5881
1340	9555	5883
1341	9646	5897
1342	5176	5898
1343	9055	5908
1344	8366	5913
1345	9227	5923
1346	4181	4094
1347	8413	5930
1348	8294	5930
1349	8833	5934
1350	7875	5942
1351	8834	5955
1352	7517	4967
1353	7701	5984
1354	6935	5984
1355	8944	5991
1356	7143	5995
1357	9222	5996
1358	9608	5997
1359	9110	5998
1360	5171	6003
1361	8786	6008
1362	6814	7928
1363	8805	6020
1364	8439	6027
1365	8766	6051
1366	3430	6052
1367	7290	6053
1368	8440	6055
1369	7265	6070
1370	8232	6078
1371	8920	6090
1372	9056	6091
1373	9510	6096
1374	9527	6099
1375	7656	6109
1376	4161	6110
1377	4352	6112
1378	8239	6114
1379	8173	6127

REQUESTS = 1500
1	264	24	26	3	3	2
2	1059	7	9	3	2	2
3	532	9	12	1	1	3
4	1214	1	2	1	3	1
5	406	4	5	2	3	3
6	380	7	10	1	4	1
7	561	26	27	2	2	1
8	263	21	22	3	4	2
9	763	1	3	3	4	2
10	38	3	4	1	1	3
11	311	2	3	1	3	1
12	1015	12	13	3	4	3
13	1290	2	3	3	4	2
14	378	4	7	1	3	2
15	633	5	7	2	3	1
16	192	2	4	3	4	2
17	1102	6	8	2	3	1
18	206	20	21	1	3	3
19	853	6	7	1	3	3
20	1074	1	4	3	3	2
21	566	21	23	2	2	1
22	783	25	26	2	2	2
23	906	5	7	1	4	1
24	1227	16	19	3	4	2
25	74	13	14	2	1	2
26	271	10	12	3	1	1
27	1349	13	15	2	1	1
28	302	15	17	3	1	1
29	757	16	18	2	1	3
30	629	4	7	1	2	1
31	1093	8	11	1	3	3
32	1201	23	26	2	3	3
33	849	18	19	2	4	2
34	870	7	8	2	1	2
35	1111	14	17	2	1	1
36	41	21	24	1	1	1
37	332	3	4	2	2	2
38	1004	5	7	2	1	2
39	1159	27	28	2	1	1
40	1319	14	16	1	2	1
41	267	11	12	2	4	3
42	624	18	19	3	2	1
43	7	22	24	3	2	2
44	112	6	7	1	1	1
45	481	13	14	1	3	2
46	634	5	6	3	3	1
47	944	13	14	3	4	1
48	1122	11	14	3	4	3
49	705	12	15	3	2	2
50	1351	11	13	2	4	2
51	69	24	26	2	4	1
52	558	16	17	2	1	1
53	969	18	19	1	3	3
54	152	15	18	3	2	2
55	697	13	14	1	4	2
56	487	9	10	2	4	3
57	690	11	13	2	4	2
58	1200	16	19	2	1	1
59	710	21	24	1	2	2
60	601	2	5	2	2	2
61	1198	5	6	3	1	2
62	1192	2	5	3	1	1
63	976	18	19	2	3	3
64	219	24	27	2	3	3
65	30	20	22	1	2	1
66	407	13	15	2	3	1
67	1022	9	10	3	1	1
68	1371	10	12	3	4	3
69	345	24	26	1	3	2
70	456	28	29	1	2	2
71	384	19	21	1	3	2
72	189	19	22	1	1	1
73	528	5	8	1	2	2
74	622	3	5	3	2	1
75	1267	23	24	3	2	2
76	632	10	13	2	3	1
77	1244	2	5	2	2	2
78	236	2	4	2	3	1
79	242	2	3	3	2	1
80	1014	10	13	2	4	1
81	945	4	5	3	3	1
82	119	28	29	1	4	3
83	1075	18	19	1	1	1
84	823	17	19	1	3	1
85	497	12	15	2	3	2
86	448	24	27	3	3	3
87	1017	4	6	2	1	3
88	984	16	18	1	2	2
89	165	12	15	3	3	2
90	289	8	10	2	1	1
91	1037	9	11	3	4	2
92	792	18	20	1	1	2
93	999	4	7	1	3	3
94	998	25	27	3	2	2
95	834	12	13	3	4	1
96	102	15	17	3	2	2
97	1274	7	10	2	1	1
98	1268	6	7	1	2	1
99	642	16	17	3	2	2
100	141	11	13	3	4	1
101	1162	9	11	2	1	1
102	756	21	23	1	2	1
103	1338	12	15	2	3	2
104	320	9	12	3	3	1
105	1207	12	13	3	1	3
106	284	12	13	1	2	2
107	1270	20	21	2	3	2
108	152	9	11	2	2	2
109	1306	5	6	2	1	3
110	154	24	25	1	4	2
111	773	6	9	1	4	2
112	1126	17	18	2	4	1
113	616	20	22	1	2	1
114	717	14	17	2	1	2
115	464	5	7	1	2	2
116	1153	16	19	3	3	3
117	512	22	25	1	2	1
118	22	1	3	3	4	1
119	36	24	26	3	1	1
120	859	20	22	2	2	1
121	108	26	27	3	2	2
122	791	15	16	1	3	3
123	519	13	15	2	4	3
124	608	4	5	1	3	1
125	91	23	26	1	3	3
126	1203	19	20	3	4	3
127	583	20	21	2	4	1
128	731	12	14	3	2	1
129	625	19	20	3	4	3
130	344	19	20	2	1	3
131	970	11	14	1	3	1
132	67	18	19	1	1	1
133	376	24	26	1	3	1
134	140	5	7	3	4	3
135	752	2	4	2	3	2
136	953	7	10	1	1	1
137	82	21	22	2	1	3
138	587	2	5	1	2	2
139	1032	23	25	3	3	3
140	1281	19	21	2	3	1
141	216	1	2	3	4	1
142	593	9	12	3	2	2
143	1378	3	5	1	2	2
144	37	6	7	3	2	2
145	1091	25	28	2	2	1
146	516	14	17	1	1	2
147	5	12	13	2	4	3
148	572	19	21	2	4	1
149	1278	8	10	2	4	2
150	127	14	17	2	1	1
151	290	13	16	2	4	3
152	1072	9	10	2	4	1
153	646	8	10	2	1	2
154	144	25	28	2	1	1
155	919	12	13	1	2	2
156	619	14	16	1	4	2
157	281	4	6	2	4	3
158	409	27	28	1	2	1
159	1187	14	16	1	3	1
160	343	24	25	2	1	3
161	740	15	16	2	4	1
162	1332	23	25	1	2	1
163	1196	11	13	1	1	1
164	1025	14	15	1	3	3
165	300	9	12	3	1	3
166	178	24	25	3	2	2
167	520	3	4	2	3	3
168	779	22	25	2	4	1
169	1106	16	19	2	2	2
170	426	26	29	1	3	1
171	614	15	17	1	4	1
172	864	7	10	3	3	1
173	1116	11	13	1	4	1
174	442	26	28	2	3	1
175	1285	5	6	1	3	3
176	927	4	5	2	2	1
177	1265	8	9	1	3	2
178	31	16	19	1	4	2
179	325	17	20	3	1	2
180	609	1	3	1	3	1
181	603	21	23	3	4	1
182	869	24	25	3	3	3
183	871	15	18	3	2	1
184	559	19	21	2	4	2
185	1008	21	24	3	2	2
186	728	11	12	1	3	3
187	643	3	6	2	2	1
188	848	5	8	2	4	1
189	1052	13	14	2	4	3
190	1199	12	13	2	1	1
191	563	4	6	1	1	3
192	87	7	9	3	2	2
193	1051	22	25	2	2	1
194	114	21	23	3	2	2
195	1217	11	14	2	1	3
196	403	18	20	3	2	2
197	34	5	8	3	4	1
198	241	1	3	1	4	1
199	333	2	4	1	4	1
200	712	3	6	3	2	2
201	688	14	15	2	2	2
202	964	4	5	1	2	1
203	700	17	18	2	2	1
204	425	24	26	2	2	1
205	550	7	10	1	4	1
206	1209	10	11	2	1	3
207	115	27	29	1	1	3
208	339	22	23	2	1	1
209	755	16	19	1	4	2
210	522	4	6	2	1	3
211	1269	9	12	1	2	1
212	23	13	16	3	4	3
213	1361	9	10	2	3	1
214	1372	1	2	3	4	1
215	1186	11	14	2	3	1
216	1248	7	9	3	4	2
217	1058	4	6	2	1	2
218	172	9	10	2	4	1
219	1082	15	18	2	4	1
220	310	7	10	1	3	1
221	966	14	16	1	4	3
222	654	27	28	1	3	2
223	461	24	26	2	1	1
224	360	21	22	1	4	3
225	789	15	17	3	4	2
226	130	10	12	1	1	3
227	293	9	10	3	2	2
228	923	2	3	2	2	1
229	744	9	12	3	4	1
230	313	4	6	1	4	3
231	954	8	9	3	4	1
232	647	6	7	1	1	2
233	357	26	27	1	1	1
234	1131	2	5	2	3	3
235	1002	7	8	3	2	1
236	1276	25	26	2	4	3
237	648	4	5	3	2	1
238	990	4	7	1	2	1
239	235	21	22	1	1	2
240	1152	7	9	3	3	2
241	62	11	13	1	3	2
242	691	25	26	1	3	3
243	9	6	7	3	4	3
244	161	25	28	1	1	1
245	747	16	18	3	3	3
246	1046	24	25	1	4	1
247	175	24	25	3	2	2
248	1213	17	20	3	1	3
249	274	12	15	2	2	1
250	339	24	27	1	2	2
251	1119	15	17	3	2	2
252	597	5	7	1	4	1
253	1048	16	17	2	4	2
254	495	1	3	1	4	1
255	900	3	6	3	1	2
256	1216	24	25	3	4	3
257	873	3	4	2	4	2
258	107	4	6	1	4	3
259	720	6	8	2	2	1
260	386	26	27	2	1	1
261	212	5	6	2	2	1
262	540	21	22	2	3	1
263	861	12	15	1	1	1
264	138	1	4	3	1	2
265	81	3	4	2	3	1
266	449	12	14	3	4	2
267	856	18	20	2	4	2
268	132	21	24	2	3	3
269	492	7	8	1	1	1
270	973	17	18	2	1	3
271	1138	23	25	3	3	2
272	198	10	13	2	2	2
273	922	14	17	1	2	2
274	374	16	18	1	2	2
275	1043	9	11	3	1	1
276	1366	9	11	2	1	1
277	27	11	12	1	2	2
278	418	16	18	1	3	3
279	556	26	27	2	1	3
280	1085	20	21	3	2	1
281	1202	25	27	3	4	1
282	1353	25	27	3	1	1
283	974	22	23	3	2	1
284	219	21	22	3	4	1
285	941	15	18	3	3	3
286	1223	10	12	1	1	3
287	754	1	4	2	2	2
288	475	7	8	2	2	2
289	506	4	7	3	1	3
290	1376	13	16	2	4	1
291	96	15	16	1	2	2
292	645	13	16	1	4	1
293	120	12	14	1	4	2
294	1313	3	4	1	4	2
295	1220	11	12	1	1	3
296	1190	9	10	2	2	2
297	845	22	23	2	1	2
298	1222	23	24	3	2	1
299	474	8	11	2	4	2
300	685	11	13	1	1	3
301	1373	8	10	1	1	2
302	75	12	14	2	3	3
303	153	17	19	1	3	3
304	356	20	22	1	2	1
305	833	17	18	3	1	2
306	1136	19	20	3	2	1
307	1251	22	24	3	4	3
308	163	9	12	3	3	2
309	1012	17	18	1	2	2
310	1000	12	15	2	4	3
311	227	25	28	2	2	2
312	913	20	21	2	1	1
313	1033	16	18	2	1	2
314	527	22	25	3	3	1
315	655	20	21	1	4	1
316	342	13	15	1	2	1
317	323	18	21	2	2	1
318	414	25	26	1	1	2
319	48	7	10	2	3	2
320	575	24	27	2	1	1
321	627	21	22	2	2	2
322	560	22	23	3	4	1
323	499	12	15	3	2	1
324	781	10	12	3	2	2
325	562	11	12	1	2	1
326	305	13	15	3	1	2
327	105	15	17	1	1	2
328	1161	16	19	1	3	3
329	1001	20	22	1	3	1
330	1117	19	22	2	3	3
331	1357	4	6	2	4	2
332	1174	9	12	2	3	1
333	640	14	16	3	1	2
334	249	14	17	2	3	2
335	181	19	21	3	3	2
336	1	10	12	1	1	2
337	396	25	27	3	1	1
338	466	7	9	2	2	2
339	577	10	12	1	4	2
340	85	6	7	2	1	3
341	600	24	27	2	4	2
342	989	17	19	1	4	2
343	777	18	21	1	4	3
344	1151	8	10	2	3	2
345	1164	23	26	3	4	1
346	1204	10	11	1	1	1
347	338	20	22	3	3	3
348	1011	8	10	3	1	1
349	445	5	7	3	3	2
350	718	8	11	1	1	3
351	278	12	15	3	4	1
352	1208	13	14	2	3	1
353	110	21	22	2	3	1
354	742	25	26	1	1	1
355	863	25	28	2	4	1
356	1225	25	27	1	2	2
357	197	4	5	2	4	3
358	1239	9	12	2	3	1
359	648	16	18	3	1	3
360	88	14	15	1	4	1
361	547	17	19	3	3	1
362	708	8	11	3	1	1
363	1129	18	21	1	2	2
364	850	15	16	3	1	2
365	1007	28	29	1	1	2
366	1045	22	23	3	2	2
367	568	20	23	3	4	3
368	387	6	7	1	2	1
369	552	4	5	2	2	2
370	1157	4	6	1	3	3
371	995	8	10	3	1	2
372	1272	17	18	1	1	3
373	234	10	11	1	3	2
374	824	25	28	1	1	2
375	268	24	27	2	4	3
376	1255	12	13	3	4	1
377	478	9	12	3	3	2
378	1317	17	19	3	3	1
379	276	2	4	3	2	2
380	1368	8	10	1	4	1
381	902	9	12	3	3	1
382	183	17	20	3	1	3
383	3	23	26	3	1	1
384	298	25	28	1	3	1
385	1018	6	9	3	1	3
386	1021	1	4	2	2	2
387	291	5	6	2	4	3
388	978	1	2	3	3	2
389	1233	26	27	3	1	2
390	581	12	14	1	3	3
391	756	1	4	1	1	2
392	476	8	10	1	1	1
393	184	13	15	1	3	1
394	541	1	3	1	2	2
395	1055	13	16	1	2	1
396	903	21	23	2	1	1
397	479	18	20	1	2	2
398	855	11	13	3	1	3
399	827	8	11	1	3	2
400	595	16	19	1	2	2
401	683	8	11	2	4	2
402	766	14	16	2	3	1
403	111	19	21	3	2	1
404	18	11	14	2	3	3
405	433	3	6	2	1	2
406	174	9	12	1	1	1
407	786	3	5	1	4	1
408	1170	5	7	2	1	3
409	450	18	19	2	1	2
410	455	3	4	3	4	1
411	14	18	19	2	1	2
412	1206	19	21	2	2	2
413	769	22	25	3	4	1
414	83	19	20	2	4	2
415	54	19	22	1	1	2
416	897	24	27	2	1	3
417	385	20	23	1	3	3
418	807	5	8	2	3	1
419	39	26	28	2	1	2
420	1073	11	14	2	4	1
421	1080	11	14	3	2	2
422	248	21	24	2	4	2
423	1297	1	3	3	2	2
424	753	17	20	3	3	3
425	535	6	9	3	3	1
426	749	2	3	1	1	1
427	586	5	8	1	4	3
428	371	20	23	2	2	1
429	818	25	27	1	2	2
430	393	10	13	1	1	1
431	1104	11	12	1	1	1
432	220	2	3	2	1	2
433	932	6	7	1	4	2
434	1303	6	8	1	4	1
435	470	17	19	2	4	1
436	382	18	20	3	1	2
437	777	7	10	3	3	1
438	1172	1	4	3	1	2
439	434	18	19	2	1	1
440	1316	25	27	2	3	2
441	1114	24	27	3	2	2
442	983	20	22	3	1	1
443	612	17	18	3	1	3
444	649	3	4	3	2	1
445	1191	25	26	2	2	2
446	916	13	16	2	1	3
447	394	19	21	3	4	3
448	1128	2	5	1	1	3
449	287	11	13	1	2	1
450	369	10	11	1	2	2
451	730	7	8	1	1	3
452	921	22	25	3	3	2
453	1300	20	21	3	3	1
454	1271	14	17	1	1	1
455	245	13	15	3	1	3
456	232	7	10	3	3	3
457	1359	6	7	1	3	2
458	179	27	28	1	4	3
459	822	22	23	1	3	3
460	820	17	18	2	2	2
461	838	19	21	2	1	2
462	1289	25	28	1	4	1
463	191	1	2	3	4	2
464	336	10	13	3	2	2
465	1253	14	16	2	1	1
466	1141	9	10	2	1	1
467	529	10	11	2	1	2
468	160	24	26	3	1	1
469	292	3	4	1	1	1
470	116	3	6	2	3	3
471	605	14	16	1	2	1
472	1257	11	14	2	1	3
473	536	9	11	3	3	2
474	465	9	11	2	3	2
475	42	1	3	1	3	3
476	1010	4	6	1	3	3
477	928	11	14	2	2	2
478	667	2	5	1	3	3
479	179	20	23	1	1	3
480	1330	13	15	2	4	2
481	451	16	17	1	4	1
482	816	25	26	1	3	2
483	50	17	20	1	3	1
484	221	3	5	1	4	2
485	240	4	6	3	1	2
486	150	20	21	1	1	2
487	670	26	27	1	4	3
488	1041	15	18	2	2	1
489	1083	7	8	1	3	2
490	314	23	26	2	3	1
491	722	7	10	3	1	1
492	1181	6	8	2	1	3
493	13	2	3	2	2	1
494	76	26	28	2	3	1
495	714	20	23	2	1	3
496	417	8	10	1	1	1
497	956	23	24	2	4	3
498	243	5	6	1	2	2
499	657	18	20	1	1	3
500	626	23	25	3	2	2
501	1367	9	10	2	2	2
502	958	16	18	2	4	3
503	266	4	6	2	2	1
504	709	4	6	1	2	1
505	8	6	7	2	1	1
506	1263	12	14	2	1	2
507	715	17	20	3	3	2
508	295	25	26	2	2	2
509	293	21	23	3	3	1
510	117	17	18	1	1	2
511	405	3	5	2	2	1
512	981	23	26	2	4	2
513	860	23	24	2	1	3
514	541	6	8	1	3	3
515	691	12	15	1	1	1
516	353	4	6	3	3	2
517	1291	9	12	1	3	2
518	787	11	13	3	2	1
519	1147	3	6	3	3	1
520	628	5	7	3	2	1
521	1143	5	6	2	2	2
522	402	18	21	1	3	1
523	765	5	6	3	1	3
524	473	13	15	2	1	1
525	337	2	3	2	1	3
526	951	16	18	1	4	2
527	689	17	18	3	1	2
528	1026	16	19	1	2	2
529	484	13	15	3	4	1
530	950	18	20	2	3	1
531	517	8	9	1	3	1
532	327	1	4	3	1	3
533	504	22	25	2	3	1
534	704	19	20	2	4	2
535	505	6	7	1	3	2
536	1197	23	26	1	2	1
537	29	13	16	3	3	2
538	758	4	7	2	4	3
539	148	22	23	3	4	3
540	526	1	3	2	1	2
541	1068	21	22	2	2	1
542	907	15	18	2	2	1
543	98	3	4	1	1	2
544	80	24	27	2	2	1
545	1359	21	23	1	1	1
546	278	1	2	3	3	2
547	1243	14	17	3	1	2
548	1148	23	24	3	3	1
549	370	1	4	2	3	1
550	1157	12	13	2	4	3
551	618	11	14	2	1	3
552	137	25	26	3	1	1
553	347	23	26	3	3	1
554	955	15	17	3	1	3
555	844	13	15	3	3	2
556	812	2	5	3	1	1
557	1060	15	16	2	3	2
558	719	16	17	2	1	3
559	501	21	23	1	2	1
560	435	1	4	2	2	1
561	265	19	22	2	2	1
562	556	12	15	1	3	3
563	51	4	5	1	3	1
564	803	2	5	2	4	3
565	776	22	24	3	4	3
566	1292	22	23	1	3	3
567	819	3	4	3	4	3
568	1112	16	18	3	4	3
569	1092	22	24	1	2	2
570	1243	10	12	2	3	2
571	443	21	22	2	1	1
572	946	11	13	2	2	1
573	1208	21	24	3	3	2
574	65	16	18	2	4	2
575	486	7	8	3	1	3
576	584	2	3	1	3	1
577	1294	28	29	1	1	2
578	865	20	21	3	4	3
579	1137	5	7	3	2	1
580	842	11	12	3	3	3
581	475	7	10	2	4	2
582	113	4	5	3	4	1
583	485	18	20	3	1	1
584	326	7	8	3	2	1
585	145	21	23	3	3	1
586	294	2	3	2	3	2
587	252	18	21	1	1	3
588	977	19	20	2	4	1
589	149	15	16	2	1	3
590	1343	23	26	3	1	2
591	1288	13	15	2	4	1
592	241	16	19	3	1	3
593	585	14	15	2	3	1
594	362	16	18	2	4	1
595	2	10	11	2	2	1
596	867	16	19	3	4	2
597	10	7	9	2	1	2
598	190	16	19	2	3	2
599	682	7	10	1	1	3
600	1061	22	24	2	4	2
601	1348	17	19	3	3	3
602	180	13	16	1	1	1
603	676	4	7	1	1	2
604	636	22	24	2	2	2
605	389	17	19	2	4	1
606	1064	4	7	1	4	3
607	16	1	4	3	1	3
608	567	19	22	3	2	1
609	277	5	8	3	2	1
610	350	26	28	1	1	2
611	279	8	9	1	4	1
612	204	9	12	1	3	2
613	539	21	23	3	1	2
614	126	18	19	1	4	1
615	253	6	9	3	2	2
616	376	7	8	2	3	3
617	912	17	20	2	4	1
618	25	13	15	1	1	1
619	49	1	4	1	1	1
620	496	21	23	3	4	2
621	657	2	5	3	3	1
622	1109	2	5	2	1	1
623	1123	17	19	2	2	1
624	908	2	3	2	1	2
625	857	21	23	3	3	2
626	1168	13	16	3	3	2
627	905	25	27	1	4	1
628	441	9	11	1	3	3
629	1231	22	23	1	4	1
630	1321	9	12	2	2	2
631	925	11	13	1	2	2
632	804	6	8	1	2	1
633	1121	4	7	3	1	3
634	778	10	13	3	2	1
635	940	11	13	1	3	2
636	1295	13	14	2	4	2
637	155	23	24	3	4	2
638	1373	15	16	1	2	1
639	743	26	27	1	1	2
640	408	7	9	3	3	3
641	334	10	11	2	3	1
642	187	15	16	3	2	2
643	991	8	10	2	4	1
644	544	20	22	3	2	2
645	118	20	21	3	2	1
646	826	20	21	1	2	1
647	538	13	14	2	3	1
648	557	27	29	1	2	1
649	72	10	12	2	2	2
650	890	10	11	3	4	1
651	1282	2	5	1	4	3
652	793	24	27	1	3	3
653	1301	3	5	1	1	1
654	483	17	18	2	3	2
655	307	16	19	3	3	2
656	1171	20	22	3	1	1
657	1218	27	29	1	1	3
658	936	13	15	2	1	2
659	984	9	11	1	3	2
660	1320	9	11	2	4	1
661	1118	2	3	3	1	1
662	559	14	15	3	2	1
663	672	17	18	2	4	3
664	46	21	24	1	3	1
665	193	23	25	1	4	3
666	994	25	28	2	3	3
667	308	11	14	1	1	1
668	713	17	19	1	2	1
669	1358	12	15	1	1	1
670	716	15	16	2	1	3
671	660	20	22	1	3	3
672	607	13	14	3	3	3
673	280	10	11	1	4	2
674	760	8	11	2	2	2
675	637	16	18	2	1	2
676	621	8	10	1	4	1
677	1154	5	6	2	3	1
678	176	14	17	3	1	3
679	1023	22	24	2	3	2
680	589	6	9	2	4	2
681	808	8	9	3	4	1
682	303	21	23	1	2	2
683	1003	20	21	3	2	1
684	221	17	20	2	1	1
685	858	16	18	2	4	3
686	1099	4	7	3	4	3
687	397	13	14	3	2	1
688	1089	4	6	3	2	2
689	124	7	8	1	1	1
690	100	21	23	3	1	2
691	248	17	19	1	2	1
692	1024	8	9	1	2	2
693	917	15	16	3	1	1
694	101	10	11	3	2	1
695	545	3	6	1	2	2
696	542	1	4	1	2	2
697	706	15	17	1	4	3
698	331	14	17	2	1	2
699	420	18	20	2	3	1
700	1256	3	6	1	1	3
701	330	16	17	1	2	2
702	136	8	11	2	1	1
703	291	9	10	1	2	1
704	238	24	25	1	1	2
705	962	24	26	3	4	2
706	832	1	4	2	4	3
707	1065	8	11	1	1	2
708	1011	22	23	2	4	3
709	231	17	20	2	1	2
710	469	16	19	2	1	3
711	1226	22	24	3	2	2
712	943	5	8	1	2	1
713	1284	23	25	3	1	1
714	911	3	4	3	4	1
715	388	24	27	2	3	2
716	1362	16	19	1	1	1
717	1132	21	24	2	3	1
718	1277	12	13	1	1	2
719	327	5	8	1	3	3
720	1339	18	20	1	4	1
721	801	20	23	2	2	1
722	862	20	23	1	1	2
723	254	26	28	1	4	1
724	438	6	8	1	4	2
725	1113	20	23	2	1	1
726	472	21	22	2	1	2
727	578	24	25	2	2	2
728	948	11	13	1	2	2
729	91	2	4	1	4	3
730	1185	23	26	1	4	3
731	875	24	26	3	2	2
732	452	17	19	2	2	1
733	468	10	11	1	2	1
734	321	1	4	1	4	1
735	257	1	4	2	3	2
736	207	4	7	2	2	1
737	1307	18	21	3	4	1
738	780	27	28	2	1	3
739	939	11	13	2	1	1
740	463	16	19	1	3	1
741	128	24	25	1	2	2
742	56	25	26	1	2	2
743	367	22	24	3	1	2
744	674	20	21	2	1	2
745	534	8	9	1	2	2
746	582	18	20	3	1	3
747	355	15	16	3	1	2
748	831	15	18	2	1	3
749	650	14	15	1	4	2
750	140	4	7	2	1	3
751	746	12	15	3	4	1
752	215	16	19	1	3	2
753	772	23	26	3	3	3
754	894	19	20	2	1	3
755	1156	14	17	2	3	1
756	1084	9	11	1	3	3
757	1125	2	5	2	2	2
758	1076	10	13	1	4	2
759	980	24	25	2	1	1
760	796	6	9	3	2	2
761	1365	10	13	3	3	3
762	510	4	7	1	2	1
763	201	20	23	1	2	2
764	817	5	8	3	1	2
765	1019	20	22	1	4	3
766	531	19	21	1	1	3
767	511	13	16	3	2	1
768	364	24	26	2	3	3
769	485	17	20	1	3	3
770	113	9	10	3	1	2
771	388	17	18	1	1	3
772	147	25	26	2	4	1
773	1090	5	7	2	2	1
774	986	11	14	3	4	1
775	177	8	10	1	3	1
776	898	10	13	2	3	1
777	507	8	9	1	3	2
778	422	19	22	2	1	2
779	38	25	26	1	2	2
780	218	7	9	1	2	2
781	910	5	6	3	4	1
782	255	9	11	3	3	1
783	288	22	24	3	3	2
784	1013	23	26	1	2	1
785	993	2	4	3	4	2
786	1031	11	12	1	2	2
787	698	11	13	1	3	1
788	106	7	9	2	2	1
789	705	18	20	1	1	1
790	71	3	4	3	4	3
791	368	15	17	1	2	2
792	741	13	16	2	3	2
793	1296	1	3	2	1	3
794	975	21	24	2	2	1
795	423	25	26	2	4	3
796	454	3	4	2	3	2
797	494	25	27	3	3	1
798	889	12	14	1	2	2
799	1374	26	27	3	2	1
800	431	20	22	2	3	2
801	302	16	17	1	2	2
802	93	17	18	1	4	3
803	139	2	3	2	4	2
804	961	15	18	3	4	3
805	1066	9	12	1	2	2
806	282	12	14	3	1	3
807	1236	11	12	2	4	1
808	1228	18	20	1	2	2
809	315	13	14	2	4	1
810	86	18	19	2	1	3
811	78	22	25	1	4	1
812	1086	8	11	2	4	3
813	665	22	24	1	2	2
814	1347	22	25	1	1	2
815	997	11	14	3	2	2
816	967	7	8	2	4	3
817	810	8	9	1	4	1
818	739	7	9	2	2	2
819	1356	3	4	3	1	1
820	684	5	6	2	1	2
821	1107	26	27	1	4	3
822	296	11	14	1	4	3
823	673	18	21	3	1	3
824	611	8	11	3	4	1
825	705	16	18	2	4	1
826	542	17	18	2	1	3
827	551	11	14	1	3	1
828	1169	9	11	1	3	2
829	1322	7	9	1	3	3
830	1336	10	11	3	3	2
831	926	23	24	1	2	2
832	78	20	23	1	3	1
833	1087	15	18	3	4	1
834	1142	10	11	2	3	3
835	1188	16	18	1	3	1
836	1158	10	13	1	3	1
837	668	14	15	1	4	1
838	340	25	27	3	2	2
839	1219	18	20	1	1	3
840	59	4	7	3	4	3
841	1165	6	8	1	3	1
842	114	11	12	2	3	1
843	225	22	25	3	3	3
844	644	10	13	3	1	1
845	620	25	27	3	3	1
846	64	2	3	3	3	1
847	959	1	2	3	3	1
848	395	6	7	3	2	2
849	324	12	13	3	4	3
850	525	15	17	1	3	3
851	1049	25	27	2	2	1
852	446	4	7	2	4	3
853	259	25	28	2	4	3
854	947	5	6	1	4	1
855	444	13	14	3	1	1
856	891	22	25	1	4	3
857	341	16	19	1	3	1
858	711	17	19	3	2	2
859	162	24	26	2	1	1
860	391	20	21	3	3	2
861	318	23	25	1	3	3
862	1193	11	14	2	2	2
863	782	19	21	1	4	2
864	518	16	19	1	4	2
865	251	16	19	1	3	3
866	467	1	4	2	3	1
867	142	14	17	2	1	3
868	170	11	13	1	1	1
869	1318	17	20	1	2	1
870	1212	23	24	2	3	1
871	929	20	23	1	3	2
872	679	15	16	2	1	2
873	576	8	10	1	4	2
874	915	14	17	1	3	1
875	1266	4	7	3	3	1
876	1346	8	11	2	1	1
877	852	16	19	3	4	2
878	525	16	19	3	4	2
879	1071	22	24	2	2	1
880	553	24	27	1	4	2
881	1245	9	11	1	1	2
882	1222	17	20	2	3	2
883	1258	19	22	2	2	1
884	37	26	27	1	4	1
885	199	1	4	3	4	2
886	1173	6	8	3	2	2
887	158	6	8	3	2	1
888	152	22	23	1	1	3
889	680	25	26	1	1	1
890	677	14	15	3	3	1
891	146	20	21	1	3	3
892	1070	22	23	1	3	1
893	846	3	6	3	2	2
894	1214	14	15	2	2	1
895	953	5	6	1	2	2
896	109	9	12	3	4	2
897	299	6	8	1	3	3
898	931	20	22	2	1	1
899	1115	15	17	3	1	3
900	157	26	27	1	2	2
901	267	18	21	1	2	1
902	493	2	4	3	4	2
903	1097	9	12	1	3	1
904	1120	4	7	2	3	1
905	1241	3	6	3	4	2
906	588	19	22	1	1	2
907	195	2	3	1	2	2
908	275	13	15	1	3	1
909	373	10	11	2	2	1
910	687	2	3	1	1	3
911	1312	3	6	3	1	1
912	361	17	20	1	2	1
913	247	11	13	2	4	1
914	166	21	23	1	1	2
915	1156	4	5	3	4	3
916	237	13	16	1	1	1
917	726	17	18	2	2	2
918	702	12	14	3	3	2
919	1363	4	5	2	4	3
920	379	5	8	2	1	2
921	1103	8	10	1	3	1
922	306	4	7	2	3	1
923	1127	5	8	2	2	2
924	68	7	10	3	4	2
925	810	2	3	3	1	2
926	721	22	24	1	4	2
927	1078	25	27	2	2	1
928	47	10	12	2	4	2
929	574	12	15	3	2	2
930	623	25	28	1	2	1
931	942	14	16	2	2	2
932	854	22	24	3	3	3
933	259	12	13	3	2	1
934	805	6	9	2	4	1
935	135	7	9	2	3	2
936	11	15	17	3	1	3
937	895	5	7	2	2	1
938	488	17	19	1	3	1
939	736	9	10	3	2	2
940	1024	8	10	1	4	1
941	901	19	20	3	1	1
942	879	24	26	3	3	1
943	924	19	22	1	3	3
944	1211	3	5	1	2	1
945	1176	2	3	3	2	1
946	795	21	23	2	2	2
947	143	13	14	3	3	1
948	186	23	26	2	2	1
949	883	24	25	1	4	3
950	131	2	4	1	2	1
951	377	18	21	2	4	1
952	1302	18	21	3	4	2
953	1355	10	11	3	4	1
954	635	20	21	1	1	2
955	1328	16	19	2	2	2
956	1309	8	9	3	2	2
957	666	17	19	3	1	2
958	12	6	8	3	3	2
959	257	8	11	3	3	3
960	904	17	20	2	3	2
961	17	8	9	2	1	1
962	439	20	23	3	1	3
963	652	21	23	2	2	1
964	316	17	19	1	1	2
965	1325	16	19	2	2	1
966	664	13	15	1	3	1
967	213	13	15	2	1	2
968	77	22	23	3	3	3
969	918	19	20	1	1	2
970	123	13	15	2	4	1
971	770	9	12	2	3	3
972	358	19	20	2	1	2
973	258	22	23	2	3	1
974	297	25	27	3	1	1
975	615	26	27	2	1	3
976	546	18	21	2	1	3
977	437	20	21	1	3	1
978	768	22	24	3	1	2
979	533	14	17	1	3	3
980	1177	1	4	3	4	1
981	554	22	23	1	1	3
982	599	8	10	3	3	3
983	1229	1	2	2	4	3
984	851	25	26	3	2	1
985	304	11	12	1	1	2
986	661	11	12	3	3	1
987	1344	17	20	3	4	1
988	815	20	23	2	2	1
989	696	1	2	3	1	3
990	457	17	18	2	4	3
991	1054	8	9	1	1	1
992	806	14	16	3	2	1
993	514	12	15	1	3	3
994	1108	17	18	2	2	1
995	530	17	18	1	4	3
996	57	18	20	2	1	2
997	351	12	15	2	4	2
998	509	3	5	3	1	3
999	1110	6	9	3	2	2
1000	1124	5	8	2	4	1
1001	436	1	2	3	4	2
1002	835	15	16	1	3	3
1003	260	23	25	3	4	3
1004	171	20	22	1	3	1
1005	1283	5	8	2	2	2
1006	58	16	18	3	2	1
1007	878	17	19	2	2	1
1008	167	6	7	2	4	2
1009	762	4	7	2	2	2
1010	1038	23	25	2	2	2
1011	427	19	20	3	4	3
1012	88	23	26	2	1	3
1013	1354	5	7	2	1	2
1014	90	8	11	1	2	1
1015	933	22	25	3	2	1
1016	202	9	12	2	4	3
1017	416	13	16	2	2	2
1018	442	17	20	3	4	1
1019	802	7	9	3	3	1
1020	1308	9	12	2	4	1
1021	1067	11	13	1	3	3
1022	841	10	11	3	3	1
1023	1208	19	22	1	2	1
1024	1020	25	26	3	1	3
1025	419	1	2	3	4	1
1026	971	6	7	3	2	2
1027	901	16	19	3	2	2
1028	28	19	22	1	3	1
1029	570	3	6	1	3	1
1030	996	25	27	3	4	2
1031	73	23	26	1	3	1
1032	304	11	13	3	4	2
1033	681	21	24	2	1	1
1034	500	26	29	1	3	1
1035	387	10	12	3	2	1
1036	188	12	13	3	1	2
1037	723	5	8	3	1	1
1038	242	10	12	1	2	2
1039	1057	1	4	2	2	2
1040	1205	15	17	1	2	2
1041	44	3	6	1	2	1
1042	43	5	8	1	4	3
1043	543	19	21	3	1	3
1044	432	13	14	2	2	2
1045	338	6	7	1	3	2
1046	1329	8	10	2	2	2
1047	390	5	8	2	2	2
1048	415	19	22	3	2	1
1049	256	21	23	2	1	1
1050	1029	26	28	1	3	3
1051	628	1	3	2	3	3
1052	35	4	6	3	4	1
1053	1183	11	13	3	2	2
1054	261	10	13	1	3	1
1055	847	12	13	3	3	3
1056	764	20	23	3	1	1
1057	857	12	13	3	1	1
1058	637	1	3	2	4	2
1059	1166	12	13	2	1	2
1060	63	8	9	2	4	3
1061	1069	18	19	2	3	2
1062	1098	15	16	1	2	2
1063	899	9	10	3	1	3
1064	168	17	18	2	1	3
1065	60	16	18	1	4	2
1066	725	26	27	2	4	3
1067	56	26	29	1	4	1
1068	707	22	23	3	3	1
1069	524	23	26	1	2	1
1070	790	5	7	2	1	1
1071	592	8	10	1	1	2
1072	491	25	28	2	2	2
1073	399	8	11	1	4	1
1074	392	18	19	2	2	1
1075	774	2	5	3	2	2
1076	788	2	3	1	2	2
1077	1262	10	11	1	3	3
1078	1195	16	19	2	4	2
1079	1304	12	15	3	3	1
1080	896	24	26	3	4	1
1081	1172	18	20	2	4	3
1082	934	7	8	3	4	2
1083	372	11	12	1	1	1
1084	495	21	23	3	2	1
1085	1039	16	17	1	1	3
1086	1310	7	8	2	2	2
1087	1115	22	25	3	4	2
1088	1155	13	16	1	3	1
1089	1247	5	8	2	2	1
1090	411	2	4	2	3	3
1091	1044	22	24	1	4	1
1092	881	21	23	2	1	2
1093	965	7	9	3	3	1
1094	1370	25	27	2	3	2
1095	366	16	17	3	2	1
1096	21	15	18	1	4	1
1097	366	20	22	1	3	2
1098	653	17	19	1	1	1
1099	1331	13	15	1	2	1
1100	1135	5	6	3	2	1
1101	302	9	11	1	3	2
1102	129	25	27	1	1	3
1103	839	23	26	2	4	2
1104	319	20	21	1	4	1
1105	508	18	19	3	1	1
1106	1139	18	21	1	2	1
1107	490	25	27	1	1	1
1108	537	12	15	2	1	2
1109	121	14	16	1	3	1
1110	1062	25	27	2	4	3
1111	16	7	9	2	2	2
1112	498	5	7	2	4	1
1113	979	23	25	3	1	1
1114	104	14	17	3	3	1
1115	239	5	6	3	3	3
1116	1027	23	24	1	3	1
1117	460	25	27	1	3	3
1118	930	3	4	2	1	3
1119	855	20	21	1	1	3
1120	658	9	10	1	4	1
1121	737	9	10	2	3	3
1122	606	5	7	1	3	1
1123	1264	7	9	3	3	1
1124	226	1	2	3	4	2
1125	821	10	11	1	2	1
1126	1007	19	20	2	3	3
1127	1286	8	10	2	1	1
1128	936	27	28	2	2	1
1129	882	23	26	3	1	1
1130	852	12	14	1	4	2
1131	270	18	21	3	2	1
1132	1145	13	14	3	4	2
1133	843	15	17	2	1	2
1134	1350	13	16	1	1	2
1135	246	17	20	1	4	3
1136	797	6	7	2	3	2
1137	1232	23	24	2	2	1
1138	348	21	23	2	3	1
1139	203	16	19	1	2	2
1140	59	9	10	2	3	1
1141	617	11	13	3	2	1
1142	1215	20	21	1	3	2
1143	1315	15	17	1	3	1
1144	133	25	26	2	2	2
1145	594	20	21	3	3	2
1146	250	13	14	1	3	2
1147	669	5	7	3	1	2
1148	1345	26	28	1	2	2
1149	354	6	8	3	1	2
1150	33	8	11	2	3	2
1151	1130	5	8	1	3	2
1152	761	8	9	3	2	2
1153	1287	4	7	1	3	1
1154	1249	16	17	2	1	1
1155	55	10	13	3	1	1
1156	365	11	14	2	4	3
1157	230	1	3	1	4	2
1158	458	22	25	1	2	1
1159	888	5	7	2	1	1
1160	564	18	21	2	1	2
1161	164	3	6	3	1	2
1162	340	14	17	3	3	3
1163	335	13	16	3	4	1
1164	1250	10	12	2	2	1
1165	987	16	18	2	2	2
1166	455	17	18	2	1	3
1167	656	24	26	2	4	2
1168	794	18	21	3	2	2
1169	1178	14	17	3	2	1
1170	301	9	11	3	3	2
1171	1276	25	28	1	3	1
1172	659	1	4	3	3	2
1173	94	18	21	1	2	1
1174	167	7	9	2	2	1
1175	381	8	9	3	4	3
1176	866	12	13	1	4	1
1177	159	9	12	2	1	2
1178	574	16	17	2	1	2
1179	1342	18	19	3	1	3
1180	767	11	14	3	2	1
1181	613	10	11	2	3	3
1182	565	13	15	1	4	3
1183	1055	19	22	1	1	1
1184	692	14	16	1	1	1
1185	1115	5	7	1	1	1
1186	1179	6	8	2	1	3
1187	593	15	17	3	1	3
1188	893	14	15	3	4	3
1189	1244	14	16	1	2	1
1190	703	13	16	2	4	1
1191	809	13	14	3	2	2
1192	1210	10	11	2	3	3
1193	1189	19	21	2	2	2
1194	949	3	4	3	2	2
1195	738	25	26	3	4	1
1196	699	1	3	2	1	3
1197	322	7	10	2	2	2
1198	210	18	21	3	2	1
1199	252	10	11	1	1	3
1200	428	7	10	2	1	3
1201	156	4	6	2	2	2
1202	1260	22	23	1	2	2
1203	1146	5	6	2	1	3
1204	346	25	27	3	1	1
1205	671	23	25	2	2	1
1206	750	11	13	2	4	3
1207	513	25	27	2	3	3
1208	272	1	3	3	1	2
1209	1160	19	21	2	4	3
1210	1305	13	14	3	4	3
1211	799	3	4	1	2	2
1212	694	9	12	1	4	3
1213	489	17	18	2	3	3
1214	930	8	10	3	1	1
1215	775	14	17	1	3	2
1216	70	11	13	2	2	2
1217	830	13	16	2	3	1
1218	1326	18	21	3	2	2
1219	892	1	4	3	4	1
1220	729	13	16	1	2	1
1221	196	10	13	3	4	2
1222	352	5	8	2	3	1
1223	1246	9	12	2	3	2
1224	1360	23	26	1	2	2
1225	1016	7	9	3	4	1
1226	317	13	15	1	2	1
1227	571	10	12	1	3	3
1228	651	4	6	3	4	3
1229	26	3	4	3	4	1
1230	1184	9	11	2	3	1
1231	1254	15	16	2	1	2
1232	1261	26	29	1	2	1
1233	1167	7	8	3	1	2
1234	200	6	8	2	4	3
1235	1009	20	23	2	4	1
1236	885	21	24	2	4	1
1237	836	16	19	3	1	2
1238	631	22	23	2	3	1
1239	6	4	5	1	3	2
1240	223	3	4	3	4	3
1241	459	4	6	3	2	1
1242	918	6	7	1	2	2
1243	480	12	15	1	1	1
1244	580	12	14	2	3	2
1245	363	7	9	1	2	2
1246	686	5	6	1	4	1
1247	1057	11	12	2	3	3
1248	1230	10	11	3	3	2
1249	884	8	11	3	3	1
1250	596	4	7	3	3	2
1251	886	5	8	2	3	1
1252	829	17	19	1	3	1
1253	182	19	21	3	4	1
1254	45	24	27	2	1	1
1255	1079	4	5	2	2	2
1256	89	19	20	1	2	1
1257	555	14	16	3	4	1
1258	826	21	23	2	3	2
1259	828	22	25	1	1	2
1260	1240	5	8	1	1	1
1261	401	27	28	2	3	1
1262	404	23	26	2	3	3
1263	1012	16	17	3	4	1
1264	482	5	8	1	2	2
1265	214	16	17	2	1	3
1266	1088	18	20	1	4	2
1267	837	22	23	3	1	1
1268	1180	10	11	2	2	1
1269	1341	2	3	1	1	2
1270	453	11	14	3	1	3
1271	134	8	9	1	1	1
1272	502	1	4	2	2	2
1273	447	27	29	1	3	3
1274	439	3	6	2	1	2
1275	1371	19	20	1	4	2
1276	811	12	15	2	4	3
1277	1298	16	17	3	4	3
1278	1034	4	7	2	3	3
1279	1352	1	4	2	1	3
1280	518	21	23	3	2	2
1281	103	11	12	1	1	3
1282	877	26	27	1	2	1
1283	286	11	14	2	4	3
1284	1036	23	24	2	2	2
1285	1047	4	6	2	4	3
1286	15	10	12	2	4	3
1287	748	3	6	2	2	1
1288	1235	15	16	3	3	1
1289	1252	6	8	1	2	1
1290	97	25	26	1	2	2
1291	701	16	18	3	3	3
1292	61	11	14	1	3	3
1293	920	23	25	2	2	2
1294	732	13	16	3	3	2
1295	735	6	8	3	3	1
1296	151	14	15	3	4	2
1297	440	7	9	3	3	3
1298	1375	8	11	1	2	2
1299	952	7	10	3	3	3
1300	872	19	22	2	1	1
1301	968	23	25	1	3	3
1302	638	11	13	3	2	2
1303	1077	6	9	1	1	2
1304	1056	6	9	3	4	2
1305	161	26	27	3	3	1
1306	1284	11	12	1	2	1
1307	1089	5	8	2	4	1
1308	79	8	9	1	3	1
1309	32	2	5	3	4	1
1310	1144	5	6	1	3	2
1311	410	19	20	1	2	1
1312	693	25	26	2	2	1
1313	1273	1	3	1	1	1
1314	222	3	4	2	2	2
1315	1140	2	5	2	2	2
1316	375	13	16	1	2	2
1317	1042	8	9	1	4	1
1318	471	14	17	1	1	2
1319	425	20	21	3	3	2
1320	874	23	24	2	1	2
1321	194	9	12	1	2	2
1322	549	11	14	1	3	1
1323	1311	22	25	3	1	1
1324	686	14	17	3	3	2
1325	724	8	9	2	2	2
1326	771	21	24	1	1	2
1327	935	3	4	3	2	2
1328	1334	11	13	2	3	2
1329	52	10	12	3	2	2
1330	349	17	18	3	3	3
1331	1224	2	4	2	4	2
1332	785	1	3	3	4	2
1333	542	22	23	1	2	2
1334	880	23	24	2	3	2
1335	852	7	10	3	2	2
1336	1242	11	13	2	1	2
1337	145	16	18	3	4	3
1338	811	21	23	1	2	2
1339	524	2	3	1	1	3
1340	400	23	25	2	3	3
1341	937	25	26	2	3	2
1342	312	4	5	1	3	2
1343	1028	24	26	3	1	3
1344	1095	14	17	2	4	3
1345	1314	26	27	2	3	2
1346	876	4	6	3	4	1
1347	296	22	23	3	2	2
1348	985	10	12	1	3	1
1349	285	14	17	1	4	1
1350	727	22	24	2	2	2
1351	590	20	21	3	2	2
1352	1340	26	27	1	3	3
1353	800	14	16	1	3	3
1354	1040	21	24	3	2	1
1355	122	6	7	1	3	1
1356	424	13	15	2	4	2
1357	224	10	13	3	3	2
1358	813	23	25	2	4	1
1359	138	1	3	1	3	3
1360	1094	25	26	2	2	1
1361	1275	21	23	2	4	3
1362	733	9	12	3	1	3
1363	398	19	20	2	2	2
1364	84	2	5	2	4	3
1365	825	5	8	3	2	1
1366	1101	18	21	2	4	3
1367	874	14	16	1	1	2
1368	95	25	27	3	2	1
1369	641	4	5	1	4	3
1370	573	9	11	2	3	2
1371	1279	24	25	1	2	1
1372	610	7	10	1	3	2
1373	988	18	19	3	1	2
1374	209	5	8	2	4	3
1375	521	16	19	2	1	2
1376	383	9	10	1	1	3
1377	173	1	3	1	1	2
1378	229	3	5	2	2	1
1379	1006	6	7	3	2	2
1380	1100	16	19	1	2	2
1381	630	12	15	3	1	3
1382	4	10	13	1	2	1
1383	1259	18	19	2	4	1
1384	413	19	22	3	1	2
1385	1327	20	22	3	2	2
1386	1191	12	13	3	2	1
1387	1129	11	14	1	1	2
1388	477	14	15	2	1	3
1389	1081	14	16	3	2	1
1390	938	6	9	1	1	2
1391	269	11	12	3	1	3
1392	678	15	16	1	1	1
1393	1134	20	23	1	1	1
1394	1035	22	24	3	4	3
1395	1006	4	5	2	1	2
1396	675	4	5	2	4	2
1397	639	3	6	2	2	2
1398	1299	13	16	1	1	3
1399	375	20	21	3	4	2
1400	217	13	15	2	2	1
1401	569	18	21	3	2	1
1402	19	17	18	2	2	1
1403	1163	13	14	3	4	2
1404	233	14	16	3	3	1
1405	957	14	16	1	1	3
1406	40	21	24	3	4	3
1407	228	16	18	3	3	2
1408	329	24	26	2	3	2
1409	208	12	13	3	1	1
1410	53	16	19	3	4	1
1411	784	20	22	3	2	1
1412	1053	17	20	3	1	3
1413	765	2	5	1	2	1
1414	24	16	18	2	1	2
1415	579	1	4	3	1	3
1416	1174	21	24	3	3	3
1417	915	11	14	3	2	1
1418	99	16	19	1	4	3
1419	548	17	20	2	2	2
1420	759	18	19	1	4	2
1421	604	25	28	2	2	2
1422	598	21	22	3	4	2
1423	1030	17	19	2	3	1
1424	462	17	20	1	3	2
1425	1324	4	6	3	2	2
1426	515	24	25	3	1	2
1427	734	27	29	1	4	1
1428	982	17	19	1	2	1
1429	840	20	22	1	3	1
1430	309	10	12	2	3	3
1431	733	3	5	3	2	1
1432	1194	25	28	1	2	2
1433	1182	27	28	1	4	3
1434	963	3	6	3	1	2
1435	412	6	8	1	4	2
1436	909	21	22	2	1	1
1437	814	4	5	2	4	3
1438	745	15	18	2	2	1
1439	523	15	16	2	1	3
1440	503	16	17	1	1	2
1441	1105	16	18	2	3	3
1442	1238	22	25	3	2	1
1443	868	19	22	2	3	2
1444	430	11	13	1	1	3
1445	798	20	22	1	2	1
1446	887	24	27	2	1	1
1447	20	25	27	1	2	1
1448	429	22	24	3	1	2
1449	972	24	27	2	4	2
1450	359	8	10	3	3	2
1451	1237	22	24	2	3	2
1452	421	18	21	3	2	1
1453	663	25	27	3	2	1
1454	185	10	12	3	3	1
1455	1149	27	29	1	3	2
1456	1133	26	29	1	2	2
1457	205	4	5	3	1	3
1458	914	11	12	2	3	3
1459	662	22	25	2	1	1
1460	1234	10	12	3	2	1
1461	992	18	19	1	2	2
1462	855	2	3	2	3	3
1463	1005	22	24	1	1	2
1464	602	16	17	1	3	3
1465	1175	22	23	1	3	1
1466	960	9	10	3	1	3
1467	244	12	13	3	4	3
1468	1050	9	12	2	2	1
1469	1364	16	17	2	1	1
1470	1342	1	2	1	3	3
1471	1337	19	22	3	2	2
1472	328	9	11	3	2	2
1473	92	1	4	1	3	3
1474	1369	24	26	3	4	1
1475	695	21	24	3	3	3
1476	262	5	6	3	4	1
1477	1280	5	7	1	4	1
1478	211	1	4	3	1	3
1479	775	2	3	1	4	2
1480	1150	15	16	3	2	2
1481	1379	20	22	3	4	2
1482	950	6	8	1	3	1
1483	169	20	23	1	3	3
1484	66	21	22	3	3	3
1485	1293	5	8	3	3	3
1486	1096	17	18	2	3	1
1487	273	10	11	3	3	2
1488	1377	13	16	1	3	3
1489	591	8	9	2	4	1
1490	751	15	17	2	4	1
1491	602	26	27	2	4	1
1492	1333	2	5	1	3	3
1493	1335	14	17	1	2	2
1494	1221	17	19	2	1	2
1495	125	1	4	3	2	1
1496	653	23	24	2	1	3
1497	1063	16	19	1	3	2
1498	1323	22	24	2	2	2
1499	725	7	9	3	2	1
1500	283	21	22	2	2	2

