DATASET = ORTEC-hidden instance set VeRoLog competition
NAME = vehicles over tools over vehicle days over distance with 2000 requests over 50 days

DAYS = 50
CAPACITY = 40
MAX_TRIP_DISTANCE = 16000
DEPOT_COORDINATE = 0

VEHICLE_COST = 30000000
VEHICLE_DAY_COST = 4000
DISTANCE_COST = 1

TOOLS = 5
1	12	58	400000
2	15	46	500000
3	12	62	200000
4	9	60	200000
5	3	76	500000

COORDINATES = 1792
0	3976	3992
1	8284	6131
2	7808	6140
3	8073	6145
4	9397	6149
5	8836	6150
6	4347	6152
7	7946	6158
8	7392	6161
9	7606	6164
10	9067	6166
11	3496	6175
12	4289	6176
13	4275	6176
14	8677	8142
15	8736	6181
16	9144	6183
17	7828	6186
18	9058	6191
19	5472	6193
20	9037	6199
21	7988	6210
22	7750	6226
23	8339	6227
24	7726	6228
25	8957	6233
26	8582	6262
27	7870	6264
28	8447	6267
29	6006	6270
30	7082	7537
31	7526	6281
32	4320	6284
33	7700	6290
34	7864	6313
35	4112	6330
36	6794	6331
37	3731	6165
38	6700	6347
39	8280	6352
40	8547	6356
41	8000	6168
42	8195	6360
43	6309	2164
44	7651	6376
45	7641	6381
46	3479	6391
47	3548	6393
48	7733	6396
49	3823	6398
50	7854	6406
51	7514	6409
52	5912	6413
53	8647	6413
54	6650	8181
55	3943	6418
56	4315	6423
57	3848	6424
58	1452	2175
59	7807	6435
60	8310	6446
61	6895	6454
62	7538	6188
63	8358	6475
64	8173	6477
65	7412	6477
66	9134	5131
67	4286	6490
68	6084	6495
69	3366	6496
70	6013	6496
71	8683	6504
72	8050	6505
73	7567	6516
74	7733	6519
75	7909	6520
76	3961	6524
77	4078	6526
78	3351	6528
79	6311	2191
80	7608	6543
81	8557	6548
82	7448	6550
83	7024	8205
84	7662	6557
85	7806	6557
86	8262	6560
87	7423	6562
88	7824	6573
89	7287	6576
90	7286	6587
91	7863	6590
92	3465	6593
93	7641	6607
94	8691	6632
95	3709	6643
96	7590	6648
97	4055	6650
98	8295	6651
99	6872	7950
100	3411	6663
101	8803	6673
102	7880	6677
103	8680	6680
104	7770	6681
105	3790	6700
106	4161	6702
107	8388	6713
108	7950	6720
109	7907	6721
110	7186	8233
111	3680	6730
112	8393	6734
113	8504	6736
114	7763	6738
115	7819	6739
116	8331	6741
117	7784	6743
118	3508	6757
119	6771	6758
120	4130	6766
121	4199	6766
122	4214	6767
123	7758	6775
124	6325	2231
125	3847	6783
126	4114	6784
127	3828	6788
128	7536	6794
129	3443	6808
130	8761	4240
131	8704	6811
132	8476	6814
133	4218	6830
134	8680	6841
135	8737	6842
136	8479	6842
137	3847	6851
138	7775	6856
139	8084	6859
140	4663	6866
141	8069	6870
142	6246	4252
143	8522	6885
144	8538	4254
145	7683	6893
146	4226	6906
147	4627	6910
148	7400	6912
149	9547	6913
150	7820	6916
151	4574	6917
152	8188	6923
153	8451	6924
154	8238	6939
155	5974	6943
156	7828	6943
157	8023	6961
158	3939	6969
159	7432	6981
160	8144	6988
161	9260	6988
162	7185	7000
163	8741	7001
164	8440	7003
165	3940	7006
166	7314	7017
167	3916	5560
168	3541	7028
169	8780	7027
170	8678	7028
171	4590	7032
172	6925	7034
173	7839	7037
174	4570	7041
175	8489	7042
176	6939	8236
177	9362	7055
178	8157	7058
179	8775	7058
180	4114	7061
181	8801	7069
182	4795	7071
183	8967	7072
184	3982	7074
185	6458	7074
186	6793	7082
187	8492	7090
188	7938	7101
189	7533	8296
190	7738	7111
191	4010	7131
192	7680	7146
193	7790	7152
194	8256	7153
195	7246	7154
196	8750	7156
197	3518	7158
198	8138	7158
199	8916	7159
200	6903	7177
201	8774	4302
202	5029	3164
203	7939	7191
204	6720	7219
205	3902	7225
206	7546	7228
207	8016	7231
208	9023	7234
209	3437	7236
210	9124	7246
211	4102	7253
212	7349	7258
213	8798	7261
214	7367	7268
215	8329	7268
216	8205	7278
217	7447	7281
218	7654	7289
219	8268	7290
220	7416	7294
221	4023	7294
222	8210	7299
223	4746	2320
224	8054	7326
225	6622	7329
226	8166	7335
227	8524	7336
228	8216	7347
229	8887	7355
230	7516	7358
231	7332	7359
232	7174	7362
233	7829	7363
234	3779	7367
235	7311	4371
236	4056	7371
237	7160	8774
238	9131	7376
239	3509	7381
240	6382	7381
241	6583	7389
242	7293	7394
243	9266	8345
244	8351	7401
245	6784	8347
246	6549	2338
247	7767	7426
248	4284	4373
249	8028	7436
250	6494	7576
251	9015	7445
252	7743	7468
253	7282	7476
254	6469	7481
255	6588	7487
256	6845	7488
257	7353	7490
258	9078	7493
259	9064	7497
260	3999	4356
261	8259	7513
262	8144	7514
263	6486	7515
264	7781	7518
265	9533	7527
266	3807	7532
267	7710	7532
268	6649	7536
269	6794	7537
270	6439	7538
271	7732	7540
272	3542	7541
273	6448	7544
274	7043	7544
275	6970	7551
276	7385	7552
277	2418	4366
278	7700	7563
279	3914	7570
280	6314	7571
281	8547	7571
282	8770	7573
283	3750	7588
284	6887	7589
285	7680	7599
286	8553	7610
287	7920	7617
288	5802	3979
289	8475	7633
290	7264	7649
291	6994	7663
292	8699	7670
293	7441	7670
294	8924	7675
295	5611	7683
296	6321	7684
297	5733	7684
298	9296	7694
299	9458	7697
300	3542	7699
301	8389	7699
302	7075	7702
303	7080	7704
304	5358	7712
305	8374	7715
306	4161	7720
307	7121	7727
308	5816	7731
309	8559	7736
310	8003	7741
311	8167	7755
312	4084	7758
313	7180	7757
314	6682	8406
315	8782	7763
316	5519	7769
317	3538	4401
318	7526	7774
319	8364	7777
320	8117	7789
321	4496	2401
322	8277	7806
323	5641	7808
324	8580	7809
325	5674	7813
326	5900	7822
327	7162	7830
328	6771	7830
329	7157	7832
330	4425	4412
331	5569	7835
332	8994	7839
333	5358	7841
334	6079	7846
335	5585	7847
336	6582	7853
337	5380	7857
338	4274	7862
339	6135	7868
340	6029	7872
341	9143	7872
342	5293	7873
343	7047	7876
344	9645	7886
345	9670	8427
346	7192	7889
347	5790	7900
348	7359	8429
349	6480	7902
350	7123	7911
351	7296	7912
352	6783	7913
353	8763	7932
354	8071	7937
355	2412	4430
356	7625	8437
357	9230	7956
358	4328	7959
359	6965	7960
360	4357	4433
361	5440	7964
362	6955	7973
363	7422	7978
364	8636	4435
365	5445	7982
366	5995	7984
367	6716	7987
368	6996	8444
369	5335	7996
370	8823	4260
371	8468	7997
372	6902	7999
373	8227	8000
374	5920	8003
375	6172	8008
376	6281	8012
377	7047	8014
378	7829	8448
379	5399	8015
380	7202	8018
381	5898	8020
382	3644	6447
383	7261	8027
384	6440	8451
385	8324	8034
386	3539	8057
387	8634	8062
388	8891	8458
389	6280	8080
390	4498	5196
391	9628	8103
392	7429	8108
393	6539	8109
394	7306	8110
395	7128	8116
396	4999	4459
397	7409	8130
398	7790	8133
399	6210	8134
400	6093	8138
401	8131	4462
402	7581	8143
403	5896	8147
404	8949	8151
405	7688	8161
406	6168	8169
407	6807	9601
408	7266	8179
409	6016	8181
410	4093	4469
411	8492	8184
412	6272	8193
413	5695	8198
414	6690	8200
415	6406	8207
416	8442	4475
417	7444	8221
418	7482	8226
419	8830	8230
420	9379	6000
421	6472	8233
422	7418	6483
423	9188	8250
424	7715	8261
425	6896	8263
426	5492	8268
427	5746	8277
428	5405	8282
429	7106	8288
430	6742	8297
431	5361	8302
432	6810	8318
433	7556	8318
434	7930	8405
435	5788	8324
436	2450	4494
437	7174	8333
438	5565	8335
439	6879	8342
440	7694	8344
441	9951	8345
442	7840	8349
443	4842	3603
444	7722	8360
445	5685	8361
446	8529	4501
447	6537	8376
448	3589	8378
449	7955	8382
450	5352	8384
451	5600	8401
452	3578	8402
453	7756	8405
454	7859	8405
455	7619	8407
456	9303	8414
457	5580	8416
458	6568	8515
459	7302	8419
460	6372	3525
461	6381	8424
462	5646	8426
463	7406	8426
464	9119	7608
465	8734	8520
466	5835	8446
467	5470	8452
468	5964	8460
469	8328	5865
470	5585	8467
471	7501	8473
472	4094	5209
473	3651	8492
474	5747	8493
475	7581	8498
476	7709	8502
477	6886	8503
478	5873	8508
479	7856	8515
480	4356	4332
481	7918	8520
482	5764	8521
483	8209	8536
484	8152	8539
485	6223	8542
486	7210	8551
487	8385	8553
488	6141	8557
489	5669	8565
490	6041	8573
491	8460	8573
492	6354	8578
493	6396	6539
494	5427	8584
495	8243	4536
496	5361	8593
497	8211	8595
498	6296	8596
499	4575	4539
500	6593	8600
501	9131	6013
502	7622	8608
503	7654	8610
504	8478	8612
505	3994	4542
506	7303	8620
507	3940	8635
508	8441	8637
509	8655	8639
510	8437	8640
511	7401	8642
512	8515	8643
513	9647	8644
514	3931	4414
515	9270	8647
516	8989	8651
517	9086	6015
518	7254	8667
519	5841	8682
520	8739	4553
521	7680	8702
522	5966	8707
523	5914	8715
524	7048	8720
525	7466	8566
526	6742	8724
527	7001	8729
528	7152	8731
529	9405	8733
530	7222	8737
531	6897	8739
532	5776	8740
533	3796	4564
534	5683	8747
535	5998	8765
536	8348	8783
537	6924	8785
538	3836	4572
539	8074	8793
540	6404	8796
541	5738	8797
542	7304	8580
543	6669	8828
544	6644	8830
545	6211	8831
546	6765	8833
547	6177	8839
548	3543	3484
549	6593	8854
550	7056	8868
551	9051	8898
552	3874	2588
553	3764	6597
554	5382	8927
555	8759	8935
556	7903	8954
557	8630	8956
558	7529	8971
559	7502	8971
560	8801	8973
561	7706	8609
562	7268	8982
563	3986	4268
564	6871	9000
565	7986	9007
566	7751	9013
567	7925	9021
568	7965	9022
569	7453	9023
570	6062	9024
571	5624	9028
572	7661	9031
573	7675	9033
574	7744	8619
575	3820	4614
576	6324	9063
577	5988	8624
578	7837	9070
579	8002	9074
580	7931	9079
581	6334	9087
582	4521	4028
583	6458	9092
584	2658	4622
585	7471	8628
586	8548	9096
587	6446	9097
588	7875	9104
589	9254	9110
590	3424	2621
591	6136	9113
592	6860	6628
593	9573	9115
594	6048	9127
595	7508	9132
596	8335	9133
597	8749	9144
598	7751	9147
599	7368	9150
600	6335	9155
601	8832	9156
602	8125	9168
603	5856	9182
604	6635	9195
605	8392	9198
606	8098	9207
607	7631	9212
608	6442	9218
609	8555	9221
610	7915	9224
611	8625	9230
612	8918	9240
613	8967	9242
614	7909	9254
615	7998	9255
616	6916	9258
617	7213	4649
618	6830	9260
619	7926	9267
620	7879	9275
621	6498	9276
622	8551	9287
623	6436	9291
624	8185	9296
625	8313	9297
626	6956	9298
627	6488	9308
628	8064	9311
629	8597	9314
630	5697	6662
631	7464	9323
632	8010	9323
633	8315	6663
634	6725	9329
635	8625	9329
636	6943	9340
637	7195	9341
638	9193	9353
639	8212	9357
640	6655	9373
641	8043	9386
642	8285	8677
643	8668	9392
644	8307	9398
645	7093	9401
646	8226	9403
647	6755	9423
648	7006	9424
649	4059	4678
650	7898	9435
651	8705	9441
652	7217	9446
653	8301	9455
654	7908	4682
655	8886	9466
656	2564	4441
657	6935	9479
658	6914	9480
659	9152	9482
660	6758	9490
661	7242	9493
662	7102	9504
663	9170	9505
664	9209	9509
665	6674	9524
666	8602	9527
667	3878	4696
668	3714	4696
669	8597	9547
670	7928	9549
671	8885	9550
672	7234	9568
673	6939	8712
674	5558	4706
675	8981	9605
676	6796	9621
677	8495	9631
678	5045	9642
679	8569	9651
680	8793	9658
681	5105	9672
682	8459	9673
683	5151	9677
684	4126	5249
685	6187	8737
686	694	2732
687	6763	9255
688	3398	6750
689	4722	5074
690	6364	9869
691	3704	6761
692	6196	8764
693	4078	2758
694	6585	2759
695	7417	4764
696	3975	7680
697	7852	4764
698	4228	4771
699	3705	2773
700	5667	4776
701	5211	2784
702	5069	2796
703	8165	6808
704	4061	4816
705	4186	2814
706	5668	4817
707	4162	6821
708	2302	2818
709	8357	4825
710	3451	4833
711	5710	4844
712	5367	2855
713	6169	7680
714	3854	4869
715	5078	2868
716	1879	2873
717	8114	4882
718	6519	6888
719	5702	4888
720	8786	4882
721	4182	2894
722	8840	4907
723	5585	7873
724	7312	6922
725	2977	4944
726	3972	4950
727	5867	2953
728	8125	8967
729	6675	8971
730	8624	4965
731	4273	4498
732	7385	6971
733	3828	4976
734	5299	4978
735	4079	6984
736	7025	4981
737	5795	2983
738	4525	5143
739	4205	7002
740	8545	5014
741	9011	5019
742	7960	5021
743	5929	9032
744	7124	9488
745	5960	5031
746	7945	5051
747	1209	3052
748	7780	9066
749	4356	4520
750	5915	3076
751	7066	3319
752	6818	2519
753	2717	5083
754	9007	5085
755	7698	9093
756	4655	3083
757	4252	7094
758	2848	3091
759	7854	7100
760	8375	5101
761	6098	3102
762	4676	3104
763	7567	4687
764	6717	9117
765	7611	7120
766	8616	5120
767	8081	9128
768	4282	6546
769	6610	87
770	3511	5125
771	7910	7129
772	9262	5846
773	4286	5131
774	4539	3129
775	9122	5132
776	6116	145
777	8043	5142
778	7067	5143
779	6559	223
780	4658	5147
781	6549	226
782	6471	265
783	6809	6537
784	7499	9166
785	6668	306
786	6584	313
787	5261	4290
788	6840	330
789	9085	5164
790	8582	5165
791	6710	348
792	8961	9174
793	6564	353
794	8462	5169
795	7560	4370
796	6662	380
797	6844	3170
798	6003	401
799	8897	8542
800	6878	7742
801	6474	421
802	6559	426
803	6604	8213
804	6417	498
805	8939	7196
806	6391	521
807	9066	7200
808	6526	582
809	3641	5210
810	5755	5217
811	3687	7222
812	6426	664
813	8794	5224
814	8334	7228
815	9052	7245
816	6083	9253
817	4571	4153
818	7731	5248
819	4108	3245
820	8378	5249
821	7353	7259
822	6287	888
823	6416	890
824	9576	9265
825	7410	5265
826	4008	7270
827	8778	7271
828	8652	5272
829	6273	1018
830	6956	7284
831	9413	5284
832	8042	5291
833	8120	9298
834	7021	7298
835	5618	3292
836	6626	1125
837	7551	8967
838	6733	1168
839	6405	1175
840	8636	5365
841	7567	7311
842	8933	5308
843	7863	7312
844	6471	1223
845	6605	9320
846	7399	9323
847	6485	1246
848	6814	1256
849	5250	5769
850	6945	1287
851	8024	5333
852	6613	1371
853	8452	5348
854	7140	1438
855	7088	5372
856	5769	3371
857	6282	1592
858	6367	1593
859	6971	1606
860	7397	7981
861	6005	1647
862	8815	4981
863	6208	1653
864	7576	5386
865	6578	1665
866	6747	1678
867	5138	4182
868	6458	1685
869	8124	6183
870	7638	5783
871	6326	1710
872	6418	1717
873	6939	1741
874	6550	9414
875	3023	5412
876	6529	1813
877	4233	5414
878	6211	1833
879	296	1834
880	1077	1868
881	4570	5389
882	1614	1886
883	4951	1899
884	7669	9433
885	5079	1926
886	8884	6191
887	1385	1953
888	5135	1956
889	8623	7440
890	5375	1970
891	8166	5438
892	6403	1980
893	5166	1982
894	5492	1989
895	5226	2015
896	4428	5445
897	8443	9455
898	5212	2055
899	5257	2056
900	6185	2057
901	5913	2068
902	4557	3454
903	6097	2095
904	9451	5466
905	5127	2154
906	5892	2163
907	7566	7475
908	4835	2190
909	6085	2191
910	320	2201
911	6089	2231
912	5939	2232
913	6426	2248
914	5724	2251
915	4787	2285
916	7845	5491
917	5089	2297
918	4809	2300
919	9061	9503
920	4569	2331
921	4889	2333
922	7368	7502
923	6518	7502
924	9166	5499
925	2043	2355
926	5027	2359
927	9359	5502
928	5098	2365
929	6276	2366
930	7723	5504
931	6094	2372
932	4675	2384
933	3713	2406
934	3686	2414
935	6445	2420
936	6742	2421
937	4898	2435
938	6303	2452
939	2044	2473
940	3960	2492
941	6277	2503
942	4109	2504
943	6072	3523
944	6850	7530
945	4539	2507
946	6142	2507
947	6208	2519
948	5982	2528
949	6487	2536
950	5026	2543
951	5019	2546
952	6934	7542
953	4241	2577
954	2474	2581
955	4889	2584
956	6492	2587
957	3995	2608
958	5622	3812
959	4180	2612
960	5767	2613
961	2451	2615
962	5810	2620
963	3893	2623
964	2839	2624
965	4674	2648
966	5619	2657
967	4470	2660
968	7271	2668
969	2943	2677
970	6756	2680
971	2657	2691
972	3918	2697
973	4791	2699
974	2598	2701
975	3373	2704
976	2691	2712
977	6128	2713
978	3240	2715
979	8771	7565
980	4428	2718
981	4189	2725
982	5155	2728
983	3932	2752
984	2780	2755
985	5156	2757
986	5684	2757
987	462	2760
988	3618	2760
989	8879	5569
990	3637	2765
991	740	2768
992	2893	2770
993	683	2771
994	8714	5571
995	6151	2778
996	3902	2779
997	1561	2787
998	4137	2790
999	6188	2790
1000	5893	2791
1001	3822	2792
1002	4802	2792
1003	4920	2812
1004	6053	2817
1005	7645	7583
1006	6425	2845
1007	5420	2863
1008	6112	2881
1009	4829	2888
1010	4051	2888
1011	633	2890
1012	2377	2891
1013	3724	2892
1014	3219	2892
1015	6540	2892
1016	5453	2896
1017	3962	2900
1018	2730	2908
1019	6493	2912
1020	5061	2918
1021	3420	6225
1022	6134	2921
1023	5436	5023
1024	2996	2928
1025	6388	2930
1026	485	2932
1027	6225	2945
1028	4439	5600
1029	5788	2949
1030	3401	4224
1031	4577	2952
1032	2990	2953
1033	6898	2962
1034	3973	2963
1035	5325	2964
1036	5891	2966
1037	5111	2967
1038	5149	2971
1039	3157	2977
1040	3946	2977
1041	5858	2979
1042	6520	2981
1043	5101	2983
1044	5725	2985
1045	6421	2990
1046	3004	2999
1047	5544	2999
1048	6631	3003
1049	5067	3004
1050	6004	3005
1051	5345	3006
1052	6637	3007
1053	9754	8228
1054	6287	3024
1055	6917	3028
1056	6327	3031
1057	6474	3035
1058	4139	7619
1059	6540	3037
1060	5322	3039
1061	3886	3042
1062	6838	3042
1063	1198	3044
1064	757	3046
1065	5377	3049
1066	6378	3051
1067	3868	3056
1068	4957	3057
1069	5005	3060
1070	4097	3065
1071	5522	3067
1072	4133	3076
1073	4150	3086
1074	2556	3090
1075	5592	3092
1076	3073	3096
1077	4019	3097
1078	6599	3102
1079	6659	3107
1080	5104	3110
1081	6498	3111
1082	6535	3115
1083	2524	3117
1084	4851	3122
1085	5302	3429
1086	3159	3131
1087	2786	3134
1088	5385	3138
1089	6308	3142
1090	3238	3158
1091	4781	3163
1092	4875	3164
1093	6058	3168
1094	2873	3172
1095	6339	3178
1096	4269	3180
1097	3488	3185
1098	6200	3198
1099	6381	3206
1100	6083	3209
1101	5693	3215
1102	4832	3215
1103	6166	3218
1104	1504	3221
1105	4235	3222
1106	6673	3226
1107	5074	3236
1108	4067	3242
1109	5219	4634
1110	6508	3249
1111	3482	3252
1112	4114	3253
1113	6407	3254
1114	3976	3256
1115	6421	3263
1116	5626	3264
1117	5367	3650
1118	4037	3276
1119	5268	3277
1120	3569	3280
1121	6522	3280
1122	6285	3286
1123	4466	3653
1124	4811	3311
1125	5176	3319
1126	7074	3320
1127	5640	3323
1128	5449	3328
1129	6530	3335
1130	5971	3335
1131	6387	3337
1132	2341	3343
1133	1587	3345
1134	6506	3348
1135	2921	3351
1136	5297	3351
1137	4655	3359
1138	4030	3380
1139	5869	3390
1140	5579	3391
1141	6422	3392
1142	6571	3401
1143	5230	3408
1144	4287	3410
1145	5217	3414
1146	4550	3436
1147	6631	3437
1148	3793	3448
1149	5269	3448
1150	5926	3456
1151	6444	3467
1152	7150	7692
1153	5580	3484
1154	2244	3488
1155	4511	3494
1156	4172	3507
1157	5445	3507
1158	5819	4243
1159	6338	3524
1160	1247	3529
1161	5938	3536
1162	4666	3546
1163	6136	3557
1164	4228	3564
1165	4196	3702
1166	4724	3577
1167	6627	3582
1168	4265	3584
1169	4394	3585
1170	6157	3589
1171	6853	5708
1172	4267	3596
1173	5872	3600
1174	5299	4472
1175	8076	7716
1176	5262	3644
1177	6163	3645
1178	2558	3650
1179	6385	3652
1180	6155	3658
1181	5374	3677
1182	4485	3680
1183	4974	3686
1184	4873	3693
1185	7328	5726
1186	6760	7731
1187	4791	3712
1188	4007	5730
1189	4238	3726
1190	4473	3728
1191	1951	3729
1192	4706	3747
1193	6079	3748
1194	6786	3759
1195	6021	3762
1196	6260	3774
1197	4971	3775
1198	2974	3783
1199	4794	3795
1200	7552	5742
1201	5563	3805
1202	4757	4252
1203	6745	3822
1204	5344	3846
1205	6775	3846
1206	5323	3748
1207	6377	1746
1208	5432	3887
1209	5727	3905
1210	3942	3924
1211	4433	3928
1212	3761	3936
1213	2388	3945
1214	4454	3953
1215	5562	3959
1216	3752	3975
1217	2174	3979
1218	6766	3979
1219	3988	3981
1220	3916	3988
1221	9384	7777
1222	3615	3990
1223	5485	3991
1224	7108	5774
1225	5063	3995
1226	2155	4002
1227	4032	4017
1228	7811	4018
1229	4664	4028
1230	7870	4038
1231	4281	4049
1232	5485	4052
1233	4142	4059
1234	5193	4061
1235	3970	4064
1236	6328	4074
1237	4020	4075
1238	3825	4076
1239	4116	4080
1240	3524	4086
1241	2142	4100
1242	4480	4104
1243	5441	4107
1244	4656	4110
1245	3982	4114
1246	8244	4121
1247	4193	4125
1248	8194	4126
1249	7026	6665
1250	7981	9466
1251	4278	4137
1252	2106	4137
1253	7692	4137
1254	3515	4138
1255	5868	4146
1256	6828	4154
1257	6222	4154
1258	6853	4160
1259	5781	4164
1260	7274	6266
1261	5217	4168
1262	4074	4179
1263	3209	4183
1264	3535	4184
1265	8240	4265
1266	8927	7809
1267	3466	4189
1268	3520	4190
1269	5777	8268
1270	5009	4196
1271	3585	4203
1272	3547	4212
1273	4002	4212
1274	3710	4215
1275	4864	4216
1276	4390	4218
1277	7002	4219
1278	8167	4226
1279	3426	4229
1280	4740	4235
1281	4339	4237
1282	8112	4237
1283	8566	4238
1284	7104	4246
1285	7235	4248
1286	8764	4254
1287	5043	4258
1288	5889	3815
1289	4274	4260
1290	8062	4263
1291	3984	4269
1292	8350	4277
1293	4280	4286
1294	8860	4293
1295	5189	4295
1296	4174	4310
1297	4712	4313
1298	3868	4315
1299	8271	4315
1300	5443	4317
1301	8714	4317
1302	7861	5829
1303	4796	4323
1304	4395	4324
1305	3519	4325
1306	8572	4329
1307	3293	4335
1308	2359	4336
1309	4765	4338
1310	3467	4346
1311	4039	4348
1312	7312	4357
1313	6076	4358
1314	3757	4360
1315	8227	4236
1316	8167	4370
1317	8088	4371
1318	2327	4373
1319	6024	4375
1320	2573	4376
1321	6151	4382
1322	4072	4384
1323	9151	5839
1324	8903	4392
1325	4642	4393
1326	8609	4395
1327	4317	4396
1328	4644	4403
1329	6421	4413
1330	3561	4415
1331	4495	4430
1332	3724	4430
1333	4603	4431
1334	8237	5073
1335	8323	7999
1336	8570	4442
1337	8091	4452
1338	8023	4459
1339	7379	4460
1340	3678	4465
1341	3716	4471
1342	8677	4471
1343	2656	4475
1344	3489	4477
1345	7960	4482
1346	2990	4483
1347	8900	4491
1348	8296	4494
1349	8209	4502
1350	8189	4502
1351	4294	4510
1352	5957	8679
1353	2462	4512
1354	2755	4517
1355	3735	4522
1356	5779	4523
1357	2377	4531
1358	4755	4533
1359	3427	4536
1360	7878	4537
1361	3342	4545
1362	5021	4552
1363	7928	4553
1364	4731	4557
1365	5796	4560
1366	5180	4561
1367	6036	8641
1368	8190	4562
1369	5311	4565
1370	6530	7873
1371	7897	4568
1372	8637	4568
1373	4114	4572
1374	3633	4574
1375	8578	4575
1376	8124	4578
1377	7125	4580
1378	7721	4581
1379	4916	4582
1380	4818	4585
1381	8802	4586
1382	8524	4588
1383	3709	4590
1384	3365	4596
1385	8838	4596
1386	4663	4600
1387	8554	4614
1388	7344	4615
1389	4791	4626
1390	8230	6681
1391	8854	5881
1392	8426	4635
1393	8533	4642
1394	7805	4643
1395	8795	4647
1396	8769	4649
1397	8627	4653
1398	7869	4655
1399	8561	4658
1400	7261	4663
1401	8082	4663
1402	8651	4666
1403	8281	4670
1404	8539	4673
1405	3777	4677
1406	8589	4682
1407	4309	4691
1408	7808	4707
1409	4824	4708
1410	8254	4708
1411	3871	4709
1412	3712	4714
1413	7917	5895
1414	8036	4723
1415	4065	4725
1416	7732	4725
1417	4732	4726
1418	7573	4728
1419	4770	4737
1420	8067	4742
1421	7984	4748
1422	3849	4752
1423	8375	4752
1424	7999	4757
1425	4242	4764
1426	8500	4765
1427	7346	4772
1428	3969	4776
1429	8572	4781
1430	4091	4791
1431	9777	7913
1432	7557	4805
1433	7774	4811
1434	3650	4812
1435	4861	4814
1436	8189	4815
1437	8589	4817
1438	5469	4819
1439	7730	4819
1440	8650	4823
1441	3990	4825
1442	5571	4827
1443	5390	4830
1444	2759	4839
1445	3773	4849
1446	4762	4854
1447	3557	4854
1448	3648	4855
1449	3534	4859
1450	3811	4860
1451	3727	4865
1452	6556	7490
1453	8329	4866
1454	8760	4868
1455	7519	4868
1456	3684	4869
1457	7046	4876
1458	3825	4878
1459	6046	4288
1460	8778	4881
1461	3002	4883
1462	7996	4886
1463	4245	4889
1464	3864	4890
1465	5331	4901
1466	3566	4902
1467	8557	4904
1468	3944	4906
1469	8053	5490
1470	8326	4910
1471	3137	4918
1472	7349	4921
1473	9143	5929
1474	2951	4928
1475	8522	4944
1476	5363	4948
1477	7047	5491
1478	7547	4955
1479	8905	7938
1480	5430	4966
1481	8551	4974
1482	8646	4980
1483	3663	4984
1484	8758	4985
1485	3225	4991
1486	5425	4993
1487	3726	4994
1488	3005	5004
1489	8107	5010
1490	8645	5017
1491	8484	5019
1492	9077	5021
1493	4447	5028
1494	9070	5031
1495	7978	5031
1496	7143	5033
1497	8181	5038
1498	9054	5039
1499	8806	5043
1500	2956	5046
1501	3492	5049
1502	7318	8296
1503	5336	7955
1504	7921	5052
1505	3189	5056
1506	8126	5065
1507	3842	5070
1508	3058	5073
1509	7806	5081
1510	8107	5088
1511	4119	5090
1512	5456	5091
1513	8166	5093
1514	2834	4696
1515	4114	5099
1516	5404	5099
1517	8131	5104
1518	8245	5111
1519	2730	5115
1520	4224	5120
1521	4050	5126
1522	4553	5130
1523	3525	5130
1524	3580	5134
1525	8056	5139
1526	7158	5143
1527	4486	5145
1528	8953	5202
1529	8074	5150
1530	7217	5156
1531	9329	5498
1532	8156	5172
1533	9157	5173
1534	7306	5175
1535	3458	5176
1536	8359	5200
1537	8683	5205
1538	7603	5212
1539	3184	5216
1540	7629	5220
1541	5020	5221
1542	7906	5224
1543	8752	5227
1544	8697	5228
1545	4273	5235
1546	7767	5239
1547	7759	5246
1548	8825	5246
1549	6992	5247
1550	4294	5250
1551	8198	5259
1552	7382	5262
1553	5210	5268
1554	8030	5272
1555	4280	5274
1556	8176	5277
1557	7944	5281
1558	3920	5287
1559	3406	5290
1560	5632	8305
1561	8707	5297
1562	8968	5297
1563	3167	5304
1564	5211	5307
1565	8103	5308
1566	8944	5309
1567	3801	3992
1568	4009	5319
1569	8470	5322
1570	7094	5324
1571	5273	5326
1572	8605	5330
1573	7039	5333
1574	3092	5335
1575	8085	5335
1576	3379	5338
1577	7955	5339
1578	8626	5339
1579	3492	5347
1580	8085	5349
1581	3151	5352
1582	3667	4304
1583	7735	6004
1584	7740	5357
1585	8036	5366
1586	3447	5370
1587	7100	5371
1588	8491	5372
1589	8270	5524
1590	4473	5376
1591	8259	5380
1592	8544	5387
1593	6987	5391
1594	7758	5392
1595	8077	5393
1596	5671	5394
1597	8338	4305
1598	4928	5401
1599	5040	5404
1600	2619	3906
1601	7582	5410
1602	5820	5416
1603	7543	5420
1604	5339	5423
1605	5177	5431
1606	7819	5436
1607	7942	5440
1608	8588	5442
1609	8824	5442
1610	4233	5450
1611	5176	5450
1612	8853	5451
1613	4550	5468
1614	8417	5470
1615	8690	5474
1616	4428	5475
1617	4950	5476
1618	6959	5483
1619	3818	5489
1620	7994	5491
1621	8412	5501
1622	3905	5503
1623	6898	5506
1624	7641	5510
1625	8165	5510
1626	4035	5511
1627	7758	5511
1628	8374	5513
1629	4330	5517
1630	8546	5528
1631	4293	5538
1632	3817	5544
1633	4592	5545
1634	6910	5549
1635	7016	3031
1636	5359	7913
1637	8890	5560
1638	8621	5565
1639	4204	5566
1640	7588	5569
1641	7067	5571
1642	5257	5577
1643	4246	5580
1644	7792	5584
1645	7449	5586
1646	8436	5598
1647	4312	5606
1648	7609	5608
1649	6993	5614
1650	4442	5617
1651	8789	5621
1652	7433	5626
1653	7210	5627
1654	6954	5634
1655	7672	5640
1656	8523	5647
1657	9570	5647
1658	7582	5648
1659	7057	5649
1660	7811	5650
1661	7970	8007
1662	9185	5659
1663	7045	5666
1664	8525	5670
1665	9146	5677
1666	9593	5679
1667	8610	5680
1668	9095	5681
1669	5238	5682
1670	9617	5686
1671	8483	5687
1672	4598	5690
1673	8624	5697
1674	9425	5698
1675	8585	5702
1676	8327	5706
1677	8332	5709
1678	7693	5714
1679	7674	5716
1680	9110	5716
1681	9437	5720
1682	7784	5724
1683	9127	5727
1684	7600	5729
1685	9142	5731
1686	8137	5733
1687	9207	5733
1688	7178	5736
1689	9002	5742
1690	6930	5759
1691	9000	5762
1692	8185	5763
1693	9237	5765
1694	9343	5784
1695	9019	5787
1696	6997	5792
1697	3588	4072
1698	9122	5797
1699	7126	5799
1700	9321	5810
1701	7561	5811
1702	7710	5816
1703	8976	5827
1704	3957	5121
1705	7828	5837
1706	5441	3519
1707	6933	5840
1708	3278	5841
1709	9020	5848
1710	7820	5849
1711	8853	5850
1712	9481	5851
1713	7423	5852
1714	7781	5854
1715	7737	5855
1716	9477	5857
1717	8752	5858
1718	9274	5859
1719	9079	5862
1720	7841	5876
1721	9077	5876
1722	9663	5881
1723	9331	5882
1724	3440	5883
1725	6950	5888
1726	9297	5891
1727	9580	5895
1728	7902	5913
1729	7788	5915
1730	9605	5922
1731	9048	5926
1732	8413	5930
1733	8899	5933
1734	7534	5934
1735	9672	5943
1736	7772	5947
1737	9096	5950
1738	9374	5955
1739	5756	5956
1740	8417	5962
1741	9153	5974
1742	5707	5975
1743	9200	5975
1744	8973	5982
1745	5834	8110
1746	8965	6106
1747	8714	5990
1748	8796	5996
1749	9110	5998
1750	7070	6001
1751	9326	6109
1752	8667	6010
1753	3434	6012
1754	7443	6019
1755	5784	6029
1756	8561	6032
1757	8314	6037
1758	8284	6038
1759	9150	6115
1760	4148	6043
1761	9455	6044
1762	6495	8121
1763	7290	6053
1764	8440	6055
1765	9375	6057
1766	4242	6059
1767	7570	6060
1768	7098	6069
1769	7265	6070
1770	8232	6078
1771	4276	6082
1772	8626	6082
1773	8920	6090
1774	9056	6091
1775	9193	6091
1776	6002	6094
1777	8579	6094
1778	9252	6095
1779	7621	6099
1780	7955	6101
1781	3351	6103
1782	9454	6105
1783	8936	6110
1784	8239	6114
1785	7993	6116
1786	7349	6129
1787	8831	6121
1788	8173	6127
1789	7437	9132
1790	8073	6130
1791	8044	6129

REQUESTS = 2000
1	454	9	11	3	1	1
2	588	32	33	2	1	2
3	888	19	21	1	1	2
4	296	4	6	1	3	1
5	1394	35	36	3	4	2
6	432	24	25	1	2	2
7	843	37	40	3	5	1
8	390	4	5	1	4	1
9	1710	11	13	3	4	3
10	1445	7	9	1	2	2
11	785	20	21	3	4	2
12	1241	45	47	2	3	1
13	801	9	10	2	5	2
14	1486	20	21	2	4	1
15	13	10	13	1	2	1
16	794	39	42	1	3	1
17	382	34	37	1	1	3
18	197	18	20	2	4	1
19	1222	39	40	2	2	2
20	256	42	45	3	4	3
21	731	7	8	3	4	3
22	869	2	3	2	3	1
23	341	11	13	2	3	3
24	981	32	34	3	1	2
25	1116	20	22	2	1	3
26	913	33	36	3	2	1
27	1662	46	48	1	5	2
28	1412	45	46	2	4	1
29	1781	37	39	2	4	2
30	113	39	40	1	4	1
31	1669	42	44	2	5	3
32	1242	46	49	1	5	3
33	161	23	25	3	5	2
34	1460	15	18	3	5	1
35	1647	3	4	3	5	2
36	542	1	2	1	3	1
37	1562	27	30	2	1	1
38	791	32	34	3	5	3
39	72	6	9	2	5	3
40	490	12	14	1	5	3
41	662	42	45	3	2	1
42	1766	20	21	1	1	3
43	1011	41	44	3	3	1
44	467	2	5	1	4	2
45	73	47	48	2	2	1
46	986	22	23	3	3	3
47	1267	9	11	1	4	3
48	225	11	13	1	2	1
49	1501	45	46	2	1	3
50	1653	19	22	2	3	2
51	855	31	33	2	3	1
52	337	25	26	2	5	3
53	1237	37	40	2	2	1
54	1424	37	38	3	5	1
55	102	21	22	3	3	3
56	1686	21	24	1	5	2
57	370	42	43	2	2	2
58	1789	6	7	1	1	3
59	1313	12	13	3	1	1
60	1372	8	9	2	5	1
61	366	22	25	1	1	1
62	1551	18	21	3	3	3
63	285	2	5	2	4	3
64	821	37	39	2	5	3
65	396	32	35	1	5	1
66	507	33	36	2	1	3
67	651	42	43	2	5	2
68	1720	2	4	1	1	3
69	1337	1	2	2	3	2
70	382	12	14	1	4	1
71	1580	7	8	2	1	1
72	293	41	42	3	2	1
73	1019	7	10	1	2	1
74	995	35	36	3	5	2
75	1052	17	20	3	5	2
76	1595	39	41	1	3	3
77	1634	17	19	1	3	3
78	1268	32	35	1	5	2
79	108	9	11	2	4	3
80	252	23	25	3	3	3
81	1695	45	48	2	2	2
82	1437	17	20	3	1	3
83	1698	27	28	2	1	3
84	1427	31	32	3	5	3
85	1513	37	39	1	5	1
86	1081	17	19	3	5	3
87	160	7	9	2	3	3
88	914	7	8	3	5	1
89	554	14	17	2	1	2
90	1053	7	9	2	2	2
91	321	21	24	2	5	2
92	1748	15	18	1	5	1
93	650	33	34	3	5	3
94	1499	11	12	2	2	1
95	876	30	32	1	1	3
96	608	13	16	3	4	1
97	1007	9	10	3	5	1
98	193	17	20	2	3	1
99	375	37	38	1	1	2
100	997	26	27	3	3	2
101	1035	6	8	3	5	1
102	1279	43	46	3	1	1
103	898	41	42	1	5	1
104	473	1	4	2	4	1
105	1548	29	30	1	2	2
106	1114	7	8	3	5	1
107	478	14	16	3	3	2
108	213	7	9	2	3	3
109	963	26	28	2	5	2
110	778	31	34	1	2	2
111	1243	26	27	1	2	2
112	1539	26	29	2	1	1
113	1739	42	43	2	1	2
114	1540	29	32	2	5	2
115	1575	21	23	3	5	1
116	1056	28	31	3	4	3
117	1621	46	48	2	4	3
118	1680	13	14	3	2	1
119	458	33	35	2	5	2
120	1492	5	8	1	5	1
121	553	13	16	2	5	1
122	232	12	15	3	3	3
123	474	16	18	2	3	2
124	162	42	43	2	2	1
125	1366	21	22	1	5	1
126	892	34	36	1	2	2
127	1155	24	26	1	1	1
128	656	36	39	2	2	2
129	1354	20	22	2	3	2
130	51	3	5	1	5	3
131	878	35	36	3	5	1
132	251	13	16	1	2	2
133	1238	17	20	3	3	1
134	1061	44	46	3	5	2
135	687	24	27	1	2	1
136	811	33	35	3	3	2
137	1652	13	16	1	2	2
138	1473	36	39	2	4	1
139	1420	23	25	3	2	2
140	1168	23	26	2	4	1
141	587	25	28	3	1	3
142	661	7	10	1	2	1
143	128	11	13	2	2	2
144	86	42	43	3	3	2
145	1536	5	7	3	1	3
146	102	28	30	1	5	1
147	1531	22	23	3	1	3
148	1417	3	4	2	5	1
149	1553	9	10	1	5	1
150	1350	28	30	2	1	2
151	1028	30	32	3	3	2
152	1421	37	38	2	3	3
153	1027	20	22	1	1	3
154	861	37	39	1	5	1
155	1189	16	19	2	4	1
156	1541	39	40	2	5	3
157	446	39	40	3	4	2
158	884	5	7	3	2	1
159	1056	16	18	2	1	2
160	1592	22	24	3	1	3
161	349	5	7	3	4	2
162	1532	5	7	1	5	3
163	1124	18	21	2	5	1
164	526	22	25	3	4	2
165	1220	18	19	3	1	2
166	1728	10	13	3	4	3
167	1104	19	20	2	3	2
168	395	40	41	2	5	3
169	1584	36	37	2	1	2
170	236	25	27	1	4	1
171	708	5	6	3	1	3
172	1752	14	15	1	5	1
173	36	33	34	2	3	2
174	355	12	15	1	5	2
175	1197	40	43	3	2	1
176	1605	10	11	2	5	3
177	334	3	6	2	3	2
178	1164	40	43	3	3	2
179	854	26	27	2	4	1
180	629	39	40	1	1	1
181	1170	44	47	3	5	3
182	678	9	11	2	4	1
183	315	3	6	3	3	2
184	760	42	43	2	4	2
185	1537	35	36	3	2	1
186	660	34	35	3	3	1
187	1757	5	8	2	1	1
188	336	2	4	3	3	1
189	584	27	30	2	2	2
190	1575	36	39	1	5	3
191	971	5	7	3	4	3
192	978	43	45	3	3	3
193	462	13	14	1	4	3
194	1670	31	33	1	1	3
195	615	37	40	1	4	1
196	1305	40	42	1	5	1
197	853	2	3	3	4	3
198	1444	31	33	2	4	1
199	1778	2	4	2	2	2
200	438	31	32	2	2	2
201	724	19	21	2	5	2
202	1219	47	48	1	3	1
203	881	30	33	3	4	2
204	65	23	26	2	3	3
205	15	23	25	1	2	2
206	447	23	26	2	5	3
207	1530	28	29	2	1	2
208	1745	29	30	2	1	3
209	493	19	22	3	2	1
210	123	20	21	3	5	1
211	205	40	43	1	5	1
212	1676	44	47	1	3	1
213	580	35	37	2	2	1
214	1162	34	37	2	3	2
215	469	44	45	3	5	3
216	1091	6	7	1	3	2
217	468	25	27	2	2	1
218	509	29	32	1	3	2
219	1148	45	48	1	5	3
220	1646	39	42	3	5	2
221	114	36	38	3	1	3
222	691	28	31	3	1	3
223	119	13	16	1	1	3
224	1446	5	8	3	4	1
225	1731	31	32	1	1	1
226	59	33	35	2	2	2
227	775	6	9	3	4	1
228	1700	4	6	1	5	3
229	1677	35	36	1	3	1
230	1740	41	43	3	4	2
231	189	42	45	1	2	2
232	585	6	7	1	2	1
233	1401	23	26	2	3	1
234	523	23	26	1	2	1
235	1054	34	37	3	3	3
236	890	14	15	1	5	2
237	1247	39	40	1	3	1
238	743	2	5	3	5	2
239	198	48	49	1	4	1
240	1590	23	26	3	5	3
241	1112	40	43	2	1	2
242	946	15	16	2	2	2
243	1018	33	35	1	2	2
244	1381	42	43	2	4	2
245	212	24	25	3	5	3
246	1156	40	41	1	3	2
247	1369	5	7	2	3	3
248	1025	12	14	1	5	1
249	1736	34	37	3	4	1
250	286	45	47	2	4	3
251	386	25	26	1	5	2
252	142	19	22	1	2	2
253	1380	8	10	1	2	2
254	151	8	11	2	5	3
255	763	28	29	3	1	3
256	647	11	12	2	3	3
257	401	3	4	3	3	1
258	1674	29	31	1	2	2
259	1500	20	22	1	2	1
260	1474	38	40	1	1	3
261	1003	25	28	2	4	3
262	1251	38	39	2	5	3
263	1432	10	12	1	3	3
264	512	4	5	1	1	2
265	686	26	28	3	5	3
266	920	7	10	1	4	1
267	360	27	29	1	5	2
268	1252	19	20	1	4	3
269	937	34	36	2	1	2
270	262	15	18	1	4	1
271	291	8	11	1	2	2
272	1421	1	4	2	3	2
273	596	15	17	3	2	1
274	275	41	44	2	4	1
275	203	5	8	3	5	2
276	164	13	14	1	5	2
277	61	29	30	2	2	2
278	37	19	22	2	2	2
279	909	4	7	3	5	2
280	141	10	12	1	1	2
281	1107	27	30	3	3	1
282	1626	14	17	1	1	1
283	737	35	37	3	3	1
284	137	10	12	1	3	3
285	278	42	43	2	1	2
286	425	26	29	3	4	1
287	1407	15	16	3	4	3
288	1092	34	37	2	3	2
289	1193	40	42	3	4	2
290	226	27	29	3	4	2
291	343	15	17	3	4	1
292	1073	15	17	2	3	1
293	1490	26	29	1	1	2
294	1729	18	20	1	3	3
295	248	40	43	2	4	2
296	1697	2	5	3	3	1
297	22	27	29	3	2	1
298	418	5	6	3	1	2
299	409	15	17	2	3	2
300	1340	45	47	3	3	2
301	1424	5	6	1	1	3
302	677	9	12	2	2	1
303	1226	9	12	1	4	2
304	413	11	14	2	1	3
305	566	6	9	2	1	3
306	504	14	17	2	2	2
307	2	3	4	1	4	3
308	736	27	28	2	4	1
309	712	33	35	3	2	2
310	1521	31	33	3	3	3
311	1228	23	24	1	5	1
312	134	27	30	2	3	1
313	949	38	39	1	5	2
314	202	25	26	3	5	2
315	845	15	17	2	1	2
316	46	28	29	3	5	3
317	611	10	11	2	5	3
318	583	29	30	3	4	2
319	592	29	32	3	4	1
320	399	16	19	2	1	1
321	864	30	33	1	3	2
322	1619	38	41	3	1	2
323	844	36	38	3	3	1
324	1303	7	10	3	1	1
325	1465	37	38	2	3	3
326	1382	17	18	2	3	3
327	21	22	25	2	2	2
328	472	25	26	3	5	2
329	301	31	32	2	3	1
330	1678	2	3	2	5	2
331	613	32	35	3	3	1
332	423	29	32	1	4	2
333	1068	29	30	1	1	1
334	1250	40	43	1	3	1
335	1315	32	34	1	4	3
336	159	35	38	2	3	3
337	1154	13	16	3	1	3
338	593	24	25	3	2	2
339	932	37	40	1	4	3
340	1451	5	7	1	3	1
341	379	29	32	1	3	1
342	949	46	47	3	4	1
343	279	45	46	1	3	2
344	90	43	45	2	5	2
345	1763	8	9	2	4	2
346	609	31	32	3	1	2
347	38	43	46	3	2	2
348	813	5	7	3	1	3
349	678	3	4	1	4	1
350	669	13	16	3	4	3
351	130	11	13	3	3	1
352	865	18	20	1	4	2
353	850	33	35	3	3	2
354	1440	19	22	2	3	1
355	450	28	30	3	4	1
356	1688	42	43	2	2	1
357	601	27	29	3	5	3
358	783	32	34	3	4	2
359	50	27	28	2	2	1
360	191	33	35	3	5	2
361	1399	33	36	2	1	3
362	1098	44	45	1	5	2
363	74	12	13	1	2	1
364	1046	24	27	3	1	2
365	964	3	4	3	4	2
366	553	29	32	3	2	1
367	1324	35	37	3	1	1
368	1391	26	29	3	2	1
369	557	15	16	2	5	3
370	1557	19	22	3	1	3
371	12	39	41	2	4	2
372	725	43	45	3	4	2
373	1598	34	35	3	5	1
374	781	39	41	2	4	1
375	60	40	42	2	3	3
376	681	38	39	3	5	3
377	862	37	38	1	5	1
378	877	35	36	3	2	1
379	620	25	26	1	3	1
380	122	39	42	2	1	2
381	1120	21	24	2	5	1
382	175	9	12	3	4	3
383	132	15	17	1	2	2
384	405	5	6	3	5	1
385	361	12	15	1	5	1
386	394	37	40	1	5	3
387	1733	12	14	1	3	3
388	990	4	6	1	5	3
389	1217	28	30	3	3	3
390	1010	9	12	3	5	2
391	595	11	12	2	4	3
392	639	36	39	2	1	3
393	928	19	22	1	1	2
394	625	8	10	3	2	1
395	1133	27	29	2	4	1
396	136	29	31	3	3	2
397	288	17	18	1	2	1
398	1780	32	34	3	5	2
399	346	25	26	3	4	3
400	1378	44	47	1	1	1
401	594	32	35	1	2	1
402	1325	13	16	2	2	2
403	1579	38	39	2	4	1
404	655	11	13	2	5	2
405	1677	22	24	2	4	1
406	302	32	33	3	5	3
407	965	36	38	3	2	2
408	112	15	18	3	5	2
409	1658	39	40	1	3	1
410	77	17	20	2	4	2
411	1432	3	4	2	1	3
412	1118	32	34	1	5	3
413	1012	25	28	2	2	1
414	1497	26	29	2	5	2
415	57	22	23	1	2	2
416	1543	40	41	1	5	1
417	289	42	43	1	4	1
418	1718	4	5	2	1	3
419	818	36	39	3	1	1
420	33	3	4	1	3	1
421	398	30	33	1	3	2
422	1458	27	30	2	1	2
423	1141	24	26	2	1	3
424	1606	41	43	3	5	3
425	1051	3	4	2	3	2
426	1280	38	39	2	3	3
427	500	26	27	1	2	1
428	1157	17	19	3	1	3
429	572	13	15	2	1	3
430	282	20	23	3	4	2
431	1182	18	20	2	5	1
432	1612	4	6	2	5	2
433	859	25	27	2	4	2
434	1408	9	12	3	2	2
435	89	25	28	3	3	1
436	184	43	46	1	4	1
437	1215	18	19	2	4	2
438	809	28	29	3	1	3
439	1617	41	44	3	2	1
440	1234	44	47	2	2	2
441	452	35	36	2	5	1
442	1564	30	31	1	1	1
443	404	8	11	2	1	1
444	169	42	45	1	4	3
445	110	4	5	2	5	2
446	199	12	14	2	3	1
447	1443	45	47	1	3	2
448	1630	25	28	3	2	1
449	329	42	45	1	5	3
450	1208	37	38	3	2	1
451	627	7	8	1	5	2
452	840	29	31	2	1	3
453	989	43	46	2	5	1
454	734	2	4	3	4	1
455	1783	27	29	3	4	1
456	1021	38	40	1	3	3
457	622	39	42	2	5	2
458	555	17	19	3	2	1
459	1402	5	6	1	4	1
460	771	36	37	1	2	1
461	510	11	12	1	4	2
462	1761	16	18	1	5	2
463	1745	35	38	2	2	1
464	712	38	41	1	3	3
465	1292	6	9	1	4	2
466	1083	8	11	3	3	3
467	632	29	32	2	3	2
468	556	4	5	3	3	2
469	208	11	12	1	2	1
470	1679	18	20	1	1	3
471	1282	43	46	3	4	3
472	1613	19	22	1	1	3
473	271	15	18	2	3	1
474	1090	19	22	3	2	2
475	1493	3	4	1	5	1
476	814	42	43	2	1	2
477	652	23	24	1	5	2
478	303	21	24	2	4	1
479	1315	11	13	2	3	1
480	28	7	10	3	2	1
481	1591	25	26	3	5	2
482	563	35	36	2	3	3
483	1660	28	29	1	4	2
484	934	44	47	3	1	1
485	477	5	7	2	4	2
486	1618	24	27	1	2	1
487	227	25	26	1	2	1
488	1596	1	4	3	2	2
489	1687	16	19	2	3	2
490	1235	20	21	2	5	1
491	836	24	27	2	2	2
492	1415	36	37	1	2	2
493	759	33	34	2	3	2
494	829	1	2	3	2	1
495	1138	44	47	3	3	1
496	1108	26	29	2	3	3
497	1050	20	23	1	5	3
498	1123	8	9	3	3	3
499	872	6	9	1	1	2
500	1518	15	18	3	2	2
501	1275	42	43	3	4	2
502	1277	31	32	3	1	3
503	858	28	30	1	3	3
504	1306	12	13	2	1	1
505	1319	8	11	1	1	2
506	535	12	13	3	5	1
507	1637	13	16	1	1	3
508	192	41	42	3	2	2
509	1512	12	13	3	5	3
510	931	21	23	1	4	1
511	427	1	3	1	5	2
512	969	22	24	1	3	2
513	1328	8	10	1	3	1
514	234	19	20	1	3	1
515	298	43	46	2	4	1
516	1779	10	13	1	1	3
517	983	1	4	1	5	1
518	759	44	46	3	1	3
519	1734	31	32	3	4	1
520	897	23	25	2	1	1
521	777	1	4	2	3	1
522	18	30	33	3	5	3
523	902	33	36	2	5	1
524	568	35	37	2	3	2
525	1592	47	49	1	5	2
526	816	43	45	2	2	2
527	435	4	7	1	2	1
528	1586	21	24	3	4	3
529	1787	34	35	1	2	2
530	1470	11	14	2	3	3
531	464	20	23	1	3	1
532	556	24	26	3	4	3
533	1290	9	11	2	4	2
534	118	38	41	2	1	1
535	247	13	14	1	3	3
536	1786	44	47	1	2	1
537	1448	35	38	1	5	3
538	383	34	35	3	4	3
539	8	30	31	1	4	2
540	548	26	27	3	4	2
541	607	14	16	2	1	2
542	1600	29	31	3	2	2
543	386	6	8	3	2	1
544	1578	26	28	2	5	1
545	1777	19	21	3	1	2
546	786	16	19	1	1	3
547	788	15	17	1	2	1
548	903	39	42	3	2	2
549	1269	37	39	3	4	3
550	1121	42	43	1	4	1
551	1560	40	43	1	3	1
552	20	5	6	2	3	1
553	1517	19	21	2	3	1
554	243	16	18	1	1	2
555	7	14	16	2	2	1
556	747	31	34	1	1	1
557	415	34	35	3	5	2
558	1376	25	27	3	2	2
559	719	41	43	2	2	2
560	927	37	40	3	2	2
561	643	23	24	1	2	1
562	1041	17	19	2	2	2
563	587	16	18	2	2	2
564	195	18	20	3	1	3
565	244	40	41	3	4	2
566	1060	11	12	2	3	3
567	1722	18	21	2	3	1
568	552	8	10	1	3	1
569	172	21	24	3	3	2
570	1076	23	26	2	1	2
571	930	11	14	1	1	2
572	1663	35	37	3	4	1
573	144	47	48	2	2	1
574	832	29	31	1	3	2
575	269	30	32	1	2	1
576	482	6	7	1	1	3
577	1641	19	22	1	5	3
578	414	45	47	3	3	3
579	131	8	11	1	1	3
580	430	12	14	2	2	1
581	1466	28	30	2	3	3
582	1255	25	27	1	5	1
583	1229	37	38	3	3	1
584	642	9	11	1	3	2
585	407	32	33	2	1	3
586	1271	40	43	1	3	3
587	702	3	4	1	5	3
588	721	43	46	2	2	1
589	1675	2	5	3	1	3
590	1304	7	10	1	5	1
591	1719	28	29	1	2	2
592	919	22	24	3	2	2
593	1256	33	34	1	1	3
594	1283	15	16	3	1	1
595	599	1	2	3	1	2
596	975	21	23	3	1	2
597	1699	2	5	3	1	1
598	943	42	43	3	3	1
599	1735	22	25	2	3	1
600	362	45	47	1	4	2
601	236	6	8	2	5	1
602	1359	6	8	2	1	3
603	391	3	6	3	5	1
604	1029	42	43	3	1	1
605	871	6	7	2	2	2
606	96	7	8	2	1	1
607	962	36	37	2	2	2
608	1172	4	7	1	1	2
609	1714	31	32	3	3	3
610	1139	10	11	3	1	2
611	728	26	29	1	1	2
612	322	26	27	3	2	1
613	795	22	25	1	3	3
614	456	2	4	1	4	2
615	39	29	30	2	4	2
616	581	22	24	3	3	2
617	1291	30	32	3	2	2
618	1004	40	41	3	2	1
619	1498	30	31	2	5	1
620	792	22	24	1	3	2
621	1480	11	12	2	4	3
622	1631	9	11	2	1	2
623	772	27	28	2	4	1
624	560	28	29	1	5	3
625	1174	38	40	2	4	3
626	1177	8	11	2	2	2
627	1113	15	16	3	1	3
628	216	40	41	3	3	1
629	368	18	21	1	4	2
630	1106	25	26	1	5	2
631	936	10	12	1	4	2
632	696	33	36	2	4	1
633	318	16	18	1	2	2
634	1181	40	41	1	3	2
635	506	42	45	2	5	2
636	1142	1	3	3	1	3
637	340	34	37	2	4	1
638	1548	19	21	2	1	2
639	1239	17	19	3	2	2
640	960	23	25	2	3	2
641	1385	31	32	1	3	3
642	1529	44	46	3	1	3
643	1279	32	34	1	3	1
644	1659	20	23	1	3	2
645	448	45	47	3	4	1
646	1044	42	43	2	2	1
647	633	18	20	1	2	1
648	220	5	7	2	2	1
649	1316	15	18	2	4	2
650	999	34	36	3	2	1
651	1488	22	24	1	2	2
652	1356	34	37	1	2	2
653	1026	10	13	1	1	2
654	915	31	34	1	4	2
655	1759	7	8	1	2	1
656	358	13	16	1	1	2
657	1387	32	35	1	4	3
658	1694	3	5	1	1	1
659	1004	19	22	3	5	3
660	480	16	18	2	4	1
661	1431	19	20	1	3	3
662	838	12	15	1	2	1
663	1295	33	36	1	3	3
664	385	23	25	2	1	2
665	66	35	38	1	2	1
666	1200	7	9	2	2	1
667	987	29	30	1	3	2
668	1575	16	18	2	5	3
669	1527	7	9	1	1	2
670	659	40	42	3	3	2
671	1077	34	37	1	1	2
672	1471	16	17	3	4	3
673	767	39	41	1	1	3
674	953	10	13	3	3	2
675	332	40	41	1	4	1
676	1760	15	18	2	4	1
677	774	33	34	1	2	1
678	184	21	24	1	5	2
679	111	44	47	1	1	1
680	815	18	19	3	4	2
681	30	8	11	3	2	1
682	434	39	42	3	3	1
683	338	31	32	3	2	1
684	1014	37	38	2	4	1
685	16	25	27	3	4	1
686	525	16	18	2	1	2
687	354	38	39	2	3	2
688	529	22	24	3	2	2
689	974	41	43	1	4	1
690	925	23	24	1	3	3
691	1347	15	18	2	5	1
692	1406	20	23	1	2	1
693	1117	27	30	1	3	3
694	571	40	41	1	5	3
695	35	42	44	2	5	1
696	1253	16	19	3	2	2
697	1771	12	14	2	5	2
698	365	20	21	2	2	1
699	750	35	36	1	5	2
700	148	20	22	3	3	3
701	923	5	8	2	2	2
702	177	46	47	2	5	3
703	8	29	32	3	5	2
704	683	6	9	3	5	1
705	1642	32	35	1	5	1
706	667	43	44	3	3	3
707	570	13	16	1	1	3
708	1526	25	28	3	2	2
709	1203	22	24	2	2	2
710	850	4	6	3	3	2
711	1573	29	31	3	5	3
712	1513	8	11	3	1	1
713	47	15	16	2	3	2
714	1086	10	12	2	3	1
715	834	22	24	1	3	1
716	1582	1	3	3	4	3
717	522	31	33	2	5	3
718	641	19	22	2	2	2
719	924	3	6	2	1	3
720	1725	24	25	2	1	2
721	133	18	20	1	5	2
722	1309	1	2	3	2	1
723	926	38	40	3	4	2
724	24	7	9	3	4	1
725	1332	12	13	2	4	1
726	69	28	30	3	1	3
727	893	14	15	2	5	1
728	1058	35	38	3	3	1
729	1198	13	16	1	4	2
730	849	5	8	1	5	1
731	26	48	49	1	3	2
732	1767	45	48	2	4	3
733	796	45	48	1	2	1
734	17	25	26	2	2	2
735	466	28	29	3	3	3
736	1062	4	5	3	4	1
737	866	1	2	3	1	3
738	255	32	33	2	1	3
739	823	23	25	2	1	1
740	45	42	45	3	4	3
741	528	11	13	2	1	1
742	557	7	8	2	1	1
743	167	19	21	2	3	2
744	1065	45	47	1	2	1
745	913	27	30	2	5	3
746	1789	14	15	1	5	3
747	1009	17	20	2	2	1
748	49	20	22	1	3	1
749	441	29	32	3	5	3
750	1576	42	44	1	1	2
751	864	34	36	2	5	3
752	882	43	46	2	1	3
753	1741	32	33	2	3	3
754	4	23	24	2	5	3
755	536	2	5	1	3	3
756	770	15	17	1	2	2
757	1300	33	34	1	2	1
758	1585	34	36	2	3	2
759	1475	22	24	2	1	1
760	1622	24	27	3	3	3
761	67	27	29	3	1	1
762	1185	42	45	3	3	3
763	1447	28	30	1	3	1
764	1614	39	40	2	4	2
765	344	44	45	2	2	2
766	1363	6	7	3	1	2
767	649	30	31	2	1	2
768	62	28	29	3	4	2
769	331	19	22	2	5	2
770	686	30	33	1	2	2
771	1588	30	33	1	5	3
772	121	6	7	1	1	1
773	939	14	16	2	5	1
774	602	27	28	1	4	3
775	442	4	6	1	2	1
776	1689	32	35	3	5	2
777	1602	31	34	3	3	2
778	1202	44	47	3	5	2
779	437	2	4	3	3	2
780	1441	1	4	2	5	2
781	41	47	49	1	1	3
782	1033	37	40	3	2	1
783	802	34	36	3	5	2
784	390	44	46	2	3	2
785	722	41	42	3	5	3
786	217	21	22	2	1	2
787	1167	46	48	2	5	2
788	969	3	6	3	5	1
789	87	25	28	2	5	2
790	1379	37	40	1	4	1
791	539	18	21	3	3	1
792	1218	29	31	3	4	3
793	283	17	19	2	5	2
794	1165	23	25	3	2	2
795	1284	11	13	2	3	1
796	443	22	24	1	3	3
797	1328	30	32	2	3	1
798	1276	27	29	3	5	3
799	1727	39	40	1	5	1
800	780	44	46	2	2	1
801	309	46	49	1	3	2
802	186	42	43	2	3	3
803	1272	22	24	3	2	2
804	808	25	28	2	2	1
805	257	47	48	1	2	1
806	54	44	45	1	1	3
807	460	12	13	2	2	1
808	1362	2	3	1	1	3
809	383	32	33	2	2	2
810	1610	43	44	3	3	2
811	922	32	33	2	5	2
812	579	23	26	1	5	1
813	697	41	44	2	4	2
814	1171	37	40	1	2	2
815	1489	13	14	3	2	1
816	1628	38	41	1	1	1
817	324	45	48	2	5	2
818	1082	30	32	1	5	2
819	1616	27	30	3	5	1
820	1601	21	24	1	3	2
821	794	41	42	3	1	2
822	1454	11	13	2	1	1
823	1491	16	18	3	4	1
824	895	36	37	1	3	3
825	516	44	47	2	2	2
826	965	39	42	1	4	1
827	1638	9	10	3	4	2
828	443	4	6	2	4	3
829	1261	25	27	2	4	1
830	1511	43	46	1	4	2
831	1747	44	46	1	5	1
832	1484	5	6	3	5	2
833	174	35	36	2	5	1
834	1374	44	46	1	1	1
835	1248	5	8	1	2	1
836	672	8	11	3	1	2
837	11	14	15	1	5	2
838	955	22	24	2	1	2
839	1749	15	17	3	1	1
840	664	43	46	2	5	1
841	658	16	17	1	4	1
842	1314	37	38	1	3	1
843	290	30	31	3	5	2
844	316	37	39	3	3	3
845	503	18	20	2	3	1
846	1166	14	15	3	4	2
847	276	37	39	1	5	1
848	1190	12	14	3	3	2
849	657	43	45	2	1	1
850	270	35	38	1	1	1
851	720	11	14	2	2	1
852	564	38	41	2	3	1
853	251	4	7	1	5	1
854	638	34	35	3	2	1
855	1567	24	26	1	3	1
856	1063	45	46	3	5	1
857	91	36	38	1	2	2
858	1666	36	37	1	5	1
859	705	3	4	3	4	2
860	1502	39	42	1	2	2
861	647	7	8	1	4	1
862	605	3	6	1	4	2
863	1591	13	16	3	5	2
864	154	36	38	3	2	2
865	765	32	35	2	5	2
866	727	16	18	1	2	2
867	1344	8	9	3	1	2
868	297	19	20	2	3	1
869	906	31	34	3	2	2
870	900	35	36	1	4	2
871	860	5	8	2	3	2
872	1721	31	34	3	2	2
873	1723	6	9	2	2	1
874	977	43	45	2	2	2
875	630	17	19	1	1	3
876	1737	46	49	1	3	2
877	379	27	28	2	5	3
878	481	29	31	2	4	1
879	374	45	48	1	2	2
880	292	9	11	3	4	3
881	1286	29	32	3	5	3
882	1768	38	41	3	3	1
883	538	23	25	1	1	1
884	847	32	33	3	4	3
885	84	3	6	1	3	1
886	648	1	4	2	5	1
887	1756	2	5	1	3	2
888	1708	45	47	3	4	1
889	1411	40	41	3	4	1
890	371	29	31	2	4	1
891	1298	6	8	3	5	3
892	860	23	25	2	5	2
893	165	27	28	3	3	1
894	1514	39	42	3	3	2
895	515	36	37	3	5	2
896	726	10	12	3	5	1
897	240	10	12	3	3	3
898	339	34	35	1	3	2
899	547	28	30	1	1	2
900	1673	17	19	3	5	3
901	545	19	20	1	5	3
902	124	15	16	2	2	2
903	1419	2	5	3	2	1
904	1084	40	42	1	5	2
905	566	43	46	3	1	1
906	846	8	10	3	3	1
907	261	19	22	3	1	2
908	1656	10	12	1	3	1
909	75	18	20	2	5	1
910	1260	19	22	3	1	2
911	1186	47	48	1	4	3
912	1587	4	5	1	1	2
913	1245	32	35	1	1	2
914	1207	28	29	2	3	2
915	506	7	10	2	5	2
916	929	1	3	3	3	1
917	856	45	48	2	3	3
918	104	19	20	1	3	3
919	679	33	36	2	4	2
920	1009	44	47	1	4	3
921	1556	42	44	3	4	1
922	945	10	11	1	3	1
923	389	14	15	2	4	3
924	760	19	22	2	3	3
925	729	25	26	1	5	1
926	698	30	32	3	4	3
927	1349	4	6	2	5	1
928	144	14	15	3	1	3
929	6	10	12	1	2	1
930	1392	37	38	3	1	1
931	1338	34	36	1	4	1
932	1348	7	8	2	2	2
933	1788	30	31	2	4	1
934	110	19	21	3	5	1
935	1294	25	26	2	5	1
936	1570	23	26	2	5	1
937	406	23	25	1	1	1
938	688	9	12	1	4	2
939	1070	24	27	1	2	1
940	967	11	13	2	4	1
941	624	21	23	1	3	3
942	1000	31	32	3	5	2
943	1296	22	24	3	1	3
944	1015	7	9	3	3	3
945	633	3	5	3	5	3
946	1032	36	39	2	3	1
947	1037	28	29	3	3	1
948	1693	23	24	3	4	2
949	1316	41	43	2	2	2
950	158	36	39	1	2	1
951	1302	8	11	2	1	1
952	1389	37	40	3	1	1
953	1436	7	9	1	5	2
954	1069	7	9	3	3	3
955	1137	24	27	3	1	1
956	600	38	39	2	3	1
957	1072	34	37	2	5	2
958	487	38	41	1	2	1
959	863	26	29	3	2	2
960	1487	15	18	1	1	2
961	1257	23	26	3	1	2
962	1565	27	28	1	1	2
963	1377	4	6	3	1	2
964	200	19	21	3	5	3
965	1599	22	23	2	4	1
966	1765	33	36	3	4	2
967	1312	17	20	2	2	1
968	410	20	22	2	3	2
969	375	10	11	1	2	2
970	492	19	22	1	3	1
971	1364	20	23	1	5	2
972	1684	39	40	1	4	3
973	1003	32	33	2	1	3
974	95	2	4	3	4	2
975	1409	10	13	3	2	2
976	966	40	43	2	1	1
977	616	20	23	2	2	2
978	623	25	28	3	2	2
979	82	3	5	2	1	3
980	1152	21	22	2	4	3
981	1301	17	18	1	3	1
982	280	8	10	2	3	2
983	152	41	43	1	2	2
984	373	2	3	1	3	2
985	1717	15	17	1	4	1
986	343	9	11	3	1	3
987	1457	42	44	1	1	2
988	1665	4	5	2	1	3
989	120	37	38	2	1	1
990	1105	6	8	1	3	3
991	682	36	39	1	5	2
992	1017	7	10	2	2	1
993	323	35	37	2	3	2
994	959	15	16	3	5	3
995	188	15	17	2	1	1
996	910	12	13	1	2	1
997	1000	31	33	3	4	1
998	952	8	11	3	4	1
999	606	9	12	2	5	1
1000	715	9	11	1	1	3
1001	98	33	35	3	4	2
1002	392	4	7	2	5	2
1003	1450	46	47	1	5	1
1004	1728	36	38	3	5	2
1005	1210	45	47	1	3	1
1006	258	13	16	2	4	3
1007	1701	37	40	1	3	3
1008	558	10	12	1	1	3
1009	1552	4	6	1	5	2
1010	1274	12	13	2	1	3
1011	664	35	37	2	5	2
1012	889	16	17	3	3	3
1013	1726	28	31	1	5	3
1014	819	14	16	3	1	1
1015	1558	42	45	1	1	2
1016	675	38	40	2	1	3
1017	787	16	17	2	4	3
1018	1345	33	35	2	2	1
1019	206	10	12	3	3	1
1020	176	21	23	1	2	1
1021	576	7	8	1	5	1
1022	562	10	12	1	4	3
1023	1603	32	34	3	5	1
1024	1742	10	12	1	5	1
1025	135	46	47	1	5	1
1026	422	25	27	1	1	1
1027	207	36	39	2	5	2
1028	1482	29	30	1	2	2
1029	1048	40	42	3	1	2
1030	787	35	36	1	1	1
1031	869	23	25	2	5	3
1032	1461	39	42	2	5	2
1033	115	44	46	3	3	1
1034	33	20	23	2	4	1
1035	756	2	3	2	5	1
1036	1680	7	10	3	4	3
1037	1057	30	33	3	4	3
1038	619	37	38	1	2	2
1039	486	2	3	2	5	1
1040	1629	9	10	1	2	1
1041	353	21	23	3	3	3
1042	1496	17	19	1	1	2
1043	239	5	8	1	1	1
1044	1452	20	23	2	2	1
1045	61	17	18	3	4	1
1046	917	8	9	2	3	1
1047	1305	23	24	2	4	1
1048	1338	15	18	1	4	3
1049	600	29	32	3	4	2
1050	516	13	16	1	4	2
1051	1757	15	16	3	2	2
1052	551	27	29	3	2	1
1053	1456	24	27	2	4	3
1054	101	29	31	1	5	3
1055	66	34	35	2	5	2
1056	1264	10	12	1	3	1
1057	104	43	44	1	3	1
1058	1205	35	38	1	2	1
1059	1755	30	32	1	5	1
1060	1397	37	40	3	5	1
1061	187	3	5	2	4	1
1062	1434	42	44	2	3	3
1063	1703	17	18	3	5	2
1064	287	23	26	2	2	2
1065	733	27	28	2	3	1
1066	1413	2	5	3	3	1
1067	1525	43	45	2	5	2
1068	635	40	42	1	2	2
1069	1534	36	38	1	1	1
1070	1438	14	17	3	5	3
1071	742	21	24	1	4	1
1072	1221	39	40	3	4	1
1073	933	45	47	1	5	3
1074	421	1	4	3	5	1
1075	320	37	39	3	3	2
1076	1002	10	12	3	3	1
1077	812	20	21	3	1	1
1078	502	18	20	3	5	2
1079	944	35	37	3	5	1
1080	364	21	24	1	4	3
1081	1194	37	38	3	1	2
1082	1668	2	5	2	4	3
1083	620	13	15	2	3	2
1084	201	5	7	3	1	1
1085	1644	38	41	3	1	3
1086	754	20	23	2	1	3
1087	1633	1	3	2	5	2
1088	546	23	24	2	4	2
1089	1115	34	36	3	5	3
1090	58	8	11	3	2	1
1091	176	3	5	3	2	2
1092	1494	25	27	3	2	2
1093	1489	41	44	2	2	1
1094	241	44	45	2	4	3
1095	1039	5	8	1	4	2
1096	107	42	44	3	2	1
1097	1404	28	30	3	5	3
1098	49	32	33	3	5	3
1099	1094	9	10	3	5	2
1100	1020	12	13	1	5	3
1101	223	3	6	1	1	2
1102	126	13	15	3	3	3
1103	891	7	10	2	5	3
1104	348	17	20	2	4	2
1105	1391	1	2	2	5	3
1106	218	13	14	1	3	1
1107	345	30	32	2	1	3
1108	883	38	40	1	3	3
1109	426	18	21	3	3	3
1110	807	22	23	1	1	1
1111	1691	19	22	1	5	1
1112	1607	40	41	3	1	3
1113	985	23	25	3	2	2
1114	709	33	34	2	1	1
1115	393	34	36	2	3	2
1116	636	19	21	3	2	2
1117	1384	17	20	1	3	2
1118	804	18	21	2	5	2
1119	1097	21	24	1	2	2
1120	1395	6	8	3	1	2
1121	1410	28	30	3	1	2
1122	1244	11	14	2	3	3
1123	103	22	24	1	2	2
1124	954	4	7	1	3	3
1125	837	44	46	2	2	2
1126	1131	16	17	2	5	2
1127	34	19	22	3	3	3
1128	1144	26	29	2	3	2
1129	1730	26	27	3	3	3
1130	537	18	19	3	5	2
1131	253	11	12	3	4	2
1132	363	1	3	3	2	1
1133	1522	9	12	3	4	2
1134	1059	15	16	3	4	1
1135	1019	32	35	1	1	1
1136	289	48	49	1	3	3
1137	717	46	48	1	2	1
1138	799	15	17	3	1	3
1139	238	27	29	2	5	1
1140	501	29	31	2	1	1
1141	36	32	34	2	2	1
1142	307	25	27	1	5	1
1143	479	31	32	3	5	2
1144	403	21	23	3	3	2
1145	196	25	26	1	2	2
1146	64	23	25	1	2	1
1147	1495	18	20	2	4	3
1148	1455	24	26	2	1	3
1149	181	25	26	2	5	3
1150	138	42	43	2	2	1
1151	1140	8	11	2	1	1
1152	402	11	14	3	2	2
1153	178	10	11	1	3	3
1154	1563	5	7	2	2	2
1155	1343	1	4	1	4	3
1156	1546	13	15	2	5	1
1157	1535	33	36	3	5	2
1158	896	34	35	3	4	2
1159	1734	30	31	3	5	2
1160	791	35	38	3	3	1
1161	972	41	43	1	3	1
1162	1342	43	45	1	3	1
1163	49	44	46	3	1	1
1164	1452	15	17	2	2	1
1165	1288	21	23	3	4	2
1166	1318	24	25	3	2	2
1167	21	3	6	2	3	1
1168	183	39	42	3	2	2
1169	1265	30	31	3	2	1
1170	81	23	26	3	5	2
1171	1259	7	9	2	2	2
1172	1682	1	4	2	3	2
1173	1636	9	10	3	2	1
1174	874	10	12	2	1	3
1175	43	39	40	2	2	1
1176	1429	8	9	3	2	1
1177	1188	7	10	1	5	1
1178	1079	13	16	3	3	3
1179	967	6	7	3	5	1
1180	527	29	30	2	1	2
1181	289	9	12	3	1	2
1182	1130	32	33	1	3	2
1183	1297	37	40	3	2	2
1184	211	2	5	1	5	3
1185	1270	47	48	2	4	2
1186	817	29	31	3	2	1
1187	273	42	43	2	2	1
1188	78	20	22	2	5	2
1189	1390	35	37	1	3	2
1190	1566	32	35	1	1	2
1191	1621	21	24	2	4	3
1192	156	27	28	2	5	1
1193	911	38	39	1	2	1
1194	83	8	9	1	1	2
1195	625	27	28	1	2	2
1196	1716	7	8	2	5	3
1197	1043	40	42	3	4	3
1198	1307	9	12	1	4	2
1199	1481	26	28	1	2	1
1200	1712	11	12	2	1	3
1201	618	17	20	1	5	1
1202	1545	23	26	2	3	1
1203	1750	25	28	1	2	2
1204	1311	24	27	1	1	3
1205	713	44	47	1	2	2
1206	1064	3	5	2	3	2
1207	1081	28	31	1	5	1
1208	412	47	48	2	5	2
1209	1030	44	47	1	5	2
1210	1301	12	14	3	1	1
1211	153	16	17	1	1	1
1212	718	9	12	3	4	1
1213	857	36	38	1	3	1
1214	1405	33	35	1	3	3
1215	1594	33	35	1	5	2
1216	1640	18	20	1	2	2
1217	449	8	10	2	3	2
1218	1289	3	5	1	2	2
1219	835	38	40	2	1	2
1220	1023	2	3	3	5	2
1221	1345	6	7	1	3	1
1222	117	41	44	1	3	3
1223	363	45	48	2	2	1
1224	1024	27	28	2	1	2
1225	1246	23	24	3	3	2
1226	1278	36	38	1	5	3
1227	1690	11	14	3	3	1
1228	998	20	22	3	4	2
1229	1376	37	39	2	5	2
1230	313	18	19	2	2	1
1231	471	32	35	2	4	1
1232	233	23	25	1	5	3
1233	228	40	41	3	1	2
1234	1472	13	15	1	2	1
1235	1423	24	26	2	3	1
1236	1216	14	15	2	5	3
1237	424	31	32	2	3	1
1238	71	34	37	1	1	1
1239	820	28	31	2	5	2
1240	444	38	39	1	5	1
1241	1505	2	3	3	3	3
1242	1393	36	38	1	3	1
1243	1229	2	5	1	5	3
1244	692	38	41	1	5	1
1245	541	27	30	1	1	3
1246	565	28	30	2	3	2
1247	1047	41	43	3	5	1
1248	106	12	15	1	4	1
1249	668	11	14	3	5	1
1250	1081	30	33	1	1	3
1251	147	32	35	2	2	1
1252	1654	12	15	2	1	1
1253	1253	10	12	1	5	1
1254	665	29	32	2	5	3
1255	330	29	31	2	4	3
1256	1623	9	10	2	4	1
1257	475	39	42	2	1	1
1258	80	45	47	1	3	2
1259	222	15	17	3	4	2
1260	1709	21	22	1	4	3
1261	1765	5	7	3	2	1
1262	1209	17	20	1	3	3
1263	1776	10	12	1	5	3
1264	884	23	25	3	2	1
1265	1569	40	42	1	5	1
1266	1031	27	29	1	1	1
1267	1435	23	26	2	2	2
1268	99	41	42	3	4	1
1269	376	32	35	1	3	1
1270	1218	15	16	1	4	1
1271	932	25	26	1	4	2
1272	1227	8	9	1	2	2
1273	310	21	22	3	3	3
1274	942	20	22	1	4	2
1275	249	44	45	2	3	1
1276	237	32	34	1	4	3
1277	1533	16	18	1	2	1
1278	1483	16	19	2	2	1
1279	1702	6	7	1	2	1
1280	187	1	3	2	1	2
1281	153	6	7	2	2	1
1282	626	34	37	2	4	1
1283	459	16	17	1	1	1
1284	674	34	37	1	1	1
1285	710	21	22	3	1	1
1286	589	19	20	3	1	2
1287	356	13	16	1	2	1
1288	826	6	8	2	5	1
1289	610	13	14	2	4	3
1290	1273	43	44	3	1	1
1291	738	24	26	1	2	1
1292	1078	11	13	1	3	1
1293	436	17	18	1	3	1
1294	850	34	36	3	2	1
1295	109	10	11	1	5	3
1296	1027	22	23	1	3	1
1297	1126	42	45	1	2	2
1298	496	44	47	1	3	1
1299	1744	4	5	2	4	2
1300	300	4	7	3	5	1
1301	1507	26	27	2	3	3
1302	766	7	8	1	1	2
1303	1192	23	25	3	2	2
1304	420	23	26	1	4	3
1305	1183	38	41	2	3	3
1306	894	36	38	1	5	2
1307	1698	42	44	1	5	3
1308	1	26	27	2	5	2
1309	1685	43	46	1	4	2
1310	1196	21	22	1	4	1
1311	1348	27	29	2	1	1
1312	746	44	45	3	2	1
1313	550	4	5	1	4	2
1314	1453	4	7	3	5	3
1315	793	23	26	1	2	2
1316	357	29	32	2	2	2
1317	267	6	9	3	3	3
1318	728	11	13	1	5	2
1319	690	28	30	2	4	2
1320	1691	29	32	3	1	2
1321	1299	37	39	2	2	2
1322	1691	38	39	2	2	1
1323	76	44	46	2	5	1
1324	628	43	45	3	3	1
1325	634	9	12	1	2	1
1326	1486	36	37	1	1	3
1327	1643	47	48	2	1	3
1328	388	24	26	2	3	2
1329	976	34	36	2	1	1
1330	908	25	28	2	1	1
1331	1459	2	5	1	2	2
1332	68	24	25	3	3	2
1333	1639	44	46	1	2	1
1334	1707	12	14	2	3	3
1335	1101	2	5	2	5	2
1336	1787	30	32	2	5	1
1337	1715	18	19	2	2	2
1338	521	16	17	2	3	2
1339	1692	35	37	1	1	2
1340	1554	31	34	3	3	3
1341	1696	25	28	2	2	1
1342	185	34	37	2	2	1
1343	484	34	37	2	5	1
1344	1547	39	40	1	3	3
1345	851	37	40	1	1	2
1346	1632	17	20	3	3	3
1347	517	42	45	3	5	1
1348	434	9	11	2	3	2
1349	799	20	21	1	4	3
1350	1322	24	27	2	1	3
1351	98	14	16	2	4	3
1352	19	38	41	2	1	2
1353	1785	1	4	1	5	3
1354	627	20	21	2	3	3
1355	904	38	41	2	1	2
1356	417	25	28	1	1	3
1357	1571	9	11	3	3	1
1358	1341	9	10	3	3	3
1359	1299	4	7	3	3	2
1360	614	36	39	1	1	3
1361	984	36	37	1	4	2
1362	259	17	20	2	2	2
1363	1764	21	22	3	3	3
1364	88	23	25	1	5	3
1365	779	28	30	3	1	1
1366	1109	39	42	3	2	2
1367	411	31	32	3	5	3
1368	689	31	33	3	4	2
1369	1544	24	27	2	4	3
1370	533	39	42	2	4	1
1371	514	21	24	2	3	3
1372	1335	28	30	1	5	1
1373	868	11	12	2	1	2
1374	1258	42	43	1	1	2
1375	372	3	4	1	3	1
1376	1520	26	29	1	3	2
1377	782	41	44	1	1	1
1378	748	28	29	3	4	2
1379	1542	12	14	2	5	3
1380	1016	42	44	1	5	2
1381	97	14	16	2	3	2
1382	1150	33	35	2	4	1
1383	9	1	3	2	5	3
1384	414	26	27	3	1	3
1385	1555	21	24	2	1	3
1386	980	3	6	1	1	3
1387	417	44	45	3	5	2
1388	935	45	46	2	1	3
1389	485	3	6	3	1	1
1390	994	5	7	3	3	2
1391	1479	34	35	1	1	3
1392	1426	12	14	2	3	3
1393	476	30	31	2	1	3
1394	1365	31	34	1	1	3
1395	810	46	47	3	3	1
1396	1336	16	17	1	2	1
1397	703	31	33	2	2	2
1398	380	20	21	2	4	3
1399	352	13	14	1	5	2
1400	359	22	23	2	1	2
1401	1293	34	37	3	1	1
1402	245	30	32	3	1	2
1403	938	3	5	3	2	2
1404	1425	2	3	1	5	2
1405	508	4	6	1	3	3
1406	381	44	47	1	2	2
1407	1386	8	11	1	4	1
1408	1038	44	45	3	4	1
1409	852	26	28	1	1	2
1410	352	14	16	2	2	2
1411	1250	24	27	3	1	3
1412	222	5	8	3	5	1
1413	1784	18	19	1	5	2
1414	1161	39	41	1	3	1
1415	1287	14	17	1	3	1
1416	532	37	39	3	3	3
1417	178	26	29	3	3	2
1418	1606	8	9	3	3	2
1419	680	14	15	1	1	1
1420	139	29	32	2	2	1
1421	672	9	10	1	3	1
1422	1018	5	7	1	4	2
1423	319	38	40	1	4	2
1424	1462	44	45	3	4	1
1425	306	27	30	3	2	1
1426	1620	10	13	1	3	1
1427	1254	12	15	1	4	2
1428	744	23	26	1	4	2
1429	711	3	6	3	1	2
1430	912	39	41	3	2	1
1431	441	18	19	3	5	3
1432	676	19	21	1	2	2
1433	1574	37	38	3	4	1
1434	646	13	15	1	4	3
1435	1107	23	26	2	1	2
1436	1523	4	5	2	3	1
1437	706	19	20	2	5	2
1438	1346	9	12	2	5	2
1439	1262	32	33	1	2	2
1440	1145	21	24	3	1	3
1441	1087	15	18	3	1	3
1442	3	27	28	1	2	1
1443	1631	34	37	1	3	2
1444	1476	42	43	2	4	2
1445	55	32	33	3	5	2
1446	1644	33	36	2	3	2
1447	1074	1	3	1	5	3
1448	586	1	4	2	2	1
1449	1732	40	43	3	3	1
1450	1651	8	9	2	3	2
1451	956	4	7	3	5	1
1452	1508	44	45	1	5	1
1453	309	37	39	1	5	1
1454	377	22	23	1	3	1
1455	988	17	18	1	1	2
1456	1123	5	8	2	4	1
1457	879	44	45	2	2	1
1458	1489	29	32	2	2	2
1459	1396	31	33	2	2	2
1460	1375	42	44	3	4	1
1461	1398	12	13	3	1	1
1462	1512	3	6	1	4	1
1463	5	32	34	1	5	1
1464	1080	46	47	3	5	2
1465	1096	23	25	1	1	2
1466	455	16	19	2	4	3
1467	867	29	30	2	3	2
1468	350	42	43	2	5	2
1469	491	5	6	3	3	3
1470	431	35	36	1	3	1
1471	127	6	9	2	5	1
1472	1664	30	33	2	2	2
1473	880	25	28	3	3	2
1474	314	24	25	2	1	2
1475	1430	16	17	2	3	1
1476	85	18	19	3	5	2
1477	194	21	23	1	2	2
1478	463	42	45	2	2	2
1479	654	9	11	3	3	2
1480	797	37	38	3	5	1
1481	361	26	28	3	4	3
1482	745	3	5	1	1	3
1483	1284	9	11	3	2	2
1484	979	8	11	3	4	3
1485	1368	22	24	3	1	2
1486	561	8	9	3	4	1
1487	590	31	33	1	3	1
1488	48	31	32	2	1	3
1489	439	5	8	2	3	2
1490	46	34	35	3	5	2
1491	827	8	10	3	1	3
1492	701	20	23	1	1	2
1493	1758	19	21	3	5	2
1494	1022	14	15	2	5	2
1495	1323	11	13	1	1	3
1496	143	15	18	1	1	2
1497	789	28	31	1	3	1
1498	14	29	32	3	2	2
1499	996	7	8	2	5	2
1500	490	38	39	2	1	2
1501	1442	41	44	2	1	2
1502	643	19	21	3	3	2
1503	798	42	44	3	2	1
1504	1775	3	4	2	3	3
1505	764	25	26	2	1	2
1506	921	43	45	3	1	2
1507	1125	15	16	2	1	3
1508	807	45	47	1	1	2
1509	726	32	34	2	2	1
1510	32	38	40	3	4	3
1511	776	12	15	1	2	1
1512	573	5	6	3	4	2
1513	140	34	37	3	4	1
1514	170	42	45	2	3	1
1515	475	18	20	1	2	1
1516	762	7	9	3	4	2
1517	396	44	46	1	3	3
1518	732	48	49	1	1	2
1519	219	41	42	1	5	2
1520	215	15	16	3	4	3
1521	1284	1	2	2	5	1
1522	1577	20	23	2	2	1
1523	1211	19	22	3	2	1
1524	272	42	45	1	4	2
1525	20	5	8	2	5	2
1526	948	38	39	3	2	2
1527	741	30	31	3	4	2
1528	52	34	35	2	1	1
1529	735	26	28	2	3	2
1530	163	20	22	3	4	1
1531	1625	20	22	2	4	1
1532	342	4	6	1	4	1
1533	1422	4	6	2	3	3
1534	700	8	10	1	3	2
1535	482	21	22	2	5	1
1536	1711	29	32	3	2	2
1537	578	24	25	2	1	3
1538	519	27	29	2	1	2
1539	621	1	3	3	5	3
1540	669	29	30	1	1	1
1541	1163	41	44	1	2	1
1542	347	3	5	2	3	2
1543	661	24	27	3	3	1
1544	100	32	33	1	5	2
1545	582	8	9	1	1	1
1546	356	35	36	2	4	1
1547	1659	1	4	2	2	2
1548	1772	4	6	1	5	3
1549	1175	7	9	3	5	3
1550	1361	14	17	2	5	2
1551	153	3	6	2	3	3
1552	716	14	17	3	5	3
1553	489	4	5	2	4	2
1554	505	36	38	2	4	3
1555	1746	13	15	1	5	3
1556	1095	28	29	3	3	1
1557	404	43	44	2	1	3
1558	1546	2	3	2	3	2
1559	757	12	14	1	5	1
1560	1367	38	40	1	1	3
1561	29	26	28	2	1	2
1562	246	21	24	2	4	2
1563	56	36	39	3	2	2
1564	1195	37	40	3	2	2
1565	1184	20	22	2	5	3
1566	214	15	17	3	3	2
1567	1681	6	7	1	2	2
1568	498	39	41	2	5	2
1569	574	8	11	2	4	2
1570	1527	5	8	1	5	2
1571	1788	14	17	3	4	3
1572	1657	27	28	1	2	2
1573	947	29	31	1	4	2
1574	1034	26	29	2	1	1
1575	925	9	10	2	4	1
1576	825	13	15	2	5	1
1577	226	4	7	1	1	2
1578	168	3	6	3	2	2
1579	604	40	41	1	1	1
1580	242	43	44	1	2	2
1581	905	8	11	1	4	2
1582	1213	29	32	3	5	3
1583	968	34	35	1	3	1
1584	740	9	10	2	5	1
1585	520	1	4	2	5	2
1586	807	27	28	3	5	3
1587	1158	25	28	1	2	2
1588	1433	5	6	3	5	3
1589	1439	4	7	3	2	1
1590	1266	14	16	3	1	2
1591	768	8	9	1	5	1
1592	852	17	19	1	3	2
1593	1135	35	38	1	3	3
1594	1327	9	10	3	3	2
1595	824	14	15	3	1	3
1596	1085	35	36	2	1	2
1597	416	1	4	2	1	2
1598	1762	5	6	2	2	2
1599	803	1	2	3	3	1
1600	530	6	8	2	4	1
1601	685	8	9	3	3	1
1602	335	20	21	1	4	3
1603	378	35	36	3	2	2
1604	1178	30	31	1	5	2
1605	645	32	34	1	5	3
1606	1173	2	3	1	5	1
1607	1129	34	36	3	2	2
1608	1330	18	21	2	2	2
1609	1206	30	31	3	5	2
1610	637	33	34	1	4	2
1611	940	35	36	2	5	3
1612	1645	33	36	2	4	1
1613	1179	20	23	1	4	1
1614	497	20	23	3	1	1
1615	1538	38	39	2	3	1
1616	176	13	16	3	1	1
1617	513	12	15	2	5	2
1618	1204	16	17	3	4	2
1619	1102	3	5	1	4	2
1620	1660	7	10	1	3	1
1621	790	23	24	3	1	2
1622	494	17	20	3	5	1
1623	1353	1	4	1	5	3
1624	1099	16	18	3	5	1
1625	848	38	39	2	5	2
1626	907	26	27	2	5	3
1627	171	41	42	1	2	2
1628	1188	21	22	3	1	2
1629	961	22	24	2	2	2
1630	1230	32	33	3	1	3
1631	693	41	43	2	4	2
1632	1635	20	22	3	2	1
1633	1748	42	44	1	4	1
1634	1774	10	13	2	2	1
1635	1005	9	10	1	2	2
1636	1667	20	22	1	2	2
1637	1114	17	19	3	5	2
1638	1199	19	22	2	1	1
1639	1615	15	18	2	1	1
1640	1231	37	38	3	4	2
1641	1006	13	16	2	1	3
1642	1769	5	6	3	1	2
1643	731	20	22	1	5	1
1644	1013	34	35	2	5	3
1645	1509	2	5	2	5	3
1646	1249	20	22	3	5	1
1647	887	36	39	2	2	1
1648	1310	38	39	3	3	1
1649	277	28	31	2	2	1
1650	895	43	46	1	5	2
1651	1515	46	47	2	3	2
1652	1648	10	12	3	3	1
1653	1326	8	9	2	1	3
1654	1611	31	34	2	5	1
1655	419	2	3	1	2	2
1656	145	4	6	3	1	2
1657	699	25	28	3	2	1
1658	483	46	47	1	1	2
1659	873	37	38	3	4	2
1660	1339	31	34	1	1	1
1661	1624	41	43	3	5	2
1662	951	7	10	3	5	1
1663	260	24	25	2	4	3
1664	1049	24	27	3	5	1
1665	992	25	27	2	1	3
1666	214	7	8	2	5	2
1667	1478	1	4	1	4	2
1668	958	37	39	3	5	2
1669	79	47	49	1	1	1
1670	957	1	4	1	4	1
1671	1416	37	39	1	1	1
1672	177	39	40	2	5	1
1673	190	44	47	1	2	2
1674	311	33	36	3	2	2
1675	670	33	35	1	3	3
1676	1240	24	26	3	2	1
1677	70	28	30	2	3	2
1678	1214	36	38	2	1	3
1679	1608	17	18	3	4	1
1680	1627	10	12	2	1	1
1681	769	26	27	3	4	3
1682	125	43	44	1	1	1
1683	1488	32	33	1	5	2
1684	822	10	13	3	3	1
1685	318	40	43	2	4	1
1686	204	38	39	1	2	2
1687	671	7	10	3	5	2
1688	351	41	44	1	3	1
1689	1532	26	29	1	1	2
1690	461	8	9	2	5	1
1691	397	31	34	1	1	2
1692	250	19	22	1	2	1
1693	524	25	26	1	2	2
1694	749	34	36	1	5	1
1695	1147	20	23	3	3	2
1696	1519	8	11	3	5	2
1697	1111	23	25	3	5	2
1698	254	13	15	1	1	3
1699	116	16	19	3	5	2
1700	1358	47	48	2	3	2
1701	1753	32	35	3	4	1
1702	1672	2	5	2	2	1
1703	93	23	25	1	3	2
1704	941	13	14	2	2	2
1705	1579	29	30	1	2	1
1706	42	39	41	1	1	3
1707	1464	11	13	2	5	1
1708	387	22	23	2	2	2
1709	318	19	21	3	1	2
1710	839	1	2	3	3	3
1711	1194	45	46	1	1	2
1712	1285	43	45	2	5	2
1713	806	17	18	2	5	3
1714	209	5	8	3	1	2
1715	752	41	43	1	1	2
1716	704	7	9	1	5	2
1717	1449	30	32	3	3	2
1718	328	28	31	3	1	1
1719	1773	19	22	2	4	2
1720	518	1	4	1	5	3
1721	149	15	17	2	5	2
1722	1201	39	41	2	5	2
1723	1706	33	35	2	5	1
1724	1160	37	38	2	5	3
1725	27	8	9	3	5	2
1726	94	28	29	2	5	1
1727	1320	31	32	2	4	2
1728	183	30	31	3	5	1
1729	842	22	23	1	3	2
1730	1377	43	46	1	5	1
1731	182	8	10	1	5	3
1732	1326	17	18	2	4	3
1733	1360	9	12	3	2	2
1734	773	20	21	3	5	1
1735	295	40	42	2	2	2
1736	1371	28	30	2	2	2
1737	1661	12	15	2	5	1
1738	1225	19	22	2	2	2
1739	1388	36	37	2	3	3
1740	1104	41	44	3	5	2
1741	885	27	29	3	2	2
1742	429	26	29	3	1	3
1743	623	24	26	3	4	3
1744	1075	40	41	1	4	2
1745	899	21	24	1	3	1
1746	644	37	40	2	4	1
1747	567	15	17	3	2	2
1748	1370	33	34	3	3	1
1749	1236	37	38	1	5	2
1750	299	29	32	3	1	3
1751	1469	9	11	3	4	1
1752	1157	38	39	1	5	2
1753	991	29	31	1	4	1
1754	281	43	46	2	2	1
1755	1042	38	39	3	4	1
1756	723	39	41	2	5	3
1757	1477	9	11	1	4	2
1758	1352	25	27	3	3	3
1759	784	34	35	1	5	3
1760	1724	12	14	1	3	1
1761	384	40	42	3	4	1
1762	1060	37	40	1	4	2
1763	761	2	5	1	2	1
1764	1308	13	15	2	3	3
1765	543	29	32	2	4	2
1766	224	15	18	2	1	2
1767	534	20	21	2	3	2
1768	180	38	39	1	1	1
1769	1143	17	19	1	2	1
1770	992	29	30	1	5	3
1771	312	42	44	3	3	3
1772	1041	27	30	2	3	3
1773	511	12	14	1	2	1
1774	266	7	9	3	5	1
1775	315	34	37	3	5	1
1776	1650	20	23	2	4	1
1777	129	42	43	2	3	3
1778	950	21	22	1	1	1
1779	993	43	45	2	2	1
1780	1331	3	6	3	1	1
1781	325	2	3	2	1	2
1782	1561	45	47	1	1	3
1783	540	18	19	3	3	3
1784	875	21	23	2	1	1
1785	1506	5	7	3	3	1
1786	1055	31	33	1	5	3
1787	1170	8	9	2	4	1
1788	428	34	36	2	5	1
1789	1224	31	34	3	3	1
1790	23	44	45	3	2	2
1791	916	41	44	1	5	3
1792	1403	16	17	1	5	2
1793	1223	13	16	1	1	1
1794	694	46	49	1	3	2
1795	1122	35	38	3	4	1
1796	684	12	13	2	4	1
1797	304	16	18	3	2	1
1798	1791	31	34	2	1	1
1799	982	4	5	3	4	1
1800	231	44	46	3	4	1
1801	1683	32	34	2	3	2
1802	495	11	12	1	3	3
1803	828	47	48	1	2	2
1804	1597	10	13	2	5	3
1805	25	44	47	1	3	1
1806	235	42	43	3	2	2
1807	598	8	9	1	4	3
1808	440	28	29	3	4	3
1809	1093	17	20	2	1	2
1810	1089	15	16	2	4	2
1811	1031	10	11	2	5	3
1812	150	44	47	2	3	1
1813	1503	27	29	1	4	2
1814	666	18	19	1	4	3
1815	1414	7	8	3	4	3
1816	1003	42	45	1	3	2
1817	157	33	35	3	5	2
1818	863	22	25	3	5	2
1819	1705	25	26	1	2	1
1820	1559	44	47	1	2	1
1821	100	36	38	1	2	1
1822	544	11	12	2	4	1
1823	230	42	43	2	5	2
1824	1572	11	12	2	4	2
1825	1128	25	27	3	4	2
1826	264	2	4	1	1	1
1827	575	37	38	2	2	1
1828	1110	43	45	1	2	2
1829	53	11	13	1	5	2
1830	1146	2	5	1	1	1
1831	1583	34	37	2	4	3
1832	1485	10	13	3	5	1
1833	218	42	44	1	3	1
1834	231	43	44	1	3	3
1835	91	12	13	3	4	3
1836	223	39	40	1	1	3
1837	1428	4	5	3	1	2
1838	1351	36	39	3	5	3
1839	800	17	19	1	2	2
1840	521	24	27	1	5	1
1841	1040	14	16	1	3	2
1842	1468	16	19	2	1	1
1843	765	43	44	2	4	1
1844	1790	32	34	2	5	2
1845	1067	35	36	1	3	3
1846	970	44	46	1	3	2
1847	146	41	44	1	1	1
1848	1504	20	23	1	3	3
1849	755	11	12	3	2	1
1850	569	34	36	3	4	3
1851	308	14	15	2	3	2
1852	63	33	34	3	2	2
1853	831	42	44	3	3	1
1854	1334	41	43	2	2	2
1855	1153	6	7	3	1	3
1856	886	33	36	3	2	2
1857	1754	11	12	1	3	2
1858	640	19	22	3	4	3
1859	751	48	49	1	5	2
1860	400	38	41	2	3	3
1861	1136	24	26	1	5	2
1862	1593	6	7	2	2	2
1863	31	32	34	2	2	1
1864	1400	4	7	3	2	1
1865	268	33	36	3	1	2
1866	1383	21	22	1	4	1
1867	1281	36	37	2	2	2
1868	166	9	12	3	4	2
1869	1132	26	28	2	3	1
1870	1743	6	9	2	5	2
1871	1581	6	7	2	2	1
1872	451	42	45	1	1	2
1873	1463	2	5	3	1	1
1874	1232	29	30	2	1	1
1875	707	22	25	2	3	2
1876	263	12	14	3	3	3
1877	1066	41	43	3	3	2
1878	860	29	31	3	5	3
1879	327	4	6	1	2	1
1880	1738	3	4	2	5	2
1881	210	36	37	3	3	1
1882	433	5	8	3	1	1
1883	1088	16	19	2	3	3
1884	617	27	29	2	1	3
1885	1151	31	34	2	4	3
1886	173	44	46	2	1	2
1887	1001	39	41	3	5	3
1888	274	23	24	3	4	2
1889	780	35	36	2	5	1
1890	631	7	8	2	3	2
1891	106	45	46	3	1	2
1892	457	10	13	2	1	2
1893	1191	43	46	1	5	2
1894	1119	34	35	3	4	1
1895	1317	26	27	3	4	2
1896	1528	30	32	3	5	3
1897	1187	3	4	1	4	3
1898	470	38	41	2	5	1
1899	730	48	49	1	1	1
1900	1373	13	14	3	4	2
1901	608	26	28	1	3	1
1902	1550	29	31	2	5	3
1903	408	25	27	1	5	1
1904	841	31	32	3	1	2
1905	714	4	5	2	3	1
1906	753	30	31	1	4	3
1907	179	37	39	2	1	2
1908	92	39	41	2	5	2
1909	901	40	43	3	5	1
1910	1100	26	27	3	1	1
1911	673	17	20	1	1	2
1912	326	33	35	2	5	1
1913	739	44	47	1	5	2
1914	1045	41	42	2	5	1
1915	549	16	19	1	1	2
1916	42	40	43	2	5	1
1917	1355	20	23	1	4	2
1918	663	5	6	1	4	2
1919	488	2	4	3	2	1
1920	1180	23	26	2	3	2
1921	1176	7	8	2	4	1
1922	529	28	31	2	1	1
1923	1516	13	16	3	4	3
1924	367	35	38	1	4	1
1925	445	45	46	1	1	2
1926	1604	37	39	2	1	2
1927	499	40	41	3	5	3
1928	453	26	29	3	5	3
1929	1233	4	7	1	2	1
1930	805	35	38	3	2	1
1931	1510	34	37	2	3	2
1932	284	27	29	1	5	2
1933	294	20	21	3	3	1
1934	1549	43	44	3	2	2
1935	1127	37	38	2	1	2
1936	1568	15	18	1	1	2
1937	1418	12	14	1	2	2
1938	597	6	9	3	1	1
1939	1751	32	33	2	4	1
1940	1524	16	18	3	2	1
1941	1649	41	42	1	1	2
1942	1786	15	16	1	5	1
1943	10	7	8	1	5	3
1944	577	26	28	1	2	2
1945	333	41	43	2	4	3
1946	711	22	24	1	4	3
1947	1704	7	9	1	4	1
1948	305	29	30	1	4	3
1949	408	39	41	3	4	1
1950	1149	13	15	2	4	1
1951	1671	44	46	3	2	1
1952	1655	33	35	2	5	1
1953	1713	42	43	2	5	1
1954	1609	32	34	2	4	2
1955	559	10	11	1	4	2
1956	1134	43	44	2	3	1
1957	918	10	11	3	3	1
1958	1036	6	9	3	5	1
1959	1770	42	43	2	2	1
1960	833	23	26	1	2	2
1961	1357	14	15	1	4	2
1962	247	38	41	2	3	1
1963	1008	13	15	1	3	3
1964	221	31	33	1	1	2
1965	591	14	16	3	4	1
1966	1103	40	43	3	5	1
1967	40	26	29	1	2	2
1968	1263	7	10	2	4	1
1969	870	18	20	1	4	2
1970	44	38	39	3	2	1
1971	1169	40	42	1	1	1
1972	1321	12	15	2	2	2
1973	785	30	31	1	1	1
1974	1329	32	34	1	5	3
1975	758	7	9	3	3	2
1976	1782	36	37	1	5	3
1977	265	42	45	3	1	1
1978	603	43	44	1	1	3
1979	317	19	21	1	2	1
1980	1589	14	15	3	1	3
1981	105	30	32	2	2	1
1982	1071	27	29	3	4	3
1983	531	45	46	3	2	1
1984	1212	10	12	2	2	2
1985	653	5	8	3	4	3
1986	830	14	15	3	3	3
1987	1467	24	26	2	4	1
1988	369	9	12	2	5	2
1989	1333	22	25	2	4	2
1990	695	19	22	3	1	3
1991	229	22	23	2	5	3
1992	1649	41	44	3	4	3
1993	465	9	12	1	3	1
1994	1159	43	46	2	4	1
1995	612	5	6	3	2	1
1996	1419	22	23	3	5	1
1997	155	30	32	2	2	2
1998	973	29	32	2	1	3
1999	1140	1	4	2	1	1
2000	687	35	37	2	5	1

