DATASET = ORTEC-hidden instance set VeRoLog competition
NAME = tools over vehicles over vehicle days over distance with 1500 requests over 40 days

DAYS = 40
CAPACITY = 40
MAX_TRIP_DISTANCE = 15000
DEPOT_COORDINATE = 0

VEHICLE_COST = 200000
VEHICLE_DAY_COST = 5000
DISTANCE_COST = 1

TOOLS = 3
1	15	66	20000000
2	12	96	40000000
3	3	102	10000000

COORDINATES = 1376
0	3917	6819
1	8284	6131
2	5505	6141
3	4396	6145
4	5534	6148
5	8209	6152
6	3505	6165
7	7510	6169
8	9134	6173
9	8677	8142
10	8713	6177
11	7828	6186
12	9432	6187
13	7086	6195
14	9037	6199
15	8400	6200
16	7376	6202
17	8126	6205
18	3979	5133
19	7988	6210
20	7349	6214
21	8208	6215
22	6031	8149
23	7730	6217
24	7461	6220
25	8220	6223
26	7650	6229
27	8007	6236
28	7638	6238
29	8952	5934
30	8390	4733
31	6373	6250
32	7870	6264
33	4019	6272
34	7082	7537
35	7788	6295
36	3881	4157
37	7805	6322
38	3490	6356
39	8235	6363
40	6212	6371
41	3500	6386
42	8344	6390
43	3479	6391
44	7733	6396
45	4837	2169
46	4315	6423
47	7451	6442
48	7569	6462
49	8286	6473
50	7538	6188
51	7412	6477
52	4382	6485
53	8330	6491
54	7809	6191
55	4043	6498
56	8683	6504
57	8050	6505
58	6791	6506
59	4600	4191
60	8445	6519
61	4287	6534
62	4353	6540
63	7608	6543
64	8212	6547
65	7024	8205
66	4220	6559
67	7480	6561
68	8668	6562
69	8258	6575
70	8484	6588
71	7994	6596
72	4032	6597
73	7893	6598
74	8158	6607
75	7641	6607
76	7349	6609
77	8495	6624
78	7537	6628
79	8295	6651
80	8056	6657
81	8669	6661
82	7861	6665
83	4190	6670
84	7685	6673
85	8803	6673
86	8023	6681
87	3883	4220
88	4008	4220
89	3725	6686
90	3474	6654
91	4002	6707
92	8388	6713
93	7950	6720
94	7186	8233
95	7366	6230
96	7002	6731
97	8743	6734
98	5817	6737
99	8331	6741
100	7192	6742
101	6488	6744
102	3508	6757
103	7192	6757
104	4199	6766
105	7758	6775
106	3850	6782
107	4114	6784
108	8303	6792
109	8747	6798
110	7348	6801
111	3782	6801
112	7689	6803
113	3363	6820
114	8320	6828
115	4032	6832
116	8581	6835
117	8062	6851
118	4140	6859
119	4585	6863
120	8243	6874
121	7749	6876
122	8681	6885
123	8170	6889
124	3885	6890
125	8538	4254
126	4033	6892
127	4010	6896
128	4198	6903
129	4627	6910
130	9547	6913
131	7820	6916
132	4633	6922
133	8188	6923
134	8451	6924
135	9426	6941
136	7481	6950
137	3957	4266
138	4289	6963
139	7514	6970
140	4064	6977
141	9260	6988
142	7185	7000
143	8741	7001
144	8559	4273
145	9155	7015
146	7855	7021
147	4107	7023
148	8780	7027
149	4590	7032
150	6395	4278
151	8507	4279
152	8489	7042
153	7540	7063
154	4795	7071
155	6173	4285
156	8052	6289
157	3995	7081
158	8018	7095
159	7938	7101
160	8542	7105
161	7738	7111
162	9156	7113
163	7706	7115
164	3506	7127
165	4598	7130
166	4316	7136
167	8256	7153
168	7784	7157
169	7379	7170
170	6903	7177
171	7562	7181
172	3511	7189
173	3936	7201
174	7269	7203
175	7101	8315
176	4416	7223
177	7757	7228
178	9179	7229
179	4219	7248
180	8108	4313
181	7443	7253
182	4102	7253
183	7980	4316
184	8542	7267
185	4300	7278
186	7395	7279
187	3762	7285
188	8268	7290
189	7416	7294
190	7522	7297
191	6610	316
192	4054	7307
193	8112	7312
194	7793	7324
195	8018	7325
196	8054	7326
197	7400	7331
198	4965	4328
199	4521	7332
200	3367	7344
201	7596	7344
202	8928	7347
203	6586	7353
204	7332	7359
205	3967	4333
206	8742	7367
207	4056	7371
208	6301	7373
209	7742	7378
210	8268	7391
211	7276	7401
212	7245	7402
213	6325	7414
214	7456	7417
215	7097	7417
216	8028	7436
217	4177	7438
218	7309	7458
219	8328	7461
220	7635	7466
221	9561	7469
222	8979	7472
223	3832	7518
224	6547	7528
225	8782	7531
226	6030	7537
227	6530	7539
228	7732	7540
229	7043	7544
230	7286	7546
231	6088	7556
232	6677	7563
233	7253	7573
234	8343	4778
235	8449	7583
236	3750	7588
237	6815	2367
238	4310	4372
239	5984	8261
240	7296	7609
241	7734	7611
242	7905	7615
243	8349	7616
244	3797	4780
245	4336	6380
246	5707	7628
247	8490	7629
248	4486	7639
249	7400	7643
250	8762	7645
251	8470	7647
252	5651	7651
253	8519	7654
254	7525	7654
255	6346	7655
256	5712	7665
257	8699	7670
258	8125	7678
259	9458	7697
260	3542	7699
261	7937	7701
262	7075	7702
263	3533	7705
264	7841	7716
265	5583	7717
266	8572	7723
267	6804	7728
268	8003	7741
269	8410	7741
270	7156	7744
271	5393	7761
272	5348	7763
273	7526	7774
274	6625	7797
275	8429	4405
276	8580	7809
277	5674	7813
278	5683	7826
279	6877	7862
280	8414	7831
281	6942	8420
282	6202	7847
283	5274	7852
284	4172	7856
285	7047	7876
286	6747	7878
287	8811	7898
288	6480	7902
289	9879	7932
290	8364	7936
291	2412	4430
292	5472	7951
293	5768	7955
294	6236	7967
295	6260	7967
296	8401	4435
297	8213	7984
298	6586	7989
299	6275	8007
300	6172	8008
301	5795	8011
302	7202	8018
303	7437	8025
304	9276	8030
305	7317	8037
306	5642	8055
307	3539	8057
308	7728	8064
309	8891	8458
310	8143	8099
311	5683	8100
312	7306	8110
313	7128	8116
314	8466	4458
315	4999	4459
316	7077	8124
317	6093	8138
318	8949	8151
319	7561	8156
320	7688	8161
321	7701	8163
322	5447	8171
323	5541	8172
324	6232	8181
325	7508	8185
326	7400	6475
327	6109	8197
328	6690	8200
329	7294	8201
330	9249	8209
331	8442	4475
332	7444	8221
333	6748	8227
334	8979	8228
335	6472	8233
336	7418	6483
337	6307	8255
338	6500	8276
339	7643	8492
340	7514	8295
341	6853	8295
342	6537	8302
343	5737	8315
344	5371	8319
345	5818	8320
346	3097	2492
347	9351	8361
348	7955	8382
349	7633	6506
350	8412	8397
351	7859	8405
352	9303	8414
353	7715	6512
354	8200	8422
355	8047	8427
356	6180	8429
357	3616	8441
358	6384	8467
359	7799	8467
360	7873	8471
361	5747	8493
362	7882	8504
363	5873	8508
364	7239	8532
365	6865	8516
366	5361	8528
367	9691	8533
368	6135	8545
369	5571	8559
370	8829	4533
371	6814	8582
372	5427	8584
373	8243	4536
374	6296	8596
375	5870	8598
376	6697	8605
377	7622	8608
378	5591	8615
379	8656	8624
380	6391	8625
381	8118	8630
382	5651	8631
383	8942	8631
384	7446	8632
385	3933	6549
386	8515	8643
387	8266	8643
388	9270	8647
389	6305	8656
390	8218	8657
391	7254	8667
392	7753	8668
393	5634	8686
394	4058	4554
395	5331	4554
396	4586	2414
397	6386	8717
398	7466	8566
399	7222	8737
400	6897	8739
401	7237	8744
402	5828	8761
403	9491	8786
404	6846	8788
405	7381	8794
406	6318	8799
407	6497	8800
408	7304	8580
409	4972	4574
410	8947	6020
411	8642	4576
412	5796	8831
413	7525	8833
414	9834	8850
415	7589	8862
416	8673	4583
417	7056	8868
418	6918	8874
419	8480	8903
420	7069	8905
421	4584	4022
422	7206	8917
423	6103	8919
424	5847	8924
425	3764	6597
426	6979	6597
427	6720	8932
428	5714	8936
429	5829	8949
430	5824	8960
431	8017	8960
432	9336	8963
433	7628	8963
434	7190	8972
435	3162	2599
436	9179	8986
437	6852	8990
438	7367	8991
439	8795	9004
440	7795	9012
441	5720	8615
442	7965	9022
443	7981	9027
444	5624	9028
445	5726	9032
446	8086	9036
447	7801	9040
448	7336	9041
449	7744	8619
450	7360	9056
451	6818	9067
452	7837	9070
453	7766	9077
454	6334	9087
455	5792	9089
456	7739	9089
457	6703	9090
458	6924	9106
459	7816	5629
460	6008	9111
461	6860	9116
462	7739	5229
463	7062	9119
464	7675	9136
465	6401	9142
466	7751	9147
467	8027	9157
468	6557	9164
469	8586	9168
470	8561	4633
471	7976	9174
472	8168	9174
473	6061	9199
474	6360	9200
475	6879	9200
476	6904	9206
477	9270	9211
478	6310	9217
479	8555	9221
480	7915	9224
481	6182	9241
482	8041	9246
483	6827	8654
484	7176	9253
485	6579	9263
486	6487	7471
487	8383	9269
488	6141	9271
489	8611	9272
490	3816	6656
491	9161	9292
492	6420	9295
493	8185	9296
494	8313	9297
495	6956	9298
496	7767	9300
497	6855	9309
498	6690	9322
499	7968	4659
500	7082	9327
501	6725	9329
502	8754	9332
503	6574	9351
504	6550	9360
505	9347	9362
506	9081	9378
507	6597	9383
508	4579	2668
509	8075	9395
510	8467	9408
511	8165	9419
512	8609	9419
513	6755	9423
514	8585	9456
515	8391	9478
516	6935	9479
517	8476	9482
518	7102	9496
519	7171	9503
520	7951	9506
521	9209	9509
522	8985	9511
523	8302	9512
524	8219	9514
525	6778	9519
526	8427	4693
527	7001	9525
528	8885	9550
529	8563	9572
530	7817	9573
531	8997	9575
532	6872	9595
533	6930	9607
534	7910	9633
535	8948	8728
536	8752	9765
537	3467	4734
538	6474	8742
539	5162	2737
540	6763	9255
541	3748	4745
542	6001	9840
543	7597	4753
544	3704	6761
545	2192	4058
546	6119	8790
547	7395	8678
548	5972	8278
549	3866	2801
550	5668	4817
551	4016	3269
552	5805	2825
553	3451	4833
554	8388	7276
555	5367	2855
556	2556	2860
557	7609	4875
558	8114	4882
559	5702	4888
560	3457	3282
561	5445	2890
562	4173	6900
563	3933	6903
564	3564	4899
565	3939	2900
566	3154	4904
567	4646	4085
568	8064	4916
569	8457	4892
570	8208	6093
571	6455	2092
572	8125	8967
573	4320	6966
574	6675	8971
575	8125	4965
576	8728	4966
577	5844	4968
578	7575	4972
579	8374	6099
580	8731	4983
581	5795	2983
582	3971	4994
583	3954	5008
584	7860	5017
585	4196	7026
586	5293	3037
587	7945	5051
588	1209	3052
589	5457	8521
590	7698	9093
591	2848	3091
592	3894	5105
593	6098	3102
594	5389	5106
595	6650	48
596	6863	49
597	8616	5120
598	5431	5123
599	6504	3121
600	6282	113
601	6717	115
602	3454	5169
603	6297	141
604	6417	142
605	8283	8533
606	8893	9144
607	6470	167
608	7327	5139
609	8043	5142
610	6341	207
611	7225	7147
612	4282	5148
613	6925	253
614	4134	5157
615	6809	6537
616	5261	4290
617	8643	7175
618	6662	380
619	6844	3170
620	8729	9183
621	6559	426
622	6519	435
623	6096	468
624	6417	498
625	9134	5193
626	6533	7197
627	7854	5195
628	4712	3193
629	8379	5196
630	9066	7200
631	7777	9207
632	7910	5202
633	8891	5215
634	6799	9223
635	8765	5220
636	4238	7229
637	6560	718
638	6679	6955
639	7375	8616
640	7410	5265
641	4008	7270
642	8758	5267
643	8782	5274
644	8848	9281
645	6297	1062
646	8009	5287
647	8120	9298
648	4619	6966
649	3519	4164
650	2942	4966
651	5798	3304
652	7038	5317
653	8447	4967
654	6936	3326
655	8024	5333
656	2980	5335
657	7346	9347
658	8298	6175
659	3779	3355
660	5603	3361
661	6937	1551
662	6486	1602
663	8730	5379
664	6203	1627
665	6721	1657
666	6521	1661
667	6947	1662
668	4247	5390
669	6458	1685
670	6326	1710
671	4679	2983
672	6450	1786
673	6550	9414
674	7068	1797
675	6841	1813
676	4233	5414
677	6479	1831
678	7737	7419
679	8114	5418
680	4024	5421
681	5847	1908
682	6472	1915
683	8166	5438
684	7018	7445
685	6671	2014
686	7247	2026
687	5212	2055
688	5693	2073
689	6700	2076
690	6245	2082
691	6270	2083
692	5522	2085
693	6162	2092
694	6077	2101
695	4145	6597
696	4656	4197
697	6138	2209
698	319	2227
699	4786	2269
700	4842	2284
701	7845	5491
702	4569	2331
703	4889	2333
704	5057	2344
705	6531	2371
706	6314	2394
707	4775	2401
708	6742	2421
709	7621	5520
710	6888	7525
711	4908	2481
712	4180	7533
713	6208	2519
714	2454	2523
715	3055	2534
716	5067	2539
717	5019	2546
718	4154	2554
719	5973	2565
720	2474	2581
721	6856	5539
722	4826	2588
723	1437	2589
724	3995	2608
725	5767	2613
726	7042	2637
727	6764	2653
728	3423	2663
729	4106	2668
730	2943	2677
731	3938	2678
732	2657	2691
733	5661	2702
734	531	2705
735	2608	2705
736	4958	2706
737	2691	2712
738	7170	2713
739	4428	2718
740	5045	2731
741	7558	5565
742	2780	2755
743	5156	2757
744	462	2760
745	5484	3567
746	683	2771
747	8714	5571
748	4254	2785
749	6165	2787
750	3095	2805
751	7645	7583
752	4864	2840
753	2256	2843
754	5599	2844
755	4723	2853
756	3324	4164
757	327	2861
758	4201	2872
759	709	2873
760	6047	2889
761	2377	2891
762	6414	2891
763	2308	2894
764	5453	2896
765	2616	2916
766	2512	2917
767	2039	2920
768	2316	2921
769	3420	6225
770	8318	5596
771	4889	2930
772	2332	2935
773	638	2937
774	3562	2940
775	3421	2943
776	4439	5600
777	5168	2950
778	8817	5601
779	5958	2959
780	1194	2969
781	6520	2981
782	3004	2999
783	5526	3001
784	6631	3003
785	5669	3011
786	5169	3017
787	3834	7616
788	5745	3022
789	5647	3023
790	6838	3042
791	3106	3053
792	3868	3056
793	5005	3060
794	4753	3061
795	5522	3067
796	4876	3068
797	5911	3075
798	4133	3076
799	2200	3082
800	6241	3090
801	6373	3091
802	7140	3095
803	4098	3096
804	4019	3097
805	6878	3123
806	6339	3178
807	4269	3180
808	1696	3193
809	6110	3196
810	4552	3207
811	6313	3208
812	3736	3213
813	6330	3240
814	1530	3242
815	6071	3646
816	3696	3245
817	4114	3253
818	5626	3258
819	5626	3264
820	3942	3265
821	4144	3274
822	5138	3278
823	6000	3282
824	3390	3282
825	4466	3653
826	7931	5659
827	4432	3304
828	5151	3309
829	3540	3315
830	7074	3320
831	5532	3323
832	4864	3330
833	5971	3335
834	4447	3345
835	5673	3347
836	6748	3349
837	1756	3355
838	5430	3355
839	2780	3368
840	4158	3374
841	5762	3386
842	7832	5673
843	5569	3388
844	5579	3391
845	1738	3392
846	6537	3394
847	4093	3395
848	6228	3397
849	3738	3409
850	6070	3409
851	4048	3414
852	4026	3417
853	5638	3420
854	6418	3420
855	5564	3426
856	5576	3432
857	4550	3436
858	1365	3451
859	6856	3454
860	5926	3456
861	5949	3464
862	2331	3476
863	4208	3490
864	6002	3491
865	4487	3500
866	3970	3502
867	4674	3528
868	6924	3531
869	4351	3532
870	6189	3535
871	4294	3554
872	6826	3569
873	6338	3575
874	6316	3703
875	6154	3586
876	5299	4472
877	6380	3612
878	4308	3617
879	6271	7716
880	4304	3621
881	8076	7716
882	4432	3656
883	4839	3664
884	4224	3667
885	5026	3678
886	5448	3686
887	5987	3689
888	4737	3694
889	3481	3727
890	4473	3728
891	4421	3734
892	2363	3735
893	4874	3738
894	4706	3747
895	6079	3748
896	4718	3751
897	1809	3765
898	4942	3771
899	6260	3774
900	6685	5740
901	5383	3792
902	6436	3815
903	9052	5854
904	5382	3828
905	5617	3850
906	4069	3867
907	6410	7757
908	1312	3885
909	5432	3887
910	5589	3898
911	3942	3924
912	4433	3928
913	6116	3933
914	4912	3957
915	4676	3982
916	4737	3983
917	5485	3991
918	3670	3997
919	6793	3997
920	7010	4008
921	4000	4010
922	6743	4014
923	7294	4016
924	2322	4020
925	6652	4024
926	3831	4027
927	7732	4028
928	4671	4036
929	3448	4039
930	3860	4040
931	4234	6662
932	3571	4052
933	3768	4056
934	6952	4071
935	4116	4080
936	5770	4080
937	3951	4085
938	3524	4086
939	3573	4097
940	3758	4100
941	1855	4101
942	5908	4105
943	8244	4121
944	1899	4124
945	7026	6665
946	3945	4135
947	3337	4148
948	3713	4876
949	6828	4154
950	5781	4164
951	8309	4164
952	5217	4168
953	3799	4169
954	4074	4179
955	3633	4180
956	8312	4181
957	8240	4265
958	3520	4190
959	5504	4201
960	3585	4203
961	3997	4208
962	6877	4208
963	3547	4212
964	4120	4213
965	4133	4214
966	4670	4219
967	6776	4220
968	4016	4226
969	5168	4227
970	3607	4227
971	5112	4231
972	8193	4232
973	4320	4234
974	8106	4239
975	4205	4241
976	8068	4242
977	7088	4245
978	7235	4248
979	7052	4252
980	4185	4258
981	8250	4258
982	6210	4274
983	6304	4275
984	2383	4282
985	4790	4288
986	6051	4305
987	5531	4305
988	7325	7830
989	8644	4308
990	4174	4310
991	8618	4312
992	8271	4315
993	8775	4323
994	3519	4325
995	6198	4331
996	2341	4341
997	6289	4347
998	6076	4358
999	6010	4359
1000	4442	4363
1001	5522	4365
1002	8380	4366
1003	4681	4368
1004	8167	4370
1005	8759	4372
1006	2327	4373
1007	2573	4376
1008	7291	4377
1009	8379	4378
1010	6151	4382
1011	4072	4384
1012	8288	4384
1013	8493	4388
1014	6215	4389
1015	7943	4390
1016	8609	4395
1017	4317	4396
1018	2481	4398
1019	5033	4401
1020	3431	4405
1021	2402	4407
1022	8107	4407
1023	8607	4407
1024	3561	4415
1025	3944	4422
1026	4207	4424
1027	4373	4429
1028	4918	4430
1029	3982	4433
1030	7735	4435
1031	3453	4436
1032	9054	4440
1033	6969	4444
1034	8958	4445
1035	7162	4446
1036	3617	4450
1037	7129	4451
1038	8091	4452
1039	2864	4457
1040	8023	4459
1041	4139	4471
1042	7944	4472
1043	7571	4488
1044	3764	4491
1045	5957	8679
1046	5810	4510
1047	9052	4518
1048	3735	4520
1049	8504	4531
1050	8078	4531
1051	5387	4532
1052	8286	4535
1053	5218	4538
1054	3342	4545
1055	4415	4550
1056	5188	4556
1057	4731	4557
1058	4875	4559
1059	8675	4559
1060	5180	4561
1061	5311	4565
1062	7897	4568
1063	8362	4569
1064	4595	4571
1065	4172	4586
1066	8802	4586
1067	7554	4588
1068	8524	4588
1069	8072	4591
1070	8714	4602
1071	4939	4606
1072	3717	4620
1073	4931	4622
1074	8427	4622
1075	4791	4626
1076	8392	4630
1077	8882	5881
1078	5202	4638
1079	8533	4642
1080	7805	4643
1081	4025	4649
1082	8769	4649
1083	4034	4661
1084	5010	4672
1085	8677	4681
1086	4075	4682
1087	8589	4682
1088	4947	4685
1089	4309	4691
1090	3947	4691
1091	7460	4704
1092	8628	4705
1093	7640	4713
1094	8630	4717
1095	8388	4723
1096	3857	4736
1097	8376	4742
1098	7231	4745
1099	4121	4750
1100	8038	4758
1101	8446	4762
1102	7426	4763
1103	4242	4764
1104	4261	4779
1105	8586	4779
1106	4148	4783
1107	3771	4785
1108	8372	4788
1109	8458	4790
1110	7526	4796
1111	3761	4805
1112	7557	4805
1113	5513	4806
1114	5452	4809
1115	8189	4815
1116	3990	4825
1117	8605	4832
1118	2759	4839
1119	8365	4841
1120	5443	4856
1121	3762	4858
1122	3832	4865
1123	7519	4868
1124	3833	4880
1125	3597	4887
1126	3566	4894
1127	5465	4894
1128	5863	4894
1129	8308	4894
1130	8288	4899
1131	8657	4899
1132	3566	4902
1133	8053	5490
1134	8326	4910
1135	3106	4913
1136	3137	4918
1137	8490	4922
1138	2951	4928
1139	8697	4929
1140	4777	4936
1141	4016	4942
1142	8522	4944
1143	8844	5934
1144	3843	4958
1145	8774	4973
1146	2891	4976
1147	8347	4992
1148	3398	4997
1149	8984	5008
1150	5313	3941
1151	8107	5010
1152	5498	5010
1153	8645	5017
1154	7248	5019
1155	7921	5027
1156	9029	5028
1157	3983	5029
1158	5472	5035
1159	5575	5035
1160	4234	5038
1161	7084	5038
1162	5446	5043
1163	7203	5044
1164	7227	5049
1165	8336	5051
1166	9014	5058
1167	4066	5059
1168	3960	5063
1169	3826	5073
1170	7060	5087
1171	4119	5090
1172	7241	5098
1173	4179	5100
1174	5561	5113
1175	2730	5115
1176	4643	5115
1177	8675	5117
1178	7170	5123
1179	4050	5126
1180	8303	5127
1181	5077	5497
1182	4555	5128
1183	3480	5131
1184	7106	5131
1185	5481	5133
1186	8056	5139
1187	3161	5145
1188	4201	5147
1189	8953	5202
1190	8074	5150
1191	4031	5151
1192	5116	5151
1193	5090	5156
1194	4136	5159
1195	7418	7900
1196	8623	5183
1197	8654	5194
1198	8886	5199
1199	4179	5214
1200	9060	5221
1201	3750	5223
1202	7790	5223
1203	7692	5228
1204	8697	5228
1205	7110	5230
1206	3881	5234
1207	8421	5247
1208	7838	5248
1209	7129	5251
1210	7382	5262
1211	7295	5262
1212	8361	5264
1213	4280	5274
1214	7762	5274
1215	8176	5277
1216	7806	5294
1217	8313	5295
1218	4146	5303
1219	3167	5304
1220	7329	5304
1221	7287	5315
1222	8331	5316
1223	7094	5324
1224	5273	5326
1225	7805	5336
1226	7979	5337
1227	8550	5343
1228	3492	5347
1229	7407	5348
1230	3786	5351
1231	3667	4304
1232	7735	6004
1233	4276	5360
1234	8036	5366
1235	8270	5524
1236	7891	5378
1237	7688	5379
1238	8259	5380
1239	3806	5387
1240	8544	5387
1241	8637	5389
1242	5547	5391
1243	8847	5392
1244	8338	4305
1245	4239	5398
1246	7229	5399
1247	7620	5406
1248	7609	5409
1249	8058	5415
1250	8984	6012
1251	9061	5425
1252	9412	5427
1253	8588	5442
1254	8824	5442
1255	8648	5444
1256	7638	5445
1257	7803	5446
1258	4569	4014
1259	8040	5452
1260	5049	5458
1261	7963	5475
1262	6959	5483
1263	4270	5484
1264	9213	5485
1265	5694	5489
1266	7994	5491
1267	6871	5499
1268	8296	5501
1269	8507	5502
1270	9232	5508
1271	7108	5509
1272	7758	5511
1273	9257	5519
1274	8260	5520
1275	8546	5528
1276	7074	5538
1277	3817	5544
1278	7804	5566
1279	6512	2309
1280	3058	5570
1281	9053	6037
1282	7449	5586
1283	7673	5590
1284	7703	5593
1285	4041	5598
1286	9408	6042
1287	7414	5603
1288	4312	5606
1289	7149	5627
1290	8528	5629
1291	7558	5633
1292	6954	5634
1293	7835	5636
1294	7649	5645
1295	7466	5646
1296	7970	8007
1297	8677	5656
1298	9055	5667
1299	5143	5671
1300	7675	5674
1301	8610	5680
1302	7846	5681
1303	8491	5687
1304	8624	5697
1305	9324	8063
1306	8332	5709
1307	7770	5710
1308	4004	5711
1309	7426	5718
1310	7927	5720
1311	7600	5729
1312	4424	5732
1313	8435	5732
1314	4522	5735
1315	9046	5737
1316	8399	5740
1317	8105	5742
1318	7644	5744
1319	9158	5751
1320	6970	5758
1321	8917	5764
1322	9237	5765
1323	6993	5774
1324	8208	5784
1325	6778	5792
1326	4471	5793
1327	9238	5799
1328	9244	5806
1329	7710	5816
1330	8791	5821
1331	8813	5826
1332	9020	5848
1333	9274	5859
1334	8732	5865
1335	3436	5880
1336	9431	5879
1337	9663	5881
1338	5176	5898
1339	9529	5904
1340	9343	5905
1341	9034	5908
1342	8316	5910
1343	7528	5919
1344	8413	5930
1345	7918	5937
1346	7149	5942
1347	9066	5965
1348	9040	5966
1349	9146	5969
1350	5554	5971
1351	9011	5976
1352	7063	5976
1353	7143	5995
1354	9110	5998
1355	7070	6001
1356	5171	6003
1357	9371	6019
1358	9266	6021
1359	9402	6023
1360	7476	6040
1361	6495	8121
1362	8373	6062
1363	8804	6071
1364	7354	6072
1365	9178	6073
1366	8981	6076
1367	8232	6078
1368	8925	6086
1369	9446	6093
1370	7621	6099
1371	8511	6108
1372	9075	6116
1373	8682	6118
1374	9197	6119
1375	7437	9132

REQUESTS = 1500
1	141	35	37	2	1	1
2	1289	16	17	3	2	2
3	915	26	27	1	2	1
4	312	13	14	1	3	3
5	81	3	6	2	3	1
6	568	13	14	3	3	1
7	345	1	4	3	2	2
8	1220	21	23	2	3	3
9	1108	4	5	2	1	2
10	498	16	19	2	2	3
11	663	4	5	3	2	1
12	740	22	24	2	2	3
13	605	21	24	3	3	2
14	157	32	35	3	2	2
15	472	3	5	3	3	2
16	1253	36	38	1	2	3
17	1037	35	37	1	2	1
18	46	19	22	1	3	3
19	337	29	32	3	2	1
20	618	9	10	2	3	2
21	1369	31	32	1	2	3
22	1022	16	17	2	1	1
23	907	21	23	2	2	3
24	1182	22	25	1	1	1
25	144	5	6	2	1	1
26	1111	16	17	2	1	2
27	1148	8	9	2	2	3
28	739	14	17	2	3	3
29	320	3	4	2	2	3
30	802	35	37	2	3	1
31	895	28	30	3	3	2
32	627	29	30	1	3	1
33	448	23	24	2	1	2
34	1049	35	37	2	2	1
35	1271	30	31	2	1	1
36	1213	11	14	1	3	1
37	1228	33	34	2	2	2
38	51	28	29	3	2	3
39	807	21	23	2	3	3
40	833	17	19	1	1	2
41	1038	22	24	3	2	3
42	216	17	18	3	3	2
43	780	14	16	2	3	2
44	1355	22	25	3	2	2
45	1226	3	5	2	2	3
46	662	36	39	1	3	1
47	642	24	25	2	1	1
48	942	17	20	2	1	1
49	509	7	10	1	3	1
50	1242	17	19	1	1	1
51	1316	9	10	2	2	2
52	899	9	10	2	1	2
53	1185	24	26	3	2	1
54	368	9	10	3	1	2
55	1276	32	33	1	3	3
56	424	24	25	1	2	2
57	24	6	8	2	1	2
58	253	26	27	1	1	1
59	919	28	29	1	3	3
60	1221	14	16	2	3	1
61	394	14	15	1	1	1
62	832	27	28	1	3	3
63	1313	23	24	1	2	1
64	1262	26	29	2	3	1
65	888	6	8	1	1	2
66	455	31	34	1	1	2
67	107	29	31	3	2	1
68	261	2	3	3	3	2
69	188	31	34	2	2	1
70	828	25	26	3	2	3
71	1003	33	34	2	2	2
72	158	35	38	1	2	2
73	177	36	38	2	1	1
74	940	24	25	1	1	1
75	251	33	34	1	1	1
76	256	6	9	1	1	1
77	1002	32	33	3	3	1
78	403	35	38	1	3	2
79	698	19	20	3	1	1
80	214	6	8	1	1	2
81	955	3	4	2	3	3
82	770	22	23	1	3	1
83	647	33	34	1	3	1
84	36	12	15	3	2	2
85	983	20	22	3	2	3
86	637	9	12	2	1	2
87	1036	29	31	3	2	2
88	772	20	23	3	3	3
89	783	5	7	2	3	1
90	39	5	6	2	2	2
91	876	34	36	1	1	2
92	965	13	15	1	1	1
93	237	36	38	2	3	1
94	696	26	27	2	2	1
95	86	11	14	3	1	1
96	489	8	10	1	1	2
97	127	7	9	1	3	1
98	1018	4	7	1	3	3
99	1330	5	7	1	2	2
100	892	1	2	1	1	2
101	864	18	20	1	1	1
102	29	31	34	3	3	1
103	284	29	30	3	3	2
104	1277	35	36	3	2	2
105	364	26	28	3	2	1
106	1107	2	3	3	3	1
107	1069	19	22	2	1	1
108	748	12	13	2	2	1
109	182	26	28	3	1	2
110	234	14	16	1	3	2
111	877	9	10	1	3	2
112	219	5	8	1	3	2
113	894	31	33	3	2	1
114	89	1	4	2	3	2
115	665	10	11	1	2	3
116	967	9	10	2	3	1
117	1350	25	26	2	3	1
118	941	10	13	1	1	1
119	1188	34	35	1	2	2
120	418	25	28	1	2	3
121	347	22	23	1	1	1
122	711	27	30	2	1	1
123	469	18	20	2	1	2
124	1085	3	6	1	2	3
125	515	9	10	1	3	1
126	1086	20	23	3	1	2
127	411	4	7	3	3	3
128	1250	20	22	3	1	2
129	149	37	38	2	2	3
130	790	21	22	2	3	2
131	423	36	37	1	3	2
132	1335	31	33	1	2	3
133	47	9	10	2	3	2
134	42	14	15	2	1	1
135	344	22	25	3	2	2
136	819	5	6	3	3	3
137	112	5	7	1	3	2
138	1286	8	10	3	3	2
139	631	34	35	1	2	3
140	247	35	37	3	1	1
141	1057	4	7	1	3	2
142	79	27	30	3	2	2
143	460	10	12	2	1	1
144	1345	23	26	1	2	2
145	966	12	15	3	2	3
146	728	7	8	3	2	1
147	479	20	23	1	1	2
148	1229	36	38	2	1	1
149	1186	3	4	2	2	1
150	903	13	14	3	2	1
151	185	35	37	3	2	2
152	332	12	15	1	1	1
153	1301	18	20	2	3	3
154	58	7	8	1	2	3
155	859	23	25	2	1	1
156	988	3	4	3	2	3
157	801	12	13	1	2	2
158	643	26	29	2	1	1
159	771	12	15	3	3	3
160	292	16	19	2	3	3
161	926	4	6	3	2	2
162	332	10	12	3	3	1
163	399	12	13	2	2	1
164	767	26	27	3	1	2
165	716	17	18	2	3	2
166	172	11	14	1	2	2
167	471	7	9	1	1	1
168	542	25	26	2	2	2
169	1254	13	15	2	1	2
170	760	11	14	3	1	2
171	383	9	10	2	1	1
172	1055	24	26	1	2	2
173	354	4	5	1	1	1
174	113	22	24	3	3	1
175	809	28	30	2	3	2
176	310	2	5	3	2	1
177	843	18	21	2	3	2
178	878	11	12	1	2	2
179	406	13	15	2	1	1
180	463	34	35	3	3	1
181	1179	34	35	1	1	1
182	666	19	20	2	3	1
183	504	6	8	3	1	2
184	856	6	9	1	2	3
185	720	17	18	2	1	2
186	954	16	18	1	3	2
187	276	15	17	2	3	2
188	1088	18	20	3	1	2
189	924	2	5	2	2	3
190	1196	25	27	1	2	3
191	342	15	17	3	3	1
192	8	33	34	3	2	1
193	915	10	11	2	3	3
194	1081	4	5	2	2	1
195	1001	4	5	3	3	2
196	470	9	11	2	2	3
197	206	29	30	1	2	3
198	675	6	9	3	3	2
199	300	2	4	3	1	1
200	575	18	19	2	1	1
201	1030	2	4	3	1	2
202	303	4	7	1	3	2
203	993	31	33	3	2	1
204	153	35	36	1	3	2
205	1068	15	17	3	2	2
206	2	32	33	1	3	2
207	1141	30	33	3	2	1
208	813	8	11	3	2	1
209	1266	30	32	2	3	1
210	1248	35	36	1	2	1
211	1060	4	6	2	1	2
212	341	22	24	2	2	3
213	429	20	21	3	3	1
214	166	5	6	2	2	2
215	245	27	30	2	1	2
216	367	9	11	3	3	1
217	428	28	30	2	3	2
218	815	13	15	2	3	2
219	493	17	18	1	1	1
220	1043	37	39	1	2	1
221	1357	22	25	2	3	3
222	323	18	21	1	2	2
223	625	23	25	2	1	1
224	391	5	8	3	3	2
225	242	10	13	2	3	3
226	40	13	16	3	1	2
227	1319	6	9	1	3	3
228	742	5	7	3	1	1
229	1193	29	31	3	1	1
230	11	34	37	2	1	2
231	1222	30	32	2	1	1
232	1154	33	34	1	1	1
233	975	24	27	2	1	2
234	1187	10	13	3	1	2
235	1241	18	21	1	1	1
236	612	18	19	2	1	1
237	53	5	7	1	3	2
238	701	15	16	1	2	1
239	1142	34	36	2	1	1
240	215	30	33	2	3	1
241	1184	20	21	2	1	2
242	9	13	14	3	1	1
243	850	28	29	2	1	2
244	645	3	6	3	2	2
245	889	35	36	3	2	2
246	653	3	6	3	1	2
247	1170	27	30	1	3	2
248	1190	13	15	1	3	3
249	1218	23	25	1	1	1
250	1079	5	7	3	1	2
251	249	9	11	1	3	2
252	1150	31	32	1	1	2
253	295	23	25	1	3	3
254	946	26	27	3	3	2
255	471	29	32	3	1	2
256	431	4	7	1	2	3
257	591	2	5	1	3	3
258	1298	32	35	3	1	1
259	330	36	37	3	3	3
260	526	28	30	3	1	2
261	55	2	3	3	3	1
262	1168	3	5	2	1	2
263	681	28	31	2	3	2
264	137	31	32	2	1	2
265	142	1	4	3	2	3
266	516	36	37	3	1	1
267	101	18	20	2	3	1
268	776	18	21	2	3	3
269	781	20	22	1	3	1
270	305	36	37	3	1	1
271	1020	32	35	2	2	1
272	43	27	29	2	1	2
273	1336	20	22	1	2	2
274	822	8	9	2	1	1
275	167	33	36	2	1	1
276	352	1	2	3	3	1
277	1325	36	37	2	1	2
278	898	30	33	3	1	1
279	1103	19	21	3	3	2
280	1343	4	7	2	1	2
281	179	25	27	2	3	3
282	34	37	39	1	3	1
283	154	20	22	2	3	2
284	433	24	27	3	2	1
285	909	30	33	2	1	2
286	905	36	38	1	2	1
287	897	33	35	3	3	2
288	768	24	26	3	1	1
289	336	18	21	2	2	3
290	1351	24	26	1	1	1
291	979	31	32	2	1	2
292	733	24	25	1	1	2
293	555	10	11	3	3	3
294	1234	36	37	2	3	3
295	49	14	15	1	1	2
296	540	26	28	2	3	2
297	1051	20	23	3	1	1
298	359	26	27	1	1	1
299	184	11	12	2	3	2
300	558	23	25	1	2	2
301	752	24	25	3	3	2
302	297	23	26	3	3	3
303	124	13	14	1	2	2
304	407	29	31	3	1	1
305	1029	9	11	2	1	2
306	169	28	30	3	1	2
307	217	4	6	1	2	2
308	682	5	7	3	3	3
309	615	1	3	2	3	2
310	30	29	31	3	3	3
311	1097	14	16	3	3	1
312	156	9	12	2	3	2
313	69	6	7	3	2	2
314	1073	6	9	1	2	1
315	481	25	28	1	1	1
316	192	10	11	2	3	2
317	816	7	9	2	2	1
318	78	29	30	3	3	3
319	483	14	17	1	3	2
320	90	18	20	2	3	2
321	722	12	14	1	3	2
322	66	36	38	1	1	1
323	759	10	13	3	1	2
324	1322	21	23	1	2	3
325	724	1	2	2	3	3
326	1246	6	9	2	3	3
327	496	10	13	2	3	3
328	289	31	32	1	3	2
329	549	37	39	1	3	1
330	126	11	14	2	2	3
331	561	1	4	1	1	1
332	316	34	36	2	3	3
333	274	17	20	3	3	2
334	334	3	5	2	2	2
335	59	28	30	2	3	3
336	1223	12	14	1	2	2
337	1138	1	4	1	3	3
338	336	9	12	2	1	2
339	57	23	24	3	2	1
340	495	28	29	3	1	2
341	865	31	33	2	2	3
342	189	22	25	2	1	2
343	83	18	21	1	3	1
344	5	24	26	3	2	2
345	271	35	36	1	2	3
346	1204	32	35	1	1	2
347	649	4	7	1	2	2
348	308	25	28	2	1	1
349	969	38	39	1	1	1
350	677	21	22	3	1	2
351	630	31	33	1	2	3
352	556	9	12	1	2	3
353	6	3	5	2	2	3
354	163	3	6	2	1	1
355	750	18	20	2	1	1
356	1162	27	28	3	2	2
357	852	2	4	1	2	3
358	964	1	2	2	1	2
359	197	13	16	1	1	2
360	525	12	15	3	2	1
361	1219	1	2	2	3	2
362	365	17	18	1	3	2
363	885	15	17	2	1	1
364	417	35	38	2	2	1
365	664	12	15	1	1	2
366	1080	31	34	1	1	2
367	1200	2	5	3	3	2
368	153	25	27	2	1	2
369	299	29	32	2	2	2
370	525	3	5	3	3	3
371	601	12	14	2	3	3
372	1027	26	29	1	2	2
373	1114	38	39	1	2	1
374	307	14	16	2	3	2
375	745	14	17	1	2	2
376	1090	29	31	3	2	2
377	66	30	32	2	3	3
378	1076	30	33	3	1	2
379	395	3	5	2	1	2
380	761	18	21	1	3	2
381	1044	18	21	2	2	2
382	579	2	5	3	2	1
383	23	32	34	2	1	2
384	971	20	22	2	2	2
385	123	1	3	1	3	3
386	374	5	6	3	3	3
387	879	34	35	2	2	1
388	582	32	35	2	1	1
389	1251	25	28	2	3	3
390	273	1	2	1	2	2
391	97	30	33	2	3	2
392	1282	2	5	1	2	1
393	282	23	24	3	1	2
394	530	15	16	2	2	2
395	422	27	28	1	2	3
396	358	12	13	2	3	1
397	685	29	30	1	3	2
398	183	33	34	3	3	1
399	842	20	21	1	3	3
400	1263	1	3	3	2	3
401	1245	32	33	2	3	1
402	1147	28	31	3	1	2
403	371	29	32	3	3	1
404	871	35	36	3	3	2
405	115	6	9	3	1	2
406	244	30	33	2	1	2
407	194	20	21	3	3	2
408	160	20	23	1	3	1
409	487	22	24	1	1	2
410	1146	17	18	2	3	3
411	248	2	5	2	3	3
412	477	30	33	2	3	1
413	659	8	10	3	1	1
414	439	23	24	3	2	1
415	800	12	14	3	1	2
416	1269	25	28	3	2	3
417	180	18	20	3	3	1
418	1039	10	11	2	3	3
419	1209	21	24	3	1	1
420	789	33	34	1	2	3
421	175	14	15	3	2	3
422	1269	14	17	3	1	1
423	313	1	2	3	3	3
424	624	7	10	3	2	1
425	296	28	31	1	3	1
426	118	3	6	1	2	2
427	1327	29	32	3	1	1
428	952	3	4	3	2	2
429	1167	17	18	2	1	2
430	695	32	33	1	1	2
431	224	17	20	1	2	3
432	862	3	6	1	1	2
433	10	26	28	3	3	2
434	250	34	35	2	1	2
435	263	2	4	2	2	2
436	1067	19	20	2	1	2
437	692	18	19	2	2	1
438	421	21	24	2	2	2
439	454	31	33	2	1	2
440	143	14	17	2	2	1
441	354	24	26	3	1	2
442	833	5	7	1	3	1
443	523	32	35	1	3	3
444	520	18	20	3	2	2
445	281	30	31	2	2	1
446	799	24	26	1	3	3
447	91	31	34	2	2	1
448	1304	16	18	2	2	2
449	571	30	32	1	2	2
450	693	35	38	2	1	2
451	1312	30	32	2	3	2
452	1265	5	7	2	3	1
453	150	2	3	3	2	2
454	156	30	33	1	3	3
455	170	6	7	2	1	2
456	1212	18	19	2	1	2
457	1012	17	20	3	3	1
458	334	1	2	3	3	3
459	18	34	36	3	2	2
460	851	23	26	1	2	3
461	287	30	32	1	2	2
462	1050	3	4	2	1	1
463	130	17	19	2	2	3
464	1364	17	19	2	1	1
465	918	32	35	3	2	1
466	794	33	36	1	3	1
467	868	19	22	3	3	1
468	1140	32	35	3	2	3
469	996	3	5	3	3	2
470	858	12	13	1	2	2
471	110	8	11	3	1	1
472	81	9	12	2	1	1
473	947	21	22	3	1	2
474	216	24	25	3	3	2
475	496	3	5	1	3	3
476	120	20	21	2	1	1
477	228	6	7	2	1	1
478	318	10	13	1	3	2
479	959	16	17	2	2	3
480	1031	13	15	2	2	2
481	916	30	32	1	3	2
482	1353	17	19	2	1	1
483	1127	8	9	3	3	3
484	1284	6	8	1	2	1
485	518	1	3	2	3	2
486	1314	9	12	3	3	1
487	1040	25	26	2	1	1
488	1294	18	20	2	2	2
489	268	25	27	1	3	3
490	738	25	27	3	3	2
491	390	25	28	3	2	1
492	1294	6	8	3	3	1
493	1127	31	34	1	2	3
494	129	30	32	2	2	3
495	446	13	15	1	3	2
496	182	7	10	3	2	3
497	1009	22	25	3	1	1
498	552	5	7	1	2	2
499	697	34	37	2	1	1
500	277	9	12	1	2	2
501	676	30	32	2	2	3
502	1075	16	18	2	3	1
503	621	27	28	1	1	2
504	1239	24	26	3	3	1
505	778	26	29	3	3	3
506	1120	2	5	2	2	3
507	727	16	19	2	2	1
508	178	7	8	2	2	3
509	363	24	26	2	2	1
510	1158	9	11	2	2	1
511	1095	5	6	1	2	2
512	1011	37	38	2	2	2
513	1139	2	3	3	3	1
514	1370	27	29	3	2	3
515	1019	6	9	2	2	2
516	392	12	15	2	1	1
517	1065	16	18	3	1	2
518	1131	18	19	2	2	1
519	997	33	35	1	1	1
520	654	32	35	1	3	2
521	451	30	32	3	2	1
522	87	12	13	3	1	2
523	164	26	29	2	3	1
524	729	11	14	2	1	1
525	723	2	5	2	3	3
526	4	2	3	1	1	1
527	558	23	24	1	1	2
528	593	8	9	2	1	2
529	279	4	7	3	1	1
530	491	2	3	1	3	2
531	622	32	33	3	3	3
532	606	19	20	2	2	1
533	845	27	29	1	2	3
534	1169	16	18	3	3	1
535	298	11	12	3	3	1
536	1293	13	15	2	3	3
537	414	36	37	2	1	2
538	349	32	33	1	2	2
539	360	3	5	1	3	1
540	1042	34	36	1	1	2
541	204	23	26	1	3	1
542	1035	19	20	2	3	2
543	559	30	31	3	3	3
544	1346	7	10	2	2	2
545	872	19	22	3	3	2
546	710	15	17	3	3	2
547	1341	17	19	1	1	1
548	820	4	5	1	2	1
549	1021	1	3	2	2	3
550	859	10	13	1	3	2
551	76	30	31	1	1	2
552	837	22	25	3	1	1
553	13	7	9	2	1	1
554	706	17	19	2	2	1
555	951	3	4	1	3	1
556	252	7	10	2	2	2
557	368	12	14	1	3	1
558	992	8	10	2	1	2
559	285	4	7	3	1	1
560	1367	16	19	3	2	2
561	445	28	30	3	1	1
562	741	17	18	1	2	3
563	1305	9	11	1	3	3
564	540	20	23	2	1	1
565	857	29	30	1	2	3
566	751	16	17	1	1	2
567	435	35	36	3	1	2
568	719	27	28	2	1	2
569	717	5	8	2	2	2
570	1317	26	29	2	3	1
571	1215	20	21	2	1	1
572	280	22	24	2	3	3
573	301	22	24	2	2	2
574	1292	21	22	1	2	3
575	810	13	15	3	1	1
576	1048	26	28	3	1	1
577	945	16	18	3	2	1
578	1180	2	4	2	3	3
579	510	19	20	1	1	2
580	1339	17	19	2	3	2
581	674	7	10	3	1	1
582	1366	17	18	3	2	1
583	935	27	30	1	1	2
584	415	8	9	1	2	1
585	152	35	36	1	3	3
586	1166	27	29	3	3	1
587	111	2	3	3	3	2
588	1133	31	33	3	1	2
589	546	27	30	2	3	3
590	1077	24	27	1	1	1
591	939	6	7	3	1	2
592	570	32	33	1	2	2
593	762	36	39	1	3	2
594	1337	30	33	3	2	2
595	416	17	20	2	3	2
596	1281	27	28	1	2	1
597	340	36	38	1	2	2
598	1232	6	8	2	2	2
599	538	20	22	2	2	3
600	436	34	36	2	1	2
601	661	18	19	2	3	3
602	679	17	20	3	2	1
603	432	2	5	2	3	2
604	471	37	39	1	2	3
605	1371	31	34	2	1	2
606	1334	24	27	2	2	3
607	965	24	25	3	3	1
608	524	15	16	1	2	1
609	503	21	24	2	3	2
610	408	33	34	2	1	2
611	1348	29	32	2	3	2
612	1324	31	33	2	2	2
613	379	19	22	3	3	1
614	161	33	36	2	2	1
615	735	19	21	3	3	2
616	1015	23	24	1	2	2
617	718	20	21	2	1	1
618	64	28	31	3	1	1
619	453	30	32	2	2	1
620	835	27	29	3	1	2
621	458	11	14	3	1	1
622	589	9	11	1	3	2
623	560	8	11	2	3	3
624	1273	2	3	2	3	1
625	1112	31	33	1	2	2
626	608	5	7	2	2	1
627	1059	36	38	1	3	3
628	1164	22	23	3	2	1
629	465	9	12	1	3	1
630	444	26	28	3	2	3
631	686	5	6	3	3	3
632	361	31	33	1	1	1
633	1099	12	15	2	1	2
634	803	11	13	3	2	1
635	1198	7	8	3	1	1
636	1176	22	25	2	1	1
637	48	7	9	3	3	1
638	104	12	13	2	3	3
639	672	9	12	3	1	1
640	400	29	32	1	2	2
641	914	19	22	2	2	1
642	227	22	23	2	1	2
643	1000	33	36	2	3	2
644	793	4	5	1	1	2
645	82	12	13	2	3	2
646	566	1	2	1	3	3
647	527	27	28	3	2	3
648	839	12	14	1	3	2
649	373	3	4	3	2	2
650	908	16	18	2	1	1
651	1006	17	19	1	3	3
652	958	19	22	3	1	2
653	533	26	27	3	2	3
654	777	25	26	1	1	2
655	1279	13	16	3	1	2
656	1032	9	12	3	2	3
657	883	31	32	2	2	3
658	990	13	15	1	1	1
659	322	17	19	1	1	1
660	950	9	11	2	3	1
661	1224	24	27	1	2	1
662	14	28	30	2	1	1
663	485	25	27	1	2	3
664	1056	27	30	3	3	2
665	1227	32	35	2	1	2
666	68	33	36	1	2	1
667	1352	22	23	1	3	2
668	441	36	38	1	1	1
669	565	22	25	1	3	1
670	580	3	4	2	3	1
671	513	28	30	1	3	3
672	1256	8	11	2	2	3
673	16	23	25	3	2	3
674	243	11	13	1	3	2
675	506	28	30	1	3	3
676	262	12	13	1	1	1
677	240	20	22	3	3	2
678	758	22	23	3	2	3
679	590	29	32	2	1	1
680	1242	36	37	3	2	1
681	25	15	16	1	1	2
682	288	3	5	2	3	3
683	1156	6	9	1	1	1
684	314	14	15	2	1	1
685	709	27	30	1	2	3
686	348	13	15	1	1	2
687	1152	37	38	1	3	3
688	181	30	33	2	1	1
689	521	12	14	2	1	2
690	507	15	17	3	2	1
691	1320	31	33	1	1	2
692	449	25	28	3	2	1
693	195	31	33	3	2	3
694	304	9	10	2	2	1
695	220	34	36	3	2	2
696	910	3	4	2	1	2
697	80	17	19	1	2	2
698	180	6	7	1	2	2
699	1063	1	2	1	2	3
700	1191	27	29	1	2	3
701	317	14	15	3	2	3
702	476	31	33	1	3	3
703	480	12	15	1	1	2
704	231	9	11	3	3	1
705	377	29	31	1	1	1
706	962	1	3	2	2	3
707	1143	22	24	2	2	1
708	267	22	24	3	3	3
709	494	25	28	1	3	2
710	747	11	12	3	1	2
711	381	7	9	2	3	3
712	673	28	29	1	1	2
713	501	5	7	1	2	3
714	143	7	9	3	3	1
715	572	4	5	2	1	1
716	906	25	27	3	1	2
717	1092	5	6	3	2	2
718	867	37	39	1	2	2
719	890	4	6	3	2	1
720	658	19	22	3	3	1
721	1123	6	8	3	3	2
722	584	29	30	3	1	2
723	1365	27	30	2	2	2
724	831	33	35	3	2	2
725	140	14	16	3	1	1
726	32	37	39	1	1	1
727	92	8	10	3	1	1
728	582	16	19	1	3	1
729	1362	15	17	2	1	1
730	730	30	31	3	1	2
731	350	24	25	2	2	3
732	987	29	31	3	3	2
733	430	27	30	1	3	1
734	963	2	4	1	2	1
735	1297	36	37	2	3	2
736	951	28	29	3	2	3
737	212	3	4	3	2	3
738	791	14	15	3	3	3
739	44	10	13	2	3	3
740	522	4	7	1	3	2
741	366	3	6	1	3	1
742	396	27	30	3	3	1
743	734	36	37	2	2	1
744	1	27	30	2	2	3
745	1192	4	7	2	1	1
746	238	5	7	2	2	2
747	874	20	23	2	3	2
748	585	29	30	2	1	1
749	550	8	9	1	3	2
750	158	33	34	2	3	1
751	1159	6	8	2	3	3
752	135	24	26	3	2	1
753	707	35	37	2	1	1
754	746	30	32	1	3	3
755	685	22	23	2	1	2
756	100	1	4	1	2	1
757	1157	12	14	2	2	3
758	1195	9	12	3	2	1
759	797	20	22	3	3	1
760	17	24	26	2	3	1
761	1315	33	35	3	3	2
762	187	14	17	1	1	1
763	730	4	7	3	2	1
764	1238	13	14	2	2	3
765	875	11	14	2	3	1
766	222	20	21	3	2	3
767	1216	12	13	3	1	2
768	1345	33	36	2	3	3
769	419	34	37	3	2	3
770	769	32	34	3	3	1
771	886	26	28	1	1	1
772	1323	21	22	1	2	1
773	1109	6	9	3	3	1
774	311	20	22	3	1	2
775	869	23	25	2	2	2
776	535	30	33	3	3	3
777	650	27	29	2	3	3
778	729	28	30	1	1	1
779	452	36	37	2	1	2
780	107	17	20	2	1	2
781	239	7	8	2	3	3
782	862	12	15	1	1	2
783	98	13	14	1	2	2
784	1074	13	14	2	1	1
785	1268	11	12	2	1	1
786	173	14	15	1	2	2
787	543	20	23	1	1	1
788	355	15	17	2	1	2
789	1249	27	28	3	1	2
790	844	15	18	3	1	1
791	884	32	35	1	2	2
792	683	37	39	1	1	2
793	586	2	3	3	3	3
794	31	2	5	3	1	2
795	41	31	32	1	2	3
796	827	8	11	1	1	2
797	1153	6	8	1	1	2
798	389	31	32	1	2	1
799	168	37	39	1	2	2
800	327	21	22	1	3	1
801	353	1	2	3	3	3
802	581	8	9	1	3	2
803	283	5	8	3	3	3
804	893	21	23	3	2	1
805	223	36	37	3	3	3
806	1318	29	31	1	2	1
807	792	33	36	3	2	2
808	763	10	12	1	3	3
809	369	20	21	2	3	1
810	1054	8	10	2	1	1
811	978	6	8	2	1	2
812	551	33	35	1	1	1
813	912	35	37	3	1	1
814	597	1	3	2	1	2
815	290	5	6	1	2	1
816	258	1	2	1	3	1
817	73	24	27	2	2	1
818	547	20	22	3	1	1
819	186	13	15	3	1	1
820	481	10	11	2	2	1
821	957	15	16	2	2	3
822	475	3	4	2	2	2
823	129	20	22	3	2	3
824	881	18	21	2	2	1
825	567	6	7	3	1	2
826	1201	6	9	3	2	3
827	171	1	4	3	2	3
828	743	25	27	2	3	3
829	457	35	36	1	1	1
830	44	30	33	3	2	2
831	370	3	6	2	3	1
832	861	10	12	3	1	1
833	806	13	15	3	1	1
834	447	15	18	1	3	2
835	937	12	15	3	3	1
836	569	7	9	3	3	1
837	564	4	6	2	3	2
838	660	29	32	2	2	3
839	1264	1	4	2	3	2
840	117	9	10	2	1	1
841	1354	11	14	2	2	3
842	1135	4	5	3	3	2
843	623	12	13	1	2	2
844	226	26	29	3	1	2
845	573	23	25	2	1	1
846	1110	7	9	3	1	1
847	202	7	9	1	3	1
848	831	7	10	2	2	1
849	1072	19	21	2	2	2
850	413	19	22	2	2	3
851	963	24	25	2	1	2
852	994	10	13	3	3	3
853	1115	16	19	1	3	1
854	1100	31	33	1	1	1
855	162	24	26	3	2	2
856	71	34	35	3	3	3
857	190	30	32	2	1	2
858	576	29	30	2	3	2
859	1013	34	36	1	3	2
860	1272	1	2	1	1	2
861	599	29	30	3	1	1
862	351	3	5	2	2	2
863	291	25	27	1	3	2
864	171	26	28	3	1	2
865	519	2	5	1	2	3
866	233	2	3	2	1	1
867	1004	12	13	3	2	1
868	1034	36	37	2	3	1
869	221	4	6	1	1	1
870	1207	18	21	3	3	3
871	702	4	6	3	3	1
872	502	27	28	1	2	2
873	550	18	20	1	2	1
874	1373	3	6	1	3	1
875	1024	35	36	1	1	1
876	484	20	23	2	1	2
877	829	25	26	3	1	2
878	1243	36	37	1	1	1
879	136	32	34	2	3	1
880	255	31	33	2	3	2
881	619	27	29	2	3	3
882	1026	7	10	2	2	2
883	459	27	30	2	2	2
884	1247	31	33	2	3	3
885	925	19	20	1	3	2
886	798	18	20	3	3	1
887	715	35	37	3	3	2
888	270	11	12	3	3	2
889	976	22	23	3	2	2
890	849	32	33	2	2	1
891	818	32	34	3	3	2
892	1062	34	37	1	3	1
893	708	4	7	3	2	3
894	1061	24	27	3	3	3
895	1342	10	13	3	1	1
896	684	30	33	3	2	2
897	198	15	18	1	2	1
898	563	13	16	2	1	1
899	1328	18	21	2	3	3
900	644	31	33	2	3	1
901	1267	25	27	3	1	2
902	834	10	11	2	1	1
903	578	23	25	3	2	1
904	1047	12	14	1	3	1
905	1183	26	28	1	1	2
906	777	11	14	3	1	2
907	1290	19	22	1	3	1
908	1344	25	27	2	2	3
909	294	31	32	2	1	2
910	812	16	17	3	1	1
911	1295	38	39	1	2	1
912	1113	23	24	2	2	1
913	1338	28	31	2	3	2
914	1181	5	7	1	2	1
915	805	5	8	3	3	3
916	1303	18	21	2	3	3
917	397	27	28	3	2	2
918	7	7	10	3	1	1
919	828	35	37	2	3	2
920	1008	25	28	1	1	1
921	1052	5	6	3	3	3
922	578	27	28	2	3	3
923	1005	37	39	1	1	1
924	689	25	26	2	3	1
925	1237	10	13	2	1	1
926	119	30	31	2	3	3
927	1151	1	4	3	3	3
928	201	12	15	3	3	1
929	531	24	25	3	3	2
930	401	13	15	1	1	2
931	1023	25	26	1	2	1
932	956	11	13	3	2	1
933	652	4	6	2	3	1
934	176	24	26	3	1	2
935	1165	10	11	1	1	1
936	384	9	11	1	3	2
937	765	9	11	2	3	3
938	248	24	25	2	3	2
939	410	32	35	3	3	3
940	1299	21	24	1	3	3
941	1149	25	26	3	1	1
942	636	20	23	3	1	1
943	298	33	35	1	2	1
944	936	17	20	2	3	1
945	787	1	4	2	2	1
946	235	15	16	1	3	2
947	1014	29	30	2	1	2
948	456	25	27	1	2	3
949	1306	1	2	1	3	2
950	1257	11	13	3	3	2
951	155	23	25	1	2	3
952	1173	27	30	3	2	2
953	1327	3	5	1	1	2
954	995	24	26	2	2	3
955	63	14	17	1	3	2
956	20	30	33	1	1	1
957	429	11	13	2	1	2
958	1258	9	12	3	1	2
959	766	29	31	2	1	2
960	1007	28	29	2	3	3
961	132	13	14	1	2	2
962	324	26	29	2	3	1
963	604	26	28	1	2	2
964	500	16	19	3	2	3
965	594	31	32	3	3	2
966	860	18	19	1	1	2
967	764	26	28	3	1	2
968	1278	13	14	2	3	1
969	699	5	8	1	3	2
970	346	23	24	2	2	1
971	211	29	31	1	3	1
972	1155	24	27	2	1	2
973	796	35	36	1	3	3
974	122	19	20	3	1	1
975	426	18	21	2	2	2
976	603	15	16	1	3	1
977	1066	22	24	3	2	1
978	106	1	4	2	2	3
979	1308	11	13	1	3	1
980	782	15	18	3	2	1
981	260	14	15	1	3	2
982	266	18	20	1	3	2
983	880	22	24	3	2	2
984	628	13	14	2	2	1
985	265	10	12	1	2	3
986	702	28	29	3	3	3
987	811	23	24	3	2	1
988	1171	16	19	3	2	2
989	229	25	28	1	2	1
990	134	3	4	2	1	2
991	981	8	11	3	1	2
992	1260	5	6	3	2	1
993	102	24	26	3	1	2
994	1089	11	13	3	3	3
995	437	16	18	3	1	2
996	873	26	28	2	3	1
997	62	3	6	2	2	3
998	1248	14	17	2	2	3
999	96	22	23	2	1	2
1000	300	18	20	2	3	2
1001	331	1	4	2	2	1
1002	999	34	36	3	3	2
1003	225	2	5	3	1	2
1004	1122	9	12	1	3	1
1005	882	25	27	2	1	2
1006	418	3	4	1	2	3
1007	1174	16	18	3	1	1
1008	35	11	13	3	1	1
1009	133	31	34	2	1	2
1010	757	30	33	3	1	2
1011	138	7	10	1	1	2
1012	785	1	2	3	2	2
1013	548	15	17	2	2	3
1014	61	34	37	2	3	3
1015	440	1	4	1	3	3
1016	139	34	36	1	2	2
1017	634	1	3	1	2	1
1018	657	12	14	1	3	3
1019	1082	22	25	3	2	1
1020	372	36	38	1	3	2
1021	56	24	26	2	1	2
1022	482	32	35	2	1	2
1023	830	35	37	2	1	2
1024	26	17	18	3	2	2
1025	1365	22	24	2	1	1
1026	611	28	30	1	2	3
1027	1236	11	14	3	3	3
1028	616	17	18	1	3	2
1029	1124	6	7	3	2	2
1030	786	11	14	1	1	1
1031	1321	25	26	2	1	2
1032	306	14	15	2	2	3
1033	241	10	12	3	2	1
1034	713	16	17	3	2	2
1035	1326	13	16	2	1	1
1036	777	29	32	3	1	2
1037	960	5	7	2	2	1
1038	343	13	16	2	2	2
1039	986	29	30	1	2	3
1040	804	8	10	2	1	2
1041	1163	2	3	1	2	2
1042	77	15	18	1	1	2
1043	275	29	31	3	2	3
1044	1016	5	7	2	1	2
1045	671	22	23	2	2	3
1046	335	17	19	3	3	2
1047	649	3	6	1	3	1
1048	1167	12	14	2	1	1
1049	1028	10	11	3	2	1
1050	678	28	29	1	3	1
1051	1119	19	21	1	3	2
1052	208	11	13	3	3	2
1053	325	14	16	2	2	2
1054	1106	17	19	2	2	2
1055	1372	36	37	1	3	3
1056	148	16	19	3	1	1
1057	22	32	35	1	3	1
1058	1291	22	24	3	1	2
1059	1087	34	37	1	2	2
1060	1189	35	37	2	2	1
1061	677	9	12	1	1	2
1062	1017	35	38	2	3	2
1063	1206	5	6	3	3	1
1064	362	22	23	3	1	1
1065	1197	1	4	3	2	1
1066	356	1	4	2	3	2
1067	1145	19	21	2	3	2
1068	108	33	35	2	2	3
1069	784	5	7	1	3	2
1070	855	26	28	2	2	1
1071	1230	25	28	1	1	1
1072	169	21	24	3	3	2
1073	626	10	11	2	1	1
1074	146	28	29	3	3	1
1075	1347	11	12	2	1	1
1076	541	27	30	1	2	1
1077	286	29	32	3	1	1
1078	588	35	38	1	1	1
1079	299	10	11	2	3	3
1080	836	30	32	2	3	2
1081	1331	25	28	3	2	2
1082	607	28	31	2	3	2
1083	147	24	25	1	1	1
1084	488	5	6	2	2	2
1085	669	21	22	3	2	3
1086	1252	33	36	3	1	1
1087	315	32	34	1	3	3
1088	473	14	17	3	3	2
1089	385	3	4	3	2	2
1090	651	8	10	1	3	3
1091	1332	16	19	3	1	1
1092	125	11	12	1	3	2
1093	968	24	27	1	2	2
1094	989	1	4	2	2	1
1095	648	12	14	3	2	2
1096	1101	11	14	3	3	1
1097	114	36	38	2	2	1
1098	478	5	6	2	3	3
1099	627	31	33	2	2	3
1100	933	21	22	3	2	3
1101	1048	3	6	1	3	3
1102	1117	9	10	1	1	2
1103	1274	35	38	1	3	1
1104	938	12	13	2	2	1
1105	378	7	10	2	3	3
1106	1233	6	9	3	1	1
1107	536	8	9	2	3	2
1108	1128	34	35	3	3	2
1109	1126	9	12	3	3	2
1110	420	31	34	1	1	2
1111	539	21	23	1	2	1
1112	1333	15	16	2	1	1
1113	1193	25	26	2	2	3
1114	1133	2	4	1	1	1
1115	177	23	24	2	3	2
1116	1375	16	18	3	3	1
1117	1368	28	31	1	3	2
1118	425	9	12	1	3	3
1119	1302	37	38	1	1	2
1120	814	14	17	1	1	1
1121	795	7	9	1	2	1
1122	714	21	24	2	3	3
1123	617	3	4	3	2	2
1124	380	30	33	2	1	2
1125	38	14	16	1	1	2
1126	596	17	18	1	1	2
1127	329	35	37	1	1	2
1128	574	4	6	1	1	2
1129	817	16	18	1	3	2
1130	746	1	4	3	1	2
1131	196	24	26	2	2	1
1132	1097	7	10	3	3	1
1133	1268	16	18	1	2	3
1134	1010	29	32	2	1	2
1135	577	5	8	3	3	1
1136	490	25	26	2	1	2
1137	866	23	24	2	1	1
1138	70	16	18	1	1	2
1139	732	27	28	1	1	1
1140	610	23	25	2	3	2
1141	639	13	14	2	1	2
1142	382	7	10	1	3	1
1143	505	2	3	1	3	3
1144	986	27	29	3	3	3
1145	241	24	25	1	2	2
1146	1240	23	24	3	2	1
1147	972	18	21	1	1	2
1148	143	11	14	1	1	2
1149	731	14	17	1	1	1
1150	703	11	12	3	3	1
1151	1096	24	25	1	1	1
1152	12	9	12	1	3	2
1153	744	27	30	3	2	1
1154	1283	35	38	2	3	1
1155	486	18	21	1	3	1
1156	5	9	10	2	1	2
1157	293	15	16	1	3	1
1158	934	20	23	3	3	1
1159	980	9	11	2	3	1
1160	1285	20	23	2	1	2
1161	1349	15	16	1	2	2
1162	1144	30	31	3	3	1
1163	668	10	13	1	3	3
1164	1363	10	11	2	1	2
1165	823	7	8	1	2	2
1166	904	24	27	1	1	1
1167	798	30	31	2	2	1
1168	681	35	36	2	1	2
1169	901	35	37	3	2	1
1170	774	32	35	2	2	3
1171	492	14	15	3	3	3
1172	773	34	36	3	2	3
1173	1130	28	31	2	1	1
1174	464	15	16	1	2	2
1175	508	22	25	2	2	2
1176	1121	33	34	2	2	3
1177	613	27	30	2	2	2
1178	1025	14	16	3	1	1
1179	544	26	29	2	2	2
1180	200	20	23	3	3	1
1181	633	29	32	1	3	2
1182	846	23	25	2	3	1
1183	826	29	32	3	3	1
1184	67	5	8	3	1	2
1185	434	33	35	3	2	1
1186	1102	10	12	3	2	1
1187	1134	33	35	1	2	2
1188	1199	25	26	1	2	3
1189	1300	19	22	2	2	1
1190	1104	29	31	3	1	2
1191	1280	24	27	2	1	1
1192	84	32	33	1	1	2
1193	59	6	8	1	2	1
1194	116	9	11	3	1	2
1195	193	26	28	1	2	3
1196	974	21	23	2	2	1
1197	409	34	37	3	3	2
1198	1358	5	8	2	1	1
1199	1217	26	27	2	1	1
1200	37	35	37	2	2	3
1201	760	18	21	3	3	1
1202	207	25	26	1	2	3
1203	688	23	25	2	3	2
1204	853	22	24	2	1	2
1205	191	29	30	1	2	3
1206	1360	10	11	2	2	2
1207	753	13	16	1	1	1
1208	911	19	20	1	3	2
1209	50	26	29	1	2	2
1210	1070	2	5	1	3	3
1211	680	35	38	1	1	1
1212	1244	18	20	2	1	1
1213	632	31	34	2	1	2
1214	404	19	22	1	2	1
1215	982	26	27	3	3	2
1216	557	18	19	2	1	2
1217	397	23	24	1	3	1
1218	326	18	21	2	2	2
1219	375	4	5	2	3	1
1220	1282	23	24	1	3	1
1221	993	28	29	3	1	1
1222	1046	34	37	2	3	2
1223	921	33	35	2	2	1
1224	931	30	31	3	2	3
1225	667	24	26	2	3	2
1226	670	8	9	1	1	1
1227	775	22	23	3	3	3
1228	315	10	13	3	1	2
1229	105	32	33	2	1	1
1230	1094	21	22	2	3	1
1231	1202	14	17	3	3	3
1232	1175	8	11	1	1	1
1233	779	8	9	3	2	1
1234	27	5	7	3	1	1
1235	232	27	30	2	3	3
1236	1125	31	33	2	3	1
1237	1118	38	39	1	1	1
1238	1172	23	24	2	3	3
1239	65	20	22	2	2	2
1240	554	38	39	1	1	2
1241	583	29	31	3	3	2
1242	930	16	18	1	1	1
1243	246	1	3	2	3	3
1244	151	18	20	2	3	2
1245	949	32	35	2	2	1
1246	393	23	26	2	3	2
1247	860	21	24	2	2	1
1248	264	17	20	3	2	3
1249	900	18	21	3	1	2
1250	533	24	27	2	3	1
1251	984	5	8	3	2	2
1252	646	18	20	1	1	1
1253	321	22	25	2	2	1
1254	1084	3	4	2	1	1
1255	360	13	14	2	3	1
1256	93	11	12	2	3	3
1257	726	29	31	2	3	1
1258	587	27	29	3	3	2
1259	922	33	36	2	2	2
1260	388	1	4	2	1	1
1261	236	36	37	3	3	1
1262	1211	10	13	1	1	1
1263	131	35	37	3	2	1
1264	1098	17	19	3	2	1
1265	338	33	34	2	3	2
1266	171	12	15	1	1	1
1267	121	35	36	3	2	2
1268	920	8	11	2	3	3
1269	443	26	27	1	2	1
1270	1231	1	3	3	3	3
1271	840	19	21	3	1	1
1272	545	18	20	1	1	2
1273	1205	2	3	2	1	2
1274	944	25	28	2	2	1
1275	1356	19	21	1	1	2
1276	103	29	32	2	2	3
1277	754	23	25	1	3	3
1278	278	5	7	2	3	2
1279	509	36	37	1	3	3
1280	159	5	8	3	1	1
1281	529	26	29	2	3	1
1282	840	34	37	3	2	1
1283	788	9	12	3	1	1
1284	468	5	8	2	2	1
1285	1359	30	31	2	1	2
1286	614	10	12	1	1	2
1287	376	15	16	3	2	3
1288	102	13	16	1	3	2
1289	1116	2	5	2	3	1
1290	917	36	37	3	1	2
1291	257	7	10	3	2	3
1292	620	3	4	3	1	1
1293	386	22	25	2	2	2
1294	209	17	19	3	2	2
1295	328	18	21	2	3	2
1296	442	20	21	2	2	2
1297	182	1	4	2	3	1
1298	902	18	21	3	1	1
1299	72	9	12	3	1	2
1300	1041	24	27	3	1	2
1301	1374	33	34	3	3	1
1302	1214	10	12	1	2	3
1303	932	18	21	1	1	2
1304	128	30	31	2	2	2
1305	600	27	28	1	1	1
1306	1208	20	21	1	1	1
1307	928	5	6	2	3	2
1308	721	36	37	3	3	1
1309	1136	27	29	2	3	3
1310	1045	29	30	3	3	3
1311	1235	2	5	3	1	2
1312	246	27	28	3	2	1
1313	402	12	13	1	3	3
1314	15	12	13	2	1	2
1315	1071	1	4	3	1	1
1316	1361	6	8	2	1	1
1317	517	18	19	1	2	1
1318	691	4	5	3	1	2
1319	1129	35	36	3	3	3
1320	499	8	9	2	1	1
1321	756	2	5	3	2	2
1322	749	38	39	1	2	2
1323	809	30	33	2	2	1
1324	656	18	19	1	3	3
1325	736	22	23	1	3	3
1326	195	13	14	3	2	1
1327	847	12	15	2	2	2
1328	272	12	15	1	2	3
1329	109	22	25	2	1	2
1330	86	10	13	1	2	2
1331	1132	21	24	2	3	1
1332	1177	8	9	3	2	2
1333	973	26	28	1	1	1
1334	199	14	17	2	2	3
1335	405	18	21	3	2	1
1336	961	30	31	1	1	2
1337	1275	18	20	3	3	2
1338	1309	13	16	3	2	2
1339	302	17	20	2	2	2
1340	21	16	19	2	2	2
1341	276	2	5	3	1	1
1342	534	31	34	3	2	3
1343	398	13	14	1	3	1
1344	1311	4	7	3	3	3
1345	970	2	4	3	2	3
1346	259	31	33	2	1	2
1347	863	23	25	1	1	2
1348	712	30	33	1	1	2
1349	54	8	9	2	1	1
1350	635	26	27	1	1	1
1351	339	5	7	1	3	1
1352	821	9	11	3	3	2
1353	1093	31	33	1	1	2
1354	269	35	38	1	2	1
1355	143	2	5	2	2	1
1356	412	25	28	2	2	3
1357	230	3	5	2	3	1
1358	200	4	5	3	2	2
1359	549	29	30	2	2	1
1360	52	14	17	1	2	2
1361	700	32	34	1	2	1
1362	1078	24	27	3	2	3
1363	1307	19	21	1	1	2
1364	1142	31	32	3	3	3
1365	891	28	29	1	2	3
1366	357	9	12	1	1	1
1367	387	30	32	2	1	1
1368	670	9	12	1	2	1
1369	145	11	14	1	2	1
1370	528	22	24	3	2	3
1371	1091	19	22	1	3	2
1372	210	36	37	3	1	2
1373	1210	22	23	3	3	3
1374	887	26	28	2	2	1
1375	629	10	12	1	2	3
1376	3	30	31	3	1	1
1377	74	13	16	2	1	1
1378	1259	34	37	2	3	3
1379	763	2	5	2	2	3
1380	462	21	24	3	3	1
1381	1315	7	8	3	1	1
1382	1033	25	27	2	1	2
1383	1296	9	11	3	1	2
1384	75	17	19	3	2	2
1385	1194	19	21	2	3	2
1386	1058	20	22	3	1	1
1387	1161	35	38	1	2	3
1388	1105	22	25	3	1	2
1389	838	30	31	2	2	2
1390	943	28	31	3	1	2
1391	704	29	31	2	1	2
1392	808	14	17	2	3	1
1393	927	3	5	2	2	2
1394	1203	8	9	2	2	3
1395	1302	25	27	3	2	3
1396	690	4	6	3	1	1
1397	841	30	33	1	3	3
1398	95	12	14	2	3	1
1399	254	10	12	1	2	3
1400	1329	12	15	3	2	3
1401	174	4	7	3	1	2
1402	90	15	18	3	1	1
1403	165	21	24	1	2	1
1404	33	34	35	2	3	1
1405	461	22	24	2	1	2
1406	203	11	14	2	3	3
1407	213	29	32	1	2	1
1408	358	25	28	2	2	1
1409	532	27	28	3	3	3
1410	1340	20	22	1	1	1
1411	640	6	7	1	2	3
1412	994	5	8	3	1	2
1413	998	6	7	1	3	1
1414	497	22	24	3	1	2
1415	948	32	34	1	1	2
1416	877	10	11	1	1	2
1417	1287	17	20	3	1	1
1418	186	9	11	3	2	3
1419	541	18	21	1	2	3
1420	598	23	26	3	1	1
1421	474	31	34	3	1	2
1422	985	30	31	2	2	3
1423	272	12	14	3	3	1
1424	512	38	39	1	2	2
1425	991	24	26	1	1	1
1426	427	26	29	3	3	3
1427	218	7	9	1	2	1
1428	977	25	26	1	1	2
1429	595	29	30	2	2	1
1430	725	12	14	3	3	2
1431	824	36	37	2	1	1
1432	309	24	25	3	3	3
1433	40	5	6	2	3	2
1434	45	4	6	2	2	2
1435	848	1	2	2	1	1
1436	16	17	20	2	2	3
1437	602	22	23	1	2	1
1438	1053	27	29	3	3	2
1439	854	9	11	1	3	2
1440	694	25	27	2	2	3
1441	1261	4	6	2	2	3
1442	1064	29	32	1	1	2
1443	929	7	9	1	1	1
1444	585	35	37	3	1	1
1445	562	7	10	3	3	3
1446	687	21	24	1	1	1
1447	438	28	31	3	2	3
1448	511	18	19	1	3	2
1449	592	29	30	2	1	1
1450	959	22	24	3	2	2
1451	1255	33	35	3	3	1
1452	854	14	16	3	2	3
1453	359	27	28	1	3	2
1454	737	6	7	1	1	1
1455	655	8	11	3	3	3
1456	1178	20	22	2	3	3
1457	1160	8	11	3	2	3
1458	1288	3	6	1	2	2
1459	553	32	35	2	1	2
1460	60	17	19	2	1	1
1461	1083	31	33	1	2	2
1462	645	6	9	2	3	2
1463	913	7	10	1	3	1
1464	450	18	19	3	3	3
1465	923	1	2	1	1	2
1466	825	31	32	2	3	3
1467	88	18	21	2	3	3
1468	466	8	11	2	3	2
1469	28	24	26	1	2	2
1470	603	31	32	1	1	1
1471	162	15	18	1	2	2
1472	335	30	31	1	3	1
1473	873	12	15	1	1	1
1474	1225	17	19	1	2	3
1475	705	26	29	3	1	1
1476	85	20	21	3	1	2
1477	896	21	23	1	2	3
1478	467	28	29	2	3	1
1479	609	17	18	1	1	2
1480	99	33	35	1	1	2
1481	901	3	6	3	1	1
1482	319	31	32	1	3	1
1483	1271	25	26	2	2	2
1484	638	17	18	2	1	1
1485	953	27	29	1	1	1
1486	1137	10	11	1	3	2
1487	669	3	4	3	3	2
1488	333	12	13	1	1	2
1489	1270	22	25	3	1	1
1490	537	22	25	1	3	1
1491	526	33	36	1	2	3
1492	630	3	4	3	3	1
1493	870	7	9	1	2	3
1494	205	4	6	3	2	2
1495	94	30	32	2	3	2
1496	514	1	4	1	2	2
1497	641	1	2	2	1	1
1498	1310	27	30	3	1	1
1499	19	33	34	1	2	1
1500	755	19	20	3	1	1

