DATASET = ORTEC-hidden instance set VeRoLog competition
NAME = tools over vehicle days over vehicles over distance with 2500 requests over 75 days

DAYS = 75
CAPACITY = 35
MAX_TRIP_DISTANCE = 16000
DEPOT_COORDINATE = 0

VEHICLE_COST = 3000
VEHICLE_DAY_COST = 500000
DISTANCE_COST = 1

TOOLS = 3
1	15	50	10000000
2	12	56	50000000
3	3	110	20000000

COORDINATES = 2161
0	5445	2890
1	3276	6132
2	7450	6132
3	7550	6136
4	9080	6131
5	8728	6138
6	7808	6140
7	7904	6140
8	8073	6145
9	5534	6148
10	9361	6153
11	7946	6158
12	4289	6176
13	8922	6183
14	7086	6195
15	8172	6195
16	8317	6142
17	7642	6198
18	8400	6200
19	7376	6202
20	7470	6207
21	7233	6144
22	8220	6223
23	7750	6226
24	8856	6228
25	8934	6232
26	7543	6232
27	8957	6233
28	8007	6236
29	9491	6245
30	6572	140
31	8731	6251
32	8109	6259
33	8084	6260
34	7870	6264
35	3457	4335
36	8447	6267
37	6006	6270
38	3468	6275
39	7526	6281
40	4320	6284
41	7895	6301
42	3475	6309
43	7511	6317
44	3925	6319
45	6685	7938
46	5985	6320
47	7566	6328
48	6794	6331
49	7821	6335
50	8385	6345
51	6700	6347
52	7556	6350
53	8496	6350
54	3490	6356
55	8547	6356
56	8000	6168
57	7275	6363
58	7549	6364
59	3939	6380
60	4020	4170
61	8344	6390
62	3605	6175
63	6909	6430
64	7399	6437
65	7720	6439
66	6918	6441
67	8310	6446
68	8590	6455
69	6852	6456
70	8567	6467
71	8565	6469
72	7928	6470
73	8173	6477
74	6142	6480
75	8469	6486
76	4073	6488
77	8330	6491
78	3929	6497
79	3614	6498
80	8080	6500
81	6919	6500
82	8683	6504
83	8050	6505
84	7572	6508
85	8033	6517
86	7528	6534
87	7476	6541
88	8209	6545
89	8212	6547
90	7448	6550
91	6748	6560
92	7450	6568
93	8665	6569
94	7171	6573
95	8258	6575
96	5537	6577
97	7286	6587
98	8484	6588
99	7863	6590
100	6307	6597
101	7683	6601
102	8158	6607
103	4402	3946
104	8495	6624
105	4415	4211
106	7550	6636
107	3543	6639
108	8318	6640
109	3709	6643
110	8616	6645
111	7590	6648
112	3650	6656
113	7888	6657
114	3411	6663
115	7414	6666
116	8321	6666
117	3838	6673
118	7817	6678
119	8680	6680
120	7770	6681
121	7863	6686
122	4284	6224
123	7743	6715
124	4534	4226
125	7186	8233
126	7366	6230
127	7002	6731
128	7726	6734
129	7763	6738
130	3372	6743
131	7997	6751
132	7192	6757
133	7552	6761
134	4180	6765
135	4130	6766
136	8679	6773
137	8550	6776
138	8303	6792
139	7536	6794
140	3782	6801
141	8761	4240
142	8704	6811
143	3755	6814
144	7962	6818
145	3363	6820
146	8442	6824
147	3698	6826
148	8661	6836
149	8529	6837
150	8737	6842
151	8479	6842
152	8339	6843
153	3492	6847
154	3847	6851
155	8084	6859
156	4663	6866
157	7760	6868
158	6246	4252
159	8522	6885
160	8117	6888
161	3885	6890
162	8389	6898
163	4627	6910
164	8345	6911
165	7400	6912
166	4574	6917
167	9628	6918
168	9658	6930
169	7873	6933
170	8750	6934
171	7439	6934
172	4676	6935
173	7452	6940
174	9459	6941
175	9426	6941
176	7458	6946
177	8490	6946
178	7478	6951
179	3835	6956
180	8763	6955
181	8730	6960
182	7794	6961
183	6159	2263
184	3939	6969
185	7767	6970
186	6359	4272
187	8440	7003
188	3940	7006
189	8559	4273
190	9168	7020
191	4309	7025
192	4277	7026
193	7729	7027
194	8780	7027
195	8678	7028
196	7513	7034
197	8489	7042
198	3928	7052
199	4515	4281
200	6554	7059
201	7540	7063
202	8764	7077
203	6173	4285
204	6757	8293
205	8857	7087
206	6127	8764
207	8492	7090
208	8742	7094
209	7747	7100
210	7642	7100
211	8242	7105
212	8542	7105
213	5886	7106
214	9156	7113
215	6749	7114
216	8138	7124
217	3697	7126
218	4316	7136
219	4299	7138
220	4382	7144
221	3985	7146
222	4507	7150
223	8256	7153
224	7531	7155
225	8916	7159
226	3588	7162
227	8665	7168
228	9083	7196
229	4353	7203
230	7101	8315
231	4433	7225
232	8197	6313
233	4097	7228
234	8582	7233
235	6153	4367
236	3345	7245
237	9124	7246
238	8562	7246
239	8058	7258
240	7625	7259
241	8798	7261
242	8076	7262
243	8387	7264
244	4951	7265
245	8542	7267
246	7367	7268
247	4195	7268
248	6029	7271
249	4458	7277
250	4300	7278
251	7273	7284
252	9046	7286
253	7478	7292
254	7416	7294
255	4324	7296
256	7522	7297
257	4746	2320
258	6610	316
259	9532	8330
260	8713	7309
261	7006	7311
262	6693	7312
263	8214	7316
264	4260	7316
265	7448	7317
266	6689	7320
267	7429	7322
268	6998	7323
269	7793	7324
270	4062	7325
271	7695	7326
272	5406	4327
273	7521	7330
274	9629	7341
275	3367	7344
276	7023	7345
277	3490	7346
278	8928	7347
279	3449	5972
280	8887	7355
281	7852	7359
282	7174	7362
283	7829	7363
284	7654	7367
285	4056	7371
286	7280	7376
287	7742	7378
288	8498	7382
289	7256	7390
290	7102	7391
291	8960	7392
292	7500	8347
293	7456	7417
294	7767	7419
295	8083	7420
296	4284	4373
297	5979	7440
298	9616	7442
299	6952	7451
300	8328	7461
301	3857	7466
302	8096	7476
303	8288	7476
304	7107	7478
305	6469	7481
306	6588	7487
307	3645	7488
308	6845	7488
309	6941	7490
310	9078	7493
311	9024	7494
312	9064	7497
313	4030	7507
314	9420	7511
315	8682	7512
316	3832	7518
317	3775	7520
318	8615	7524
319	9331	7531
320	8861	7535
321	3680	7538
322	6439	7538
323	7732	7540
324	8260	7541
325	6970	7551
326	7385	7552
327	6766	7557
328	2418	4366
329	7700	7563
330	9299	7563
331	8612	7567
332	9315	7569
333	3733	7572
334	6887	7589
335	8863	8378
336	7913	7601
337	8478	7603
338	4388	4373
339	6389	7609
340	7905	7615
341	8349	7616
342	6941	7620
343	7727	7623
344	5802	3979
345	9386	7636
346	7400	7643
347	8145	7643
348	7716	7647
349	7525	7654
350	7286	7656
351	8057	7666
352	8699	7670
353	8924	7675
354	6417	7583
355	7570	7679
356	6530	7689
357	6823	7694
358	9296	7694
359	6740	7696
360	9458	7697
361	8100	7702
362	9723	8785
363	8544	7705
364	7206	4390
365	5358	7712
366	5346	7713
367	7841	7716
368	4161	7720
369	7523	7720
370	7043	4392
371	8572	7723
372	6460	7731
373	5816	7731
374	5340	7733
375	5806	7737
376	8410	7741
377	5856	7751
378	8167	7751
379	7102	7752
380	8782	7763
381	5458	7772
382	3624	4403
383	8117	7789
384	4496	2401
385	5641	7808
386	8188	7808
387	8433	7810
388	7408	7823
389	7019	7824
390	5683	7826
391	7980	7833
392	8379	7848
393	4059	7849
394	5274	7852
395	6715	7852
396	6213	7853
397	9154	7858
398	6859	7860
399	8403	7862
400	7145	7864
401	6816	7868
402	6029	7872
403	6036	7875
404	6222	7892
405	6757	7893
406	5979	7897
407	6480	7902
408	5370	7907
409	7123	7911
410	8281	7933
411	4235	7943
412	8872	7950
413	4189	7953
414	6482	7956
415	6117	7957
416	8401	4435
417	6127	7977
418	6478	7994
419	6603	7997
420	8445	8010
421	5795	8011
422	6281	8012
423	7202	8018
424	6338	8024
425	7437	8025
426	7764	8026
427	7261	8027
428	6440	8451
429	3460	4446
430	5591	8039
431	5851	8040
432	5448	8042
433	7331	8046
434	7878	8047
435	7517	8051
436	6120	8058
437	9339	8072
438	8891	8458
439	7075	8078
440	6237	8087
441	6911	8098
442	9628	8103
443	7549	8106
444	6539	8109
445	7306	8110
446	7077	8124
447	6210	8134
448	7278	8135
449	5454	8140
450	5896	8147
451	5936	8148
452	7487	8149
453	6143	8471
454	7232	8164
455	8645	8166
456	6487	8171
457	4093	4469
458	7400	6475
459	7717	8197
460	6690	8200
461	7294	8201
462	6406	8207
463	9249	8209
464	3855	4475
465	7359	8217
466	6915	8225
467	6748	8227
468	8830	8230
469	7180	8231
470	6615	8231
471	7755	8233
472	8683	8236
473	4170	4479
474	6842	8246
475	7308	8246
476	5920	8251
477	5538	8253
478	6933	8261
479	5970	8263
480	6135	8270
481	7643	8492
482	6711	8283
483	6137	8286
484	7576	8293
485	9600	8294
486	7514	8295
487	7390	8301
488	5383	8306
489	6810	8318
490	7556	8318
491	5818	8320
492	7930	8405
493	9555	8326
494	7699	6497
495	5471	8331
496	7174	8333
497	5533	8347
498	4842	3603
499	7666	8357
500	5685	8361
501	9351	8361
502	7326	8371
503	7505	8376
504	4017	6506
505	8782	8379
506	7955	8382
507	7633	6506
508	9358	8387
509	8186	8390
510	9773	8392
511	5600	8401
512	3578	8402
513	3823	8403
514	7756	8405
515	7859	8405
516	6653	8415
517	6568	8515
518	3877	8418
519	8200	8422
520	5646	8426
521	3787	8446
522	6778	8451
523	5470	8452
524	8461	8465
525	7501	8473
526	7697	4519
527	6018	8485
528	8887	8486
529	6814	8487
530	5747	8493
531	6696	8494
532	7042	8501
533	7709	8502
534	5873	8508
535	7856	8515
536	6865	8516
537	7834	8517
538	7603	8517
539	7714	8518
540	6834	8524
541	7913	8531
542	9691	8533
543	6557	8534
544	6874	8534
545	9552	8539
546	6223	8542
547	6135	8545
548	5796	4530
549	4002	3610
550	5790	8560
551	6693	8562
552	6679	8539
553	8829	4533
554	8528	8566
555	9755	8571
556	7722	8583
557	6593	8600
558	8515	8602
559	9131	6013
560	3994	4542
561	7679	8619
562	6109	8620
563	8118	8630
564	8942	8631
565	7446	8632
566	3940	8635
567	4177	2541
568	8441	8637
569	7360	8640
570	8437	8640
571	5661	8641
572	8092	4546
573	8266	8643
574	9647	8644
575	9270	8647
576	6508	8654
577	6305	8656
578	8218	8657
579	9086	6015
580	3887	2546
581	5605	8666
582	7254	8667
583	5651	8671
584	7737	4551
585	6799	8559
586	6296	8682
587	5634	8686
588	7899	8687
589	5331	4554
590	6205	8694
591	6262	8696
592	5727	8697
593	6897	8699
594	7736	8716
595	6465	8726
596	7540	8738
597	6378	8739
598	5776	8740
599	5501	8742
600	5612	8743
601	6943	8752
602	5509	8757
603	5992	2562
604	6211	8759
605	7764	8763
606	6494	8764
607	7360	8765
608	7686	4567
609	7495	8777
610	6814	8778
611	7665	8781
612	7463	2566
613	8348	8783
614	5415	8784
615	8074	8793
616	6014	8800
617	6967	8801
618	6098	8803
619	5657	8804
620	8020	8806
621	5702	8816
622	6430	8818
623	6211	8831
624	7525	8833
625	7774	8835
626	5815	8835
627	6177	8839
628	7056	8868
629	6918	8874
630	5825	2584
631	9388	8892
632	7669	8895
633	8793	8895
634	9854	8897
635	5928	8899
636	6252	8899
637	7531	8901
638	7394	8902
639	5728	8826
640	7622	8944
641	9469	8949
642	5829	8949
643	9336	8963
644	7277	5068
645	6107	8979
646	6852	8990
647	7531	8998
648	7735	9001
649	6190	9004
650	8795	9004
651	9921	9006
652	7955	9014
653	7630	9017
654	6250	8616
655	5624	9028
656	7661	9031
657	6773	9031
658	5726	9032
659	9656	9039
660	6726	9044
661	8070	9074
662	5600	9085
663	7746	9085
664	4521	4028
665	7792	4620
666	7576	9093
667	7471	8628
668	6827	9099
669	9670	9100
670	8074	9112
671	7739	5229
672	9526	9117
673	7170	9121
674	2474	4430
675	7508	9132
676	8123	8635
677	9700	9138
678	7368	9150
679	9323	9167
680	8125	9168
681	8561	4633
682	7976	9174
683	9737	8641
684	6680	9184
685	4773	2633
686	6815	9186
687	8601	7633
688	4564	2635
689	6360	9200
690	8706	9200
691	7455	9202
692	7501	9205
693	9466	9205
694	6904	9206
695	8098	9207
696	7311	9208
697	9270	9211
698	6442	9218
699	6407	9218
700	8633	9223
701	7202	9235
702	8756	9235
703	6182	9241
704	6674	9242
705	7384	9244
706	8041	9246
707	7574	9247
708	7176	9253
709	7860	9261
710	7966	9261
711	6579	9263
712	7926	9267
713	8290	9267
714	8383	9269
715	7994	9274
716	6498	9276
717	6206	2649
718	8551	9287
719	6956	9298
720	7767	9300
721	9638	8272
722	6855	9309
723	5697	6662
724	8315	6663
725	6510	9329
726	6725	9329
727	6373	9330
728	8183	9331
729	8754	9332
730	7564	9333
731	9212	9338
732	6943	9340
733	8838	9345
734	6759	9346
735	8541	9347
736	8890	9349
737	7421	9352
738	6966	9353
739	9193	9353
740	8860	9354
741	8212	9357
742	6550	9360
743	9347	9362
744	8146	9366
745	8707	9376
746	6478	9378
747	6630	9379
748	8972	9381
749	6420	9382
750	7991	6673
751	9043	9385
752	8668	9392
753	8075	9395
754	6556	9396
755	8467	9408
756	8389	9414
757	7006	9424
758	7189	9460
759	8491	9461
760	6681	9464
761	8619	9468
762	8995	9471
763	2564	4441
764	8749	9476
765	8418	9476
766	8476	9482
767	6758	9490
768	9114	9490
769	7171	9503
770	8302	9512
771	9087	9523
772	8427	4693
773	6674	9524
774	9123	9525
775	8602	9527
776	8240	9530
777	8393	9531
778	9008	9538
779	9199	9540
780	7257	9542
781	8597	9547
782	7264	9553
783	7234	9568
784	7817	9573
785	6598	9603
786	8569	9651
787	8018	9667
788	5105	9672
789	8459	9673
790	8948	8728
791	3790	5249
792	3467	4734
793	2764	2731
794	8847	9789
795	6089	9815
796	3398	6750
797	6090	9847
798	6264	9855
799	6435	9858
800	6165	9863
801	8551	4750
802	6342	9868
803	4894	4762
804	6238	8773
805	7182	8773
806	7351	9976
807	4228	4771
808	5667	4776
809	7419	2787
810	8754	5956
811	5069	2796
812	4492	2798
813	5467	8815
814	7219	4810
815	7520	4820
816	6962	8830
817	7636	7270
818	6507	8831
819	4016	3269
820	8467	6833
821	7658	8073
822	3848	4472
823	4130	5078
824	5710	4844
825	3257	2842
826	2871	4850
827	8714	4852
828	2427	2853
829	8392	4875
830	2556	2860
831	412	2861
832	2466	2862
833	6913	8480
834	6552	8875
835	6169	7680
836	5827	2877
837	5866	2877
838	6948	8681
839	5678	4886
840	5702	4888
841	4001	6894
842	7714	4890
843	4182	2894
844	3933	6903
845	2788	4905
846	3922	2905
847	3076	5287
848	6620	8490
849	8791	6681
850	3894	2915
851	7304	2919
852	9406	6938
853	2977	4944
854	8490	6947
855	4065	4945
856	7652	6950
857	5860	3801
858	7862	8956
859	5910	2950
860	5867	2953
861	7076	2956
862	3892	2958
863	3529	2963
864	7154	6980
865	5299	4978
866	5805	2980
867	8455	6102
868	7955	6993
869	4098	4992
870	3977	7010
871	3849	5010
872	7124	5010
873	3580	5011
874	8134	7016
875	7952	9021
876	8817	5014
877	5929	9032
878	7004	5036
879	6003	8516
880	7352	4303
881	9071	6115
882	1209	3052
883	4181	7060
884	4234	7061
885	7119	5967
886	5457	8521
887	9030	5073
888	7066	3319
889	6818	2519
890	9064	5098
891	8719	5099
892	3011	3096
893	8140	5216
894	8375	5101
895	6098	3102
896	3899	5109
897	6648	0
898	7611	7120
899	6110	45
900	6863	49
901	7845	7121
902	6688	58
903	6233	70
904	6536	79
905	4282	6546
906	6454	82
907	6356	3120
908	6504	3121
909	7910	7129
910	6259	101
911	8236	6130
912	6506	112
913	8670	5129
914	4286	5131
915	6398	134
916	3165	5133
917	6297	141
918	8283	8533
919	8049	9142
920	8893	9144
921	4598	7143
922	8043	5142
923	6496	9339
924	7499	9166
925	6467	306
926	6668	306
927	6831	133
928	6840	330
929	8738	5165
930	8961	9174
931	6415	9175
932	6564	353
933	7187	5168
934	6886	9093
935	6662	380
936	6632	3170
937	6003	401
938	8700	5176
939	8897	8542
940	3606	7183
941	6519	435
942	4384	4541
943	6604	8213
944	6769	3183
945	4509	3186
946	9134	5193
947	6533	7197
948	7854	5195
949	7515	7199
950	9066	7200
951	6488	538
952	7300	5199
953	6930	3196
954	7777	9207
955	7797	9207
956	5361	8147
957	6931	6546
958	6460	634
959	5755	5217
960	7549	4372
961	7712	5219
962	4238	7229
963	3986	3226
964	7042	5232
965	6680	738
966	6195	801
967	7098	7247
968	3324	3241
969	6083	9253
970	7731	5248
971	7202	5248
972	6287	888
973	4008	7270
974	4176	3268
975	8630	5759
976	8782	5274
977	6526	991
978	8135	5275
979	6273	1018
980	4286	6161
981	6956	7284
982	7842	5287
983	8120	9298
984	7021	7298
985	5618	3292
986	4619	6966
987	7888	5300
988	6256	8567
989	4293	7307
990	6476	1175
991	2942	4966
992	3574	3305
993	8851	9316
994	6485	1246
995	7038	5317
996	5430	3317
997	5250	5769
998	6774	1324
999	6846	3496
1000	8024	5333
1001	6463	1351
1002	5070	5337
1003	7111	5337
1004	7218	9346
1005	6483	3338
1006	7065	5347
1007	6848	1434
1008	8452	5348
1009	6933	1470
1010	3779	3355
1011	5075	5372
1012	6692	1590
1013	5769	3371
1014	6282	1592
1015	6346	1604
1016	8730	5379
1017	7397	7981
1018	6335	1636
1019	6638	3380
1020	6208	1653
1021	6721	1657
1022	6947	1662
1023	6470	1667
1024	6490	1677
1025	6747	1678
1026	4247	5390
1027	6326	1710
1028	6961	1751
1029	1426	1775
1030	1267	3404
1031	6550	9414
1032	3023	5412
1033	6947	3386
1034	5762	1839
1035	3887	7421
1036	7558	4988
1037	6343	3416
1038	4024	5421
1039	1614	1886
1040	4053	7427
1041	3769	5390
1042	6810	1889
1043	5847	1908
1044	5299	2188
1045	6472	1915
1046	8535	5429
1047	5186	1933
1048	6511	1935
1049	6503	1958
1050	6416	1968
1051	5375	1970
1052	5492	1989
1053	1023	1995
1054	6752	9450
1055	6671	2014
1056	6340	2024
1057	5274	2033
1058	5497	2058
1059	6237	2063
1060	1686	2067
1061	405	2069
1062	5693	2073
1063	4703	2075
1064	5701	2084
1065	6162	2092
1066	4634	2093
1067	6077	2101
1068	6200	2108
1069	7991	5462
1070	5119	2120
1071	26	2121
1072	824	2124
1073	5060	2126
1074	8935	7467
1075	6297	2134
1076	5400	2137
1077	9451	5466
1078	4244	4597
1079	5781	2160
1080	6482	2161
1081	6086	2179
1082	6339	2191
1083	6518	2201
1084	6755	2231
1085	6104	2234
1086	5400	2244
1087	5724	2251
1088	4651	2260
1089	6351	2277
1090	4787	2285
1091	7845	5491
1092	5089	2297
1093	5035	2301
1094	1573	2309
1095	1607	2320
1096	7296	7005
1097	4611	2324
1098	6310	2325
1099	4889	2333
1100	4991	2337
1101	6518	7502
1102	5125	2357
1103	5027	2359
1104	4954	2367
1105	6311	2370
1106	6531	2371
1107	4812	2394
1108	5426	3505
1109	4642	2410
1110	7542	5511
1111	4737	2416
1112	6030	2422
1113	3599	4224
1114	7012	2437
1115	6303	2452
1116	4921	2454
1117	4002	2459
1118	7621	5520
1119	3200	2471
1120	4908	2481
1121	3960	2492
1122	3319	2493
1123	6142	2507
1124	3835	2516
1125	4180	7533
1126	3286	2524
1127	6487	2536
1128	5950	2538
1129	5026	2543
1130	4127	2545
1131	6884	2550
1132	4968	2559
1133	3917	2575
1134	1468	2591
1135	6641	2604
1136	5622	3812
1137	4159	2611
1138	4180	2612
1139	904	2619
1140	1184	2621
1141	5810	2620
1142	2839	2624
1143	3970	2627
1144	4244	2630
1145	916	2637
1146	773	2637
1147	6259	2641
1148	7299	7553
1149	3247	2649
1150	4158	2649
1151	6658	2654
1152	4592	2657
1153	5619	2657
1154	6730	2658
1155	4859	2666
1156	4557	2678
1157	8436	5556
1158	6219	2688
1159	6872	2690
1160	4893	2694
1161	3918	2697
1162	4958	2706
1163	892	2707
1164	2699	2712
1165	7170	2713
1166	8771	7565
1167	3822	2716
1168	6750	2718
1169	3166	2719
1170	6124	2720
1171	6225	2721
1172	4894	2727
1173	4576	2730
1174	6277	2732
1175	7558	5565
1176	3391	2737
1177	3822	2737
1178	3615	2741
1179	3539	2746
1180	3932	2752
1181	5666	2753
1182	295	2759
1183	462	2760
1184	740	2768
1185	2963	2769
1186	5148	2770
1187	8714	5571
1188	5069	2778
1189	4804	2778
1190	3902	2779
1191	3919	2781
1192	4457	2784
1193	4703	2784
1194	1561	2787
1195	4137	2790
1196	3822	2792
1197	2934	2794
1198	632	2799
1199	2421	2799
1200	5273	2805
1201	2581	2809
1202	4660	2812
1203	4940	3575
1204	6053	2817
1205	6002	2823
1206	7058	2825
1207	4278	2826
1208	4073	2832
1209	4673	2836
1210	8105	7822
1211	2256	2843
1212	5599	2844
1213	6425	2845
1214	6632	2846
1215	5831	2850
1216	5402	2862
1217	3698	2865
1218	5008	2870
1219	744	2875
1220	6556	2875
1221	350	2884
1222	6781	2887
1223	6047	2889
1224	2377	2891
1225	3724	2892
1226	2308	2894
1227	5453	2896
1228	3402	2897
1229	3962	2900
1230	2748	2903
1231	3546	2907
1232	5424	3590
1233	5856	2911
1234	5832	2912
1235	7040	2914
1236	2039	2920
1237	2316	2921
1238	3420	6225
1239	5436	5023
1240	5746	2926
1241	2996	2928
1242	485	2932
1243	6010	2939
1244	6404	2948
1245	4577	2952
1246	6495	7604
1247	8817	5601
1248	6417	2953
1249	5917	2954
1250	5714	2956
1251	2974	2961
1252	5891	2966
1253	5111	2967
1254	1194	2969
1255	5149	2971
1256	5858	2979
1257	5187	2983
1258	5725	2985
1259	3833	2992
1260	6864	2994
1261	1705	2999
1262	5544	2999
1263	4156	3000
1264	5526	3001
1265	6004	3005
1266	6260	3014
1267	5169	3017
1268	5647	3023
1269	2761	3028
1270	5884	3036
1271	5322	3039
1272	5474	3040
1273	3207	3042
1274	6838	3042
1275	757	3046
1276	3106	3053
1277	3868	3056
1278	2286	3057
1279	4957	3057
1280	6465	3060
1281	4097	3065
1282	5522	3067
1283	4876	3068
1284	4000	5622
1285	4892	3082
1286	6333	3088
1287	6547	3090
1288	5592	3092
1289	7140	3095
1290	4019	3097
1291	5780	3101
1292	4563	3104
1293	4798	3108
1294	4674	3108
1295	5104	3110
1296	6315	3114
1297	5979	3117
1298	5891	3118
1299	2685	3119
1300	6829	3120
1301	4088	3626
1302	6584	3125
1303	4933	3128
1304	3747	3133
1305	2786	3134
1306	8119	7636
1307	6308	3142
1308	4660	3165
1309	1696	3193
1310	6200	3198
1311	6313	3208
1312	6083	3209
1313	4832	3215
1314	5560	3216
1315	6166	3218
1316	6673	3226
1317	3925	3227
1318	6437	3229
1319	4917	3231
1320	9627	8636
1321	5074	3236
1322	6685	3241
1323	1530	3242
1324	7748	8636
1325	6560	3246
1326	3043	3251
1327	3482	3252
1328	1527	3254
1329	6407	3254
1330	6080	3261
1331	3942	3265
1332	3699	3268
1333	5723	3268
1334	3527	3268
1335	4144	3274
1336	4466	3653
1337	5595	3288
1338	4918	3299
1339	4432	3304
1340	3540	3315
1341	2797	3316
1342	7074	3320
1343	5405	3321
1344	6402	3322
1345	5532	3323
1346	2485	3335
1347	5971	3335
1348	1369	3341
1349	1605	3347
1350	6748	3349
1351	5297	3351
1352	2780	3368
1353	4158	3374
1354	4811	3375
1355	5346	3377
1356	4030	3380
1357	5762	3386
1358	5569	3388
1359	5579	3391
1360	5886	3395
1361	5343	3399
1362	5565	3402
1363	7033	7680
1364	5437	3405
1365	2828	3410
1366	4287	3410
1367	5217	3414
1368	2110	3416
1369	6418	3420
1370	3972	3429
1371	5518	3444
1372	6323	3447
1373	3793	3448
1374	6509	3459
1375	5949	3464
1376	6008	3473
1377	2331	3476
1378	5488	3480
1379	5656	3483
1380	6381	3486
1381	2244	3488
1382	5467	3489
1383	3438	3496
1384	4487	3500
1385	1263	3504
1386	3584	3505
1387	5686	3519
1388	5976	3519
1389	4872	3519
1390	9158	5043
1391	4478	3537
1392	6187	3538
1393	4666	3546
1394	6284	3554
1395	4150	3555
1396	6652	3566
1397	4222	3568
1398	4710	3570
1399	3196	3575
1400	4724	3577
1401	4170	3581
1402	6316	3703
1403	4646	3584
1404	6154	3586
1405	5730	7710
1406	4192	3591
1407	2674	3594
1408	4225	3706
1409	6271	7716
1410	4543	3629
1411	7512	5714
1412	5262	3644
1413	4847	3653
1414	6696	3657
1415	5118	3663
1416	4320	3666
1417	6394	3676
1418	4025	3682
1419	6814	3684
1420	5448	3686
1421	4662	3689
1422	6822	3689
1423	4873	3693
1424	7328	5726
1425	4444	3703
1426	4731	3706
1427	4245	3710
1428	4791	3712
1429	4007	5730
1430	4238	3726
1431	3481	3727
1432	4473	3728
1433	9177	5732
1434	6428	3743
1435	5520	3746
1436	4998	3748
1437	6079	3748
1438	5804	3750
1439	4718	3751
1440	6021	3762
1441	5803	3734
1442	6762	3774
1443	6120	3781
1444	4828	3797
1445	5563	3805
1446	6721	3811
1447	6436	3815
1448	5754	3820
1449	9052	5854
1450	5808	3826
1451	5598	3843
1452	5696	3845
1453	4146	3857
1454	6377	1746
1455	3992	5055
1456	4434	3873
1457	1655	3876
1458	1312	3885
1459	2427	3919
1460	3761	3936
1461	5891	3940
1462	5185	3940
1463	5857	3941
1464	2388	3945
1465	4370	3946
1466	6097	3948
1467	5562	3959
1468	9140	5769
1469	4317	3964
1470	2203	3967
1471	5937	3970
1472	5444	3972
1473	2174	3979
1474	5207	3985
1475	9384	7777
1476	3615	3990
1477	5063	3995
1478	6793	3997
1479	4080	3998
1480	5441	3999
1481	3830	4002
1482	2232	4006
1483	4000	4010
1484	7769	4021
1485	6652	4024
1486	4273	4028
1487	7830	4029
1488	6978	4031
1489	3571	4052
1490	7819	4057
1491	5193	4061
1492	5336	4061
1493	2018	4062
1494	4501	4064
1495	3893	4067
1496	5727	4070
1497	3825	4076
1498	3919	4077
1499	5770	4080
1500	3649	4083
1501	8888	5790
1502	4048	4094
1503	1879	4096
1504	3573	4097
1505	4125	4113
1506	3982	4114
1507	3871	4115
1508	8044	4118
1509	4193	4125
1510	5903	4127
1511	4196	4128
1512	3466	4131
1513	4278	4137
1514	4052	4138
1515	4139	4141
1516	6330	4144
1517	3713	4876
1518	4065	4158
1519	8289	4162
1520	8309	4164
1521	6219	4164
1522	3690	4168
1523	1694	3801
1524	8351	4172
1525	3463	4174
1526	3449	4185
1527	3466	4189
1528	4295	4191
1529	5777	8268
1530	6091	4197
1531	4996	4198
1532	3585	4203
1533	6457	4206
1534	3997	4208
1535	4133	4214
1536	4864	4216
1537	4200	4219
1538	6776	4220
1539	4132	4221
1540	8807	4222
1541	8167	4226
1542	3607	4227
1543	3426	4229
1544	8068	4242
1545	7088	4245
1546	8300	4247
1547	4472	4249
1548	8355	4256
1549	4185	4258
1550	8250	4258
1551	5889	3815
1552	4274	4260
1553	4070	4261
1554	4962	4265
1555	8821	4266
1556	5089	4269
1557	6210	4274
1558	8295	5821
1559	8350	4277
1560	4280	4286
1561	4573	4289
1562	4813	4292
1563	5599	4293
1564	8860	4293
1565	5139	4269
1566	6222	4296
1567	4216	4301
1568	8117	4304
1569	6051	4305
1570	8504	4308
1571	4712	4313
1572	6779	4314
1573	7603	5870
1574	4796	4323
1575	8775	4323
1576	2359	4336
1577	4687	4337
1578	4765	4338
1579	3714	4339
1580	3737	4345
1581	4039	4348
1582	8589	4351
1583	6309	4352
1584	8261	4354
1585	5384	4357
1586	6010	4359
1587	4442	4363
1588	4073	4363
1589	8362	4369
1590	8167	4370
1591	8759	4372
1592	8379	4378
1593	3308	4383
1594	8396	4384
1595	8288	4384
1596	8766	4385
1597	8598	4389
1598	7943	4390
1599	7079	4398
1600	6324	4402
1601	8107	4407
1602	8607	4407
1603	8871	4408
1604	2480	4409
1605	2698	3841
1606	6748	4417
1607	7048	7849
1608	2578	4428
1609	8872	4436
1610	8323	7999
1611	2467	4446
1612	8958	4445
1613	4714	4452
1614	4581	4455
1615	4986	4459
1616	3339	4459
1617	7379	4460
1618	7282	4461
1619	3716	4471
1620	3851	4473
1621	5240	4482
1622	3518	4482
1623	7200	4491
1624	3386	4492
1625	8296	4494
1626	3054	4495
1627	5738	4499
1628	3908	4500
1629	6904	4501
1630	7191	4514
1631	2755	4517
1632	5793	4520
1633	5779	4523
1634	8718	5863
1635	4755	4533
1636	7510	4536
1637	2387	4542
1638	5793	4543
1639	7830	4543
1640	4855	4545
1641	4004	4546
1642	8160	4547
1643	4013	4553
1644	7709	4552
1645	7928	4553
1646	4882	4556
1647	8675	4559
1648	8516	4563
1649	8568	4564
1650	8324	4566
1651	7897	4568
1652	4114	4572
1653	7125	4580
1654	8345	4583
1655	7554	4588
1656	8524	4588
1657	8624	4594
1658	3365	4596
1659	8838	4596
1660	7448	8682
1661	4258	4600
1662	4663	4600
1663	4269	4602
1664	8714	4602
1665	7703	4604
1666	4313	4612
1667	7344	4615
1668	4891	4619
1669	4791	4626
1670	8230	6681
1671	2538	4630
1672	8426	4635
1673	5202	4638
1674	3951	4640
1675	3959	4640
1676	7805	4643
1677	7593	4645
1678	8795	4647
1679	4289	4651
1680	8822	4652
1681	7869	4655
1682	7780	4658
1683	4057	4660
1684	4034	4661
1685	4116	4666
1686	8540	4671
1687	8539	4673
1688	4258	4675
1689	7639	4681
1690	8728	4686
1691	3947	4691
1692	4811	4693
1693	7606	4695
1694	7987	4698
1695	4235	4701
1696	8528	4701
1697	4165	4702
1698	8143	4702
1699	9890	7897
1700	7808	4707
1701	4824	4708
1702	4858	4712
1703	3712	4714
1704	6262	8001
1705	7573	4728
1706	5125	5897
1707	8672	4732
1708	8598	4733
1709	8094	4742
1710	8579	4746
1711	7647	5900
1712	7235	4750
1713	4219	4754
1714	4697	4762
1715	8687	4770
1716	7409	4774
1717	4261	4779
1718	8586	4779
1719	8572	4781
1720	7702	4789
1721	8351	4790
1722	4091	4791
1723	8437	4791
1724	5674	4792
1725	7526	4796
1726	7196	4796
1727	8129	4798
1728	3646	4801
1729	4074	4807
1730	7235	4808
1731	4861	4814
1732	8396	4813
1733	8118	4814
1734	5469	4819
1735	8049	4818
1736	7730	4819
1737	7337	4820
1738	7709	4821
1739	5306	4836
1740	5414	4840
1741	4226	4848
1742	8554	4849
1743	8572	4852
1744	4762	4854
1745	3557	4854
1746	7897	4856
1747	3534	4859
1748	7359	4858
1749	4733	4860
1750	4086	4864
1751	5660	4865
1752	3832	4865
1753	3495	4866
1754	8329	4866
1755	8760	4868
1756	3822	4874
1757	3825	4878
1758	3566	4891
1759	8308	4894
1760	8288	4899
1761	5331	4901
1762	3173	4916
1763	7349	4921
1764	8467	4921
1765	7258	4922
1766	2935	4931
1767	8778	4931
1768	7767	4935
1769	8758	4936
1770	3028	4941
1771	5363	4948
1772	7047	5491
1773	8844	5934
1774	3843	4958
1775	8022	4965
1776	8414	4968
1777	8774	4973
1778	3622	4974
1779	2891	4976
1780	3453	4980
1781	5522	4983
1782	4123	4988
1783	3969	4991
1784	3726	4994
1785	8835	4997
1786	7280	4999
1787	5498	5010
1788	9001	5010
1789	8203	5017
1790	4547	5018
1791	8090	5019
1792	9077	5021
1793	7903	5026
1794	5472	5035
1795	7037	5036
1796	4234	5038
1797	7084	5038
1798	8181	5038
1799	9054	5039
1800	3587	5041
1801	5878	5044
1802	2956	5046
1803	5304	5052
1804	7921	5052
1805	3953	5055
1806	3734	3949
1807	4066	5059
1808	7545	5060
1809	8101	5063
1810	8184	5067
1811	8873	5895
1812	4689	5072
1813	8600	5073
1814	5526	5075
1815	3979	5076
1816	7806	5081
1817	8952	5085
1818	9026	5087
1819	8107	5088
1820	8166	5093
1821	9043	5097
1822	7241	5098
1823	4114	5099
1824	8691	5101
1825	8896	5101
1826	7031	5106
1827	9100	5109
1828	4654	5111
1829	8639	5112
1830	3517	5121
1831	5068	3959
1832	7170	5123
1833	4050	5126
1834	4555	5128
1835	4553	5130
1836	3580	5134
1837	5777	5139
1838	8391	5141
1839	4685	5143
1840	3213	5144
1841	3161	5145
1842	8122	5151
1843	9464	5968
1844	7217	5156
1845	3208	5165
1846	8138	5165
1847	6997	5170
1848	8260	5170
1849	2758	5175
1850	3564	5177
1851	8623	5183
1852	5121	5184
1853	9081	5186
1854	7776	5974
1855	4273	5194
1856	7027	5196
1857	9245	5197
1858	9059	5202
1859	8683	5205
1860	8434	5208
1861	7603	5212
1862	8872	5212
1863	3556	5216
1864	4609	5220
1865	5167	5222
1866	7790	5223
1867	8752	5227
1868	8422	5229
1869	4171	5231
1870	5087	5232
1871	7611	5240
1872	7094	5241
1873	8507	5241
1874	7015	5244
1875	4294	5250
1876	3115	5251
1877	8622	5252
1878	5178	5255
1879	4045	5259
1880	8198	5259
1881	7295	5262
1882	4142	5263
1883	8361	5264
1884	7837	4967
1885	7630	5267
1886	5210	5268
1887	7413	5272
1888	8030	5272
1889	7478	4403
1890	3745	5273
1891	9070	5285
1892	3768	5288
1893	8471	5299
1894	8076	5300
1895	4185	5301
1896	8697	5302
1897	5211	5307
1898	7391	5309
1899	7287	5315
1900	8331	5316
1901	4009	5319
1902	8627	5318
1903	7094	5324
1904	6555	8000
1905	3004	5328
1906	8605	5330
1907	6967	5332
1908	3092	5335
1909	7746	5334
1910	7955	5339
1911	4298	5343
1912	3492	5347
1913	4226	5348
1914	6979	5348
1915	3667	4304
1916	6272	8005
1917	5268	5356
1918	8845	5356
1919	5519	5365
1920	4278	5366
1921	8036	5366
1922	3447	5370
1923	8416	5377
1924	7808	5377
1925	7688	5379
1926	3806	5387
1927	8544	5387
1928	8847	5392
1929	8862	6008
1930	8011	5394
1931	9085	5395
1932	8338	4305
1933	7229	5399
1934	5040	5404
1935	7609	5409
1936	7582	5410
1937	7358	5412
1938	7564	5413
1939	7244	8015
1940	8058	5415
1941	7925	5417
1942	4965	4009
1943	3964	5420
1944	7543	5420
1945	4232	5425
1946	8735	5424
1947	7053	5428
1948	7969	5431
1949	7590	5433
1950	7752	5433
1951	3920	5435
1952	3742	5438
1953	7942	5440
1954	8695	5447
1955	5176	5450
1956	8040	5452
1957	8348	5452
1958	4025	5455
1959	9184	5456
1960	5049	5458
1961	7757	5460
1962	8869	5464
1963	8756	6020
1964	5051	5483
1965	6959	5483
1966	4270	5484
1967	9213	5485
1968	5694	5489
1969	7091	5492
1970	7888	5496
1971	6871	5499
1972	6898	5506
1973	4331	5508
1974	7108	5509
1975	4106	5510
1976	5102	5512
1977	9257	5519
1978	3934	5520
1979	9261	5521
1980	8304	5536
1981	8015	5539
1982	8436	5539
1983	7799	5542
1984	3817	5544
1985	8714	5544
1986	7855	5546
1987	8294	5553
1988	4061	5555
1989	9377	5511
1990	8890	5560
1991	3931	5571
1992	7067	5571
1993	4605	5579
1994	7774	5580
1995	7520	5591
1996	6882	5592
1997	7807	5596
1998	4041	5598
1999	8031	5598
2000	9408	6042
2001	7124	5601
2002	8092	5604
2003	2900	5607
2004	7609	5608
2005	9189	5611
2006	7494	5612
2007	8096	5615
2008	7207	5615
2009	8138	5622
2010	7149	5627
2011	7537	5629
2012	9158	5630
2013	6941	5631
2014	7827	5631
2015	4280	5641
2016	7777	5643
2017	7124	5654
2018	7621	5654
2019	8469	5673
2020	7654	5673
2021	7675	5674
2022	7505	5677
2023	9095	5681
2024	9617	5686
2025	8467	5690
2026	4430	5694
2027	9425	5698
2028	8101	5703
2029	8576	5708
2030	7770	5710
2031	4004	5711
2032	8767	5715
2033	7917	5717
2034	9142	5731
2035	9126	6064
2036	8137	5733
2037	7435	5735
2038	9046	5737
2039	8399	5740
2040	7116	5748
2041	6930	5759
2042	8185	5763
2043	7704	5769
2044	6993	5774
2045	8256	5780
2046	9343	5784
2047	6830	5785
2048	7768	5785
2049	7667	5788
2050	6798	5790
2051	7501	5798
2052	7126	5799
2053	6759	5803
2054	7002	5805
2055	9436	5806
2056	5249	5809
2057	7333	5810
2058	7843	5815
2059	7710	5816
2060	3290	5818
2061	7674	5818
2062	8791	5821
2063	8813	5826
2064	8976	5827
2065	5471	8084
2066	9304	6080
2067	7748	5833
2068	5441	3519
2069	3278	5841
2070	7820	5849
2071	7428	5849
2072	7781	5854
2073	9274	5859
2074	8732	5865
2075	9166	5866
2076	7496	5870
2077	9431	5879
2078	9663	5881
2079	3440	5883
2080	8804	5885
2081	9185	5887
2082	9297	5891
2083	7480	5892
2084	5176	5898
2085	9020	5898
2086	8937	5900
2087	7469	5903
2088	8376	5904
2089	9034	5908
2090	9158	5910
2091	8366	5913
2092	8935	5914
2093	9227	5923
2094	8294	5930
2095	7534	5934
2096	7504	5935
2097	7775	5937
2098	7833	5941
2099	8835	5944
2100	7109	5952
2101	8955	5956
2102	7738	5958
2103	8417	5962
2104	5707	5975
2105	9011	5976
2106	5834	8110
2107	6935	5984
2108	9129	5984
2109	8965	6106
2110	5788	4103
2111	7848	5988
2112	8714	5990
2113	9608	5997
2114	7070	6001
2115	9480	6004
2116	6814	7928
2117	3434	6012
2118	8191	6015
2119	8805	6020
2120	7779	6022
2121	9402	6023
2122	5784	6029
2123	8561	6032
2124	8939	6032
2125	7713	6033
2126	7654	6035
2127	3424	6249
2128	9097	6036
2129	9455	6044
2130	6495	8121
2131	3430	6052
2132	8440	6055
2133	8907	6056
2134	4242	6059
2135	9012	6059
2136	9203	6060
2137	7938	6062
2138	8162	6066
2139	7265	6070
2140	9178	6073
2141	4177	6076
2142	4276	6082
2143	3532	6083
2144	5919	6090
2145	9056	6091
2146	9193	6091
2147	6002	6094
2148	9510	6096
2149	9527	6099
2150	9370	6102
2151	8199	6105
2152	7949	6106
2153	9004	6108
2154	8511	6108
2155	7656	6109
2156	9541	6110
2157	8239	6114
2158	4270	6121
2159	7437	9132
2160	8900	6130

REQUESTS = 2500
1	1215	62	65	3	1	2
2	401	48	51	3	3	3
3	2122	47	49	3	1	1
4	348	44	45	2	3	3
5	254	32	34	1	3	2
6	287	36	39	2	1	1
7	588	55	57	1	1	2
8	803	64	66	3	1	2
9	527	48	51	2	3	3
10	664	19	22	1	1	1
11	1822	14	16	2	2	1
12	770	60	62	1	1	2
13	155	8	9	2	2	1
14	178	30	31	3	1	2
15	1563	31	33	2	2	1
16	396	8	9	1	2	1
17	1320	62	63	1	3	1
18	1837	40	43	1	1	1
19	659	29	30	3	1	1
20	283	51	54	1	1	1
21	1177	62	63	2	3	2
22	1391	27	29	2	2	1
23	1590	23	25	1	2	1
24	296	45	46	3	2	1
25	1315	36	37	3	3	3
26	851	58	59	3	3	1
27	1627	20	21	1	2	2
28	146	5	6	2	2	1
29	1083	4	5	3	1	1
30	854	8	10	2	1	1
31	2150	62	64	1	1	2
32	1778	63	65	3	2	1
33	267	23	25	3	1	1
34	109	61	63	1	3	1
35	1080	14	15	3	3	3
36	1261	64	65	3	3	1
37	974	25	28	3	3	2
38	1402	12	15	3	1	2
39	1859	17	20	3	1	1
40	1384	46	47	2	3	3
41	1342	60	63	3	3	1
42	1713	2	4	1	2	1
43	1881	27	30	1	2	2
44	1144	4	5	1	3	3
45	1657	60	61	3	1	1
46	1399	45	48	1	3	1
47	143	49	52	3	3	3
48	353	34	35	1	2	2
49	1042	63	64	1	2	2
50	988	58	59	1	2	2
51	2	68	70	2	2	1
52	2013	37	40	3	2	2
53	1681	14	15	2	3	2
54	907	50	51	1	2	1
55	1148	71	74	1	1	1
56	1377	37	39	3	3	1
57	1307	33	36	3	3	2
58	1143	71	73	1	1	1
59	2147	16	18	1	1	1
60	1187	13	14	1	3	2
61	720	9	11	1	3	1
62	1677	33	36	2	1	1
63	1336	60	63	3	2	2
64	885	67	69	1	3	3
65	855	41	42	1	3	1
66	2058	40	42	2	2	1
67	1343	1	3	2	1	2
68	405	67	70	2	2	1
69	1256	12	14	2	1	2
70	365	9	11	2	1	1
71	124	2	3	3	1	1
72	777	42	43	1	3	1
73	610	57	60	2	3	3
74	1097	33	36	3	3	3
75	2097	33	34	2	2	1
76	808	68	69	2	3	1
77	552	1	4	1	3	1
78	157	42	43	2	3	3
79	420	43	44	2	3	1
80	1370	68	71	2	1	1
81	673	55	58	2	3	2
82	1348	12	15	3	2	1
83	1809	67	70	2	2	1
84	182	46	48	3	1	2
85	1230	8	11	3	1	2
86	1682	7	8	2	3	1
87	323	39	40	1	2	1
88	274	68	69	1	3	3
89	1439	16	19	2	2	1
90	790	68	70	1	3	1
91	1735	32	34	1	2	1
92	2144	22	24	3	1	2
93	751	61	64	2	1	2
94	682	42	43	3	2	1
95	2010	35	37	2	2	1
96	873	48	50	1	1	1
97	965	33	34	3	2	2
98	394	46	49	3	3	2
99	1866	23	24	2	3	1
100	1566	44	46	3	3	1
101	1513	8	10	3	2	1
102	1116	12	13	3	2	2
103	1841	3	6	2	3	1
104	1987	14	16	2	2	1
105	2153	5	6	1	2	2
106	705	55	57	1	1	2
107	582	18	20	2	1	1
108	533	61	63	1	2	2
109	381	57	60	3	3	3
110	1032	24	25	2	1	2
111	1428	19	21	2	1	2
112	41	43	44	3	1	1
113	817	35	38	3	3	3
114	605	48	51	2	2	2
115	1286	42	44	1	2	1
116	1913	21	23	3	3	1
117	1096	63	66	1	1	2
118	284	34	35	2	1	2
119	639	13	15	3	1	2
120	1584	23	25	3	1	2
121	1930	43	46	3	1	2
122	818	68	69	1	3	2
123	700	32	33	2	1	1
124	170	41	43	1	1	1
125	1435	44	47	1	3	1
126	1332	14	17	3	1	2
127	232	8	10	3	3	2
128	795	11	14	1	2	2
129	995	13	14	2	2	2
130	1108	5	6	1	3	1
131	1306	45	48	3	2	1
132	1784	58	61	3	2	2
133	2078	57	59	2	1	2
134	941	29	31	1	2	2
135	1106	13	15	3	3	3
136	419	66	67	3	1	1
137	868	23	26	1	2	1
138	1037	2	4	2	2	1
139	355	43	44	2	1	1
140	22	23	26	1	3	2
141	154	37	39	3	1	1
142	498	60	63	3	3	2
143	56	52	53	1	3	1
144	1092	9	10	3	1	1
145	1002	34	35	2	2	1
146	1712	26	27	3	3	2
147	2001	9	11	2	2	1
148	1145	36	37	3	3	3
149	1508	34	37	2	2	1
150	303	65	68	3	2	2
151	1019	67	69	2	2	1
152	787	61	64	3	2	2
153	630	34	35	1	3	3
154	1556	59	62	3	2	1
155	329	34	37	2	1	1
156	343	53	55	2	3	2
157	898	8	11	3	2	2
158	186	67	70	1	3	1
159	800	1	2	3	1	2
160	320	56	58	2	2	1
161	611	67	69	1	1	2
162	2029	14	17	3	1	1
163	583	58	60	1	2	2
164	765	36	38	2	1	2
165	1891	12	15	2	3	1
166	1745	51	54	2	3	2
167	1151	1	4	3	2	2
168	1160	32	34	2	1	1
169	1569	33	34	1	1	1
170	1216	18	21	1	1	2
171	1797	46	49	3	1	1
172	828	62	65	1	2	2
173	1105	13	15	2	3	2
174	2072	33	36	1	3	2
175	185	31	32	2	2	2
176	585	6	7	2	1	1
177	42	58	60	3	3	1
178	1988	36	38	2	3	2
179	1910	31	34	3	2	2
180	1739	47	49	1	2	1
181	1610	42	43	2	1	2
182	485	3	5	2	2	1
183	220	49	50	2	1	1
184	281	5	7	3	2	1
185	139	12	15	2	1	2
186	607	3	4	2	1	2
187	709	3	6	2	3	2
188	114	35	36	3	3	1
189	1345	30	31	1	3	3
190	1552	8	11	1	1	1
191	1729	38	39	1	2	1
192	652	60	61	3	3	3
193	1057	63	65	2	3	2
194	1271	2	5	1	3	2
195	987	4	7	2	3	2
196	703	10	11	1	1	1
197	1809	57	59	2	2	2
198	1526	20	21	2	1	2
199	466	47	49	1	1	2
200	1196	2	4	3	3	3
201	1701	46	47	2	1	1
202	381	11	14	1	1	2
203	503	16	18	2	2	1
204	772	5	7	3	1	1
205	1811	4	5	3	1	1
206	418	9	12	1	1	1
207	1928	6	9	2	2	1
208	2002	70	71	3	1	1
209	745	17	19	2	2	1
210	526	1	2	2	1	1
211	16	51	53	3	1	1
212	1001	58	61	3	1	2
213	1556	62	65	3	3	2
214	1963	63	64	1	2	2
215	691	43	46	3	3	1
216	581	47	48	1	3	3
217	1839	20	23	2	2	2
218	1952	61	63	2	2	2
219	2129	5	6	3	3	1
220	1346	58	61	1	3	1
221	65	68	69	2	3	1
222	52	65	68	3	3	1
223	1854	52	55	3	2	1
224	1099	72	73	2	2	2
225	707	45	47	2	1	2
226	555	29	31	3	2	2
227	1369	47	48	1	3	1
228	752	43	46	1	3	3
229	460	24	27	2	3	2
230	453	70	72	1	2	1
231	315	35	37	1	3	2
232	2005	21	22	2	3	3
233	1418	37	39	3	1	1
234	111	36	37	2	1	2
235	183	31	33	1	3	3
236	1678	5	8	2	1	2
237	788	47	50	2	1	1
238	713	61	63	2	2	1
239	73	15	16	3	1	2
240	2069	18	20	2	2	1
241	1304	19	20	3	2	2
242	1967	38	40	3	1	2
243	258	6	8	2	3	2
244	331	63	65	3	2	2
245	421	43	46	2	3	2
246	1067	71	73	2	1	1
247	415	47	50	3	2	1
248	1408	69	71	3	3	2
249	1031	52	54	2	1	2
250	537	30	32	3	2	1
251	115	65	66	1	2	2
252	1002	30	31	2	1	1
253	2132	33	34	2	1	1
254	1594	60	61	2	3	1
255	1207	25	26	3	3	2
256	1231	48	50	2	3	3
257	365	65	68	3	2	1
258	1686	17	18	3	3	3
259	1544	28	30	3	2	2
260	1292	58	61	2	1	1
261	2150	19	20	2	3	1
262	2146	13	15	2	2	1
263	545	55	58	3	3	2
264	2135	36	38	1	2	2
265	1535	42	44	2	3	3
266	1176	12	15	1	2	2
267	1521	33	36	1	2	1
268	609	11	14	1	1	2
269	2032	13	14	3	1	1
270	1555	50	51	2	3	3
271	1821	46	48	3	3	3
272	626	18	20	2	1	1
273	811	64	66	1	1	1
274	162	36	39	2	3	1
275	407	38	39	2	1	1
276	541	42	44	1	3	1
277	1221	41	43	2	3	1
278	102	4	5	3	3	1
279	1226	8	9	2	1	1
280	892	56	57	2	1	1
281	2084	39	41	1	2	2
282	1334	65	67	2	3	1
283	510	57	60	1	3	1
284	745	35	38	1	3	1
285	1741	22	25	3	3	3
286	1422	55	58	3	2	1
287	320	37	39	3	3	2
288	1210	30	31	1	2	1
289	507	29	32	1	1	2
290	1787	19	21	2	1	1
291	677	19	21	1	2	1
292	625	33	36	2	3	3
293	543	21	23	2	3	3
294	44	61	62	3	3	1
295	1879	1	2	2	3	3
296	655	25	26	3	2	1
297	1024	50	51	1	2	1
298	754	54	55	1	1	2
299	1793	46	48	1	2	2
300	6	35	38	2	1	2
301	1433	6	9	2	1	2
302	29	38	40	2	1	1
303	1432	54	56	2	3	1
304	839	2	4	3	3	3
305	823	17	20	3	3	3
306	2075	63	65	3	2	2
307	784	71	72	1	3	2
308	979	24	27	2	1	1
309	1849	39	40	3	1	1
310	317	5	8	3	2	2
311	1774	48	51	3	2	1
312	2154	55	56	3	3	1
313	517	48	50	2	2	1
314	246	61	63	2	2	2
315	2011	10	11	1	3	1
316	894	52	53	3	1	2
317	13	41	44	1	1	2
318	1157	54	57	2	3	2
319	1777	21	23	3	3	1
320	47	18	20	3	1	1
321	563	14	17	1	1	2
322	983	18	21	2	2	2
323	1180	56	59	1	3	2
324	1634	23	25	1	2	2
325	12	52	54	3	2	2
326	799	30	31	1	1	1
327	628	64	65	1	3	3
328	1397	44	47	2	1	2
329	1339	31	32	3	2	2
330	602	6	7	2	3	3
331	1525	40	41	3	1	1
332	208	6	8	3	3	3
333	1628	50	51	3	3	2
334	187	30	31	2	2	2
335	1383	40	41	3	1	1
336	1826	43	46	1	2	1
337	268	38	39	2	2	2
338	2064	58	60	1	1	1
339	1359	56	57	1	1	1
340	786	58	61	3	3	3
341	1734	63	64	1	3	1
342	1848	47	49	2	3	1
343	1451	19	21	2	2	2
344	80	55	58	3	2	1
345	136	56	59	3	2	2
346	390	34	36	2	3	2
347	450	9	11	2	3	3
348	1069	22	23	3	2	1
349	131	9	10	1	2	1
350	90	36	39	2	3	3
351	994	45	46	3	3	3
352	1142	23	25	1	2	1
353	841	47	50	1	3	1
354	890	62	65	2	1	1
355	437	36	38	2	1	2
356	1639	68	71	1	1	1
357	1368	43	44	1	1	2
358	876	45	48	2	3	3
359	1799	11	13	2	3	3
360	1158	12	15	3	1	1
361	608	61	62	2	3	1
362	1267	22	24	1	1	2
363	676	43	45	1	1	1
364	1516	67	69	3	3	3
365	1970	12	13	2	3	3
366	643	10	13	2	2	2
367	779	64	66	3	1	2
368	686	33	36	2	3	2
369	1101	24	26	1	3	1
370	544	26	27	3	2	1
371	1437	63	65	1	3	1
372	160	18	21	2	2	1
373	1679	41	44	1	3	3
374	792	59	60	2	2	1
375	567	35	37	2	3	2
376	73	32	33	3	1	1
377	930	44	47	1	3	1
378	294	63	64	1	2	2
379	2085	54	56	2	2	2
380	101	4	7	3	3	3
381	1749	66	67	3	1	2
382	1588	38	40	1	3	2
383	271	27	29	3	1	2
384	89	6	7	3	2	2
385	576	57	59	1	3	2
386	1776	22	24	2	3	2
387	1869	28	30	3	2	1
388	927	16	18	2	2	2
389	793	56	57	2	1	1
390	477	41	42	1	1	1
391	665	71	72	3	3	1
392	1860	41	43	3	2	2
393	917	56	59	2	1	2
394	1203	42	45	3	2	1
395	974	5	6	1	2	2
396	431	40	43	1	3	3
397	1144	27	30	1	3	2
398	1698	43	44	3	2	2
399	1404	11	12	2	2	2
400	1411	57	60	1	3	3
401	1398	70	71	2	2	1
402	1518	3	6	2	1	1
403	371	70	73	1	2	2
404	1171	40	41	2	3	2
405	176	30	33	3	2	1
406	1058	40	42	2	2	2
407	1005	35	38	3	2	1
408	161	16	19	2	2	1
409	235	14	17	1	3	2
410	1251	26	29	2	3	2
411	1505	18	20	3	1	2
412	1369	32	35	1	3	3
413	138	52	54	3	1	1
414	871	43	44	2	2	2
415	1392	26	29	3	2	2
416	555	61	62	3	1	1
417	134	39	40	1	2	1
418	4	25	28	1	3	3
419	1708	65	68	3	3	2
420	1667	16	19	2	1	1
421	1984	13	16	3	1	1
422	1363	65	68	1	3	3
423	940	22	25	2	2	1
424	51	55	56	1	1	1
425	780	35	38	1	2	1
426	1850	26	28	1	1	2
427	1542	33	35	3	1	2
428	104	40	43	1	2	1
429	1100	57	60	1	3	1
430	48	26	29	2	1	1
431	928	20	21	3	2	2
432	1270	67	69	2	3	2
433	1442	28	30	1	2	1
434	1597	42	44	3	3	3
435	1565	2	4	2	3	3
436	1753	37	40	2	1	2
437	2022	53	54	2	1	1
438	785	42	44	1	2	2
439	442	45	47	3	3	1
440	1056	46	47	2	2	2
441	380	41	44	1	2	1
442	773	4	6	2	3	1
443	1103	54	56	2	1	2
444	1179	18	21	1	3	2
445	1872	69	72	1	1	1
446	1423	41	44	1	1	2
447	1063	34	36	2	2	1
448	446	15	18	1	3	2
449	1620	47	49	2	1	2
450	1001	35	37	3	1	2
451	2081	60	63	3	3	1
452	2048	45	47	1	1	2
453	1189	9	10	1	2	1
454	197	26	28	2	1	1
455	262	37	39	3	2	1
456	931	43	44	2	1	2
457	1909	6	8	1	1	1
458	656	37	39	1	2	1
459	631	1	4	2	1	1
460	1761	44	47	2	2	2
461	2021	22	23	1	1	2
462	695	23	26	1	1	1
463	2136	4	5	2	2	1
464	579	34	37	2	3	2
465	1533	44	45	3	1	1
466	1128	56	57	1	3	1
467	1648	61	62	2	3	2
468	1041	69	72	3	3	2
469	516	24	25	2	3	2
470	1130	53	55	1	3	2
471	1801	1	4	2	1	2
472	1165	35	37	1	2	2
473	2004	26	27	2	2	1
474	938	12	13	1	2	2
475	1120	28	29	2	1	1
476	848	57	60	1	1	2
477	1351	68	69	1	1	2
478	1311	68	71	3	2	1
479	204	20	23	1	2	1
480	1690	59	62	1	3	2
481	2116	49	51	3	3	2
482	1992	55	57	1	2	1
483	1239	57	60	2	3	2
484	1480	44	45	3	3	3
485	897	19	21	1	3	1
486	905	16	17	2	1	2
487	1365	34	36	2	2	1
488	1262	71	72	3	2	1
489	2016	9	10	1	1	2
490	54	44	45	2	1	1
491	1313	52	55	2	1	2
492	1431	16	17	1	3	1
493	57	50	52	2	1	1
494	473	54	55	3	2	1
495	376	54	56	2	2	2
496	723	63	65	2	2	1
497	364	68	71	3	3	1
498	1908	38	41	2	2	2
499	916	51	52	1	3	3
500	2061	18	20	2	1	2
501	937	67	70	3	3	3
502	478	17	20	2	1	1
503	939	2	4	1	3	1
504	64	56	59	2	2	2
505	88	30	31	1	2	1
506	1726	34	37	2	2	2
507	1911	36	37	1	3	1
508	559	37	40	2	1	2
509	1842	68	70	3	2	1
510	1234	1	4	3	1	2
511	642	26	27	2	3	3
512	1592	62	64	3	3	2
513	1124	67	68	2	3	1
514	240	57	59	2	2	2
515	1763	18	21	3	1	1
516	1571	26	29	2	3	2
517	504	19	21	2	2	2
518	2006	8	10	3	1	1
519	787	22	25	1	1	1
520	2099	30	31	3	1	1
521	2033	30	33	1	1	1
522	698	55	57	1	2	1
523	509	28	31	3	3	2
524	1373	33	34	1	2	1
525	1766	25	28	2	2	1
526	825	7	8	1	1	1
527	45	39	41	1	2	2
528	910	42	45	2	1	2
529	740	40	43	1	2	1
530	1012	4	6	3	3	1
531	1537	54	55	3	3	2
532	94	55	56	3	2	2
533	1582	49	51	1	1	1
534	708	10	13	1	3	1
535	199	19	21	2	2	1
536	893	51	52	2	2	2
537	518	29	30	1	3	3
538	589	25	28	1	1	2
539	1554	64	66	1	1	2
540	1264	65	68	1	2	2
541	151	15	16	2	3	2
542	875	58	61	2	3	3
543	1400	32	33	1	3	3
544	361	32	34	2	3	1
545	1663	26	27	2	2	2
546	1281	64	67	3	2	1
547	1940	70	72	2	2	2
548	557	8	10	1	2	2
549	2036	17	19	3	3	1
550	108	50	53	2	1	1
551	1587	45	48	1	2	2
552	180	46	48	2	2	2
553	1059	65	68	2	3	2
554	1269	66	69	3	3	3
555	1129	32	34	3	2	1
556	1100	6	9	1	1	2
557	593	45	48	3	1	2
558	1193	1	2	2	2	2
559	81	11	13	1	2	1
560	1458	18	20	2	2	2
561	1513	18	21	2	1	1
562	2065	73	74	1	2	1
563	1204	8	11	1	1	2
564	1163	63	66	2	2	1
565	1255	12	14	2	2	2
566	1031	9	10	1	3	2
567	587	67	70	3	2	1
568	1702	29	31	1	2	2
569	1798	28	29	1	1	2
570	1924	38	40	1	2	1
571	558	16	18	2	2	2
572	1497	23	24	1	1	1
573	929	22	23	1	2	2
574	1423	56	58	2	3	3
575	1801	39	40	2	2	2
576	1846	35	36	1	1	1
577	809	12	14	2	2	2
578	1441	51	54	3	2	2
579	611	12	15	2	2	2
580	1924	45	46	3	3	3
581	1830	14	15	1	3	3
582	268	10	13	3	2	1
583	846	43	46	1	1	1
584	1156	3	4	3	2	2
585	2023	34	36	1	1	1
586	423	60	61	3	2	1
587	1512	10	11	2	3	1
588	2071	73	74	1	2	2
589	1195	22	25	2	3	1
590	1704	5	7	1	1	1
591	135	70	73	2	1	2
592	1541	9	11	3	1	1
593	1413	41	43	2	1	2
594	702	4	7	1	2	1
595	1907	51	54	1	1	2
596	1310	53	54	1	1	1
597	247	46	49	2	3	3
598	984	36	39	3	1	1
599	284	51	52	2	1	2
600	1438	2	4	3	2	2
601	1740	20	23	1	2	1
602	432	71	74	1	1	2
603	834	41	43	3	1	2
604	1826	29	31	2	3	1
605	1733	42	43	1	3	2
606	1371	33	36	3	2	1
607	164	38	40	1	2	2
608	1564	22	24	2	1	2
609	2103	9	12	3	2	2
610	1042	55	57	2	1	1
611	1018	6	8	1	1	2
612	1674	12	15	1	3	2
613	470	40	41	1	1	1
614	604	58	61	2	1	2
615	1333	14	16	3	2	2
616	2130	59	60	2	2	2
617	1240	21	24	1	3	3
618	827	33	36	2	3	2
619	1405	23	24	3	2	2
620	1081	25	27	1	2	1
621	169	54	55	1	1	2
622	148	12	13	3	3	1
623	1430	29	30	2	1	2
624	175	51	54	1	3	3
625	476	25	28	1	1	1
626	986	72	73	2	1	1
627	1279	55	57	1	3	2
628	1033	65	68	2	3	3
629	1684	7	9	2	2	2
630	991	42	43	3	1	1
631	816	42	44	3	2	1
632	1118	35	38	2	2	2
633	1462	31	33	3	3	3
634	1517	70	72	3	2	2
635	1138	4	6	1	2	2
636	305	28	31	1	2	1
637	1572	24	27	2	2	2
638	129	41	44	2	3	2
639	318	14	15	3	2	2
640	1368	66	67	2	3	1
641	1678	44	45	3	3	3
642	483	60	62	1	3	3
643	836	39	42	1	3	2
644	918	13	14	3	1	2
645	933	58	61	1	2	1
646	322	35	37	3	1	1
647	521	53	54	1	3	3
648	1484	2	3	3	1	1
649	1241	30	31	1	3	3
650	1039	2	4	2	2	2
651	1072	58	59	1	2	2
652	1728	10	12	2	1	1
653	439	22	25	3	2	2
654	1989	18	20	2	3	3
655	2139	47	48	1	1	2
656	1931	33	35	1	3	1
657	1919	62	65	1	3	1
658	417	70	71	3	1	1
659	447	42	45	3	2	2
660	874	58	60	3	3	2
661	775	8	9	1	3	2
662	172	23	25	3	3	2
663	942	11	12	2	2	2
664	1789	61	62	1	1	2
665	992	41	44	3	2	1
666	377	45	47	2	1	2
667	1896	59	62	1	2	1
668	963	20	21	1	2	1
669	1868	70	71	3	3	1
670	155	21	24	3	3	2
671	926	71	72	1	2	1
672	1596	1	4	2	1	1
673	884	70	73	1	3	2
674	1336	43	46	2	2	1
675	980	63	64	2	2	2
676	1942	66	67	1	1	1
677	193	67	70	2	3	2
678	1990	3	4	1	2	2
679	1291	6	9	3	3	2
680	1189	34	36	1	3	2
681	328	59	62	3	1	1
682	1131	65	66	2	1	2
683	2131	65	67	3	2	1
684	214	49	52	1	2	2
685	1183	20	22	2	2	1
686	1393	47	49	2	2	1
687	1449	32	35	3	2	2
688	1538	70	73	2	2	2
689	1426	17	19	3	2	2
690	1295	71	73	2	2	2
691	1654	52	55	1	2	2
692	1840	60	62	2	2	1
693	1581	35	36	1	1	2
694	1663	10	13	1	2	2
695	815	5	7	3	1	1
696	106	66	69	1	2	1
697	1190	3	6	3	3	2
698	908	48	49	2	2	1
699	264	52	54	3	3	1
700	1645	16	17	1	2	1
701	2053	21	24	1	3	3
702	1317	57	59	3	2	2
703	856	17	20	1	3	2
704	1179	40	41	3	3	1
705	689	10	11	1	3	3
706	1108	43	44	3	2	1
707	354	27	29	2	2	2
708	184	52	54	1	2	1
709	469	33	36	3	2	2
710	1499	67	69	3	1	1
711	456	33	36	2	3	1
712	1737	68	70	1	1	2
713	78	65	67	2	1	2
714	772	1	2	1	2	1
715	1445	53	54	3	2	2
716	1785	62	63	2	3	3
717	1011	30	32	3	3	2
718	1886	29	31	1	1	1
719	1020	65	68	3	3	1
720	1403	26	27	3	2	1
721	1851	39	42	1	3	3
722	727	13	16	3	3	1
723	69	65	67	3	3	3
724	1719	26	27	2	3	1
725	718	68	71	3	1	1
726	1388	1	4	2	1	2
727	969	48	49	2	1	2
728	1243	39	41	1	2	2
729	2108	27	29	1	1	1
730	600	18	21	1	3	1
731	240	71	73	1	1	2
732	1895	62	64	3	3	1
733	1054	71	74	1	2	2
734	373	18	21	3	1	2
735	692	23	24	1	1	1
736	1752	18	19	2	1	1
737	368	26	29	3	2	1
738	1229	3	6	1	3	3
739	346	48	51	3	3	3
740	1309	36	38	2	3	2
741	1546	65	66	1	3	3
742	302	53	54	3	2	1
743	1470	45	48	2	3	2
744	1702	44	46	2	1	1
745	2091	16	18	1	3	3
746	202	13	14	3	1	1
747	182	67	69	3	3	1
748	1421	5	7	2	3	1
749	1394	61	62	2	3	3
750	1726	40	42	1	3	3
751	238	68	71	2	2	2
752	1545	42	43	3	3	2
753	1921	61	63	1	3	2
754	2140	32	33	1	3	3
755	1098	45	46	1	2	2
756	1662	55	57	1	1	2
757	221	60	63	1	3	1
758	2134	61	64	2	3	1
759	1646	19	22	2	1	2
760	228	10	11	2	3	2
761	2061	5	6	2	2	1
762	2120	2	4	2	3	2
763	482	29	30	1	1	1
764	587	62	63	2	1	2
765	1688	31	33	1	1	1
766	468	31	34	2	3	1
767	1550	48	49	1	2	2
768	951	49	52	3	1	1
769	547	51	53	1	2	2
770	1490	32	33	2	1	1
771	1095	4	7	3	1	1
772	736	3	4	2	3	1
773	1706	32	35	3	2	1
774	225	57	59	1	1	1
775	206	63	64	1	1	1
776	629	56	58	2	2	2
777	812	6	9	2	2	2
778	1983	65	66	3	2	1
779	623	44	45	1	3	3
780	1615	6	7	2	3	3
781	798	29	32	2	1	2
782	1946	56	59	1	3	2
783	1803	45	47	3	2	2
784	375	14	17	1	2	2
785	952	56	57	1	3	2
786	765	11	14	2	2	2
787	2094	47	48	1	1	1
788	728	67	70	2	1	2
789	1005	16	18	1	2	1
790	594	57	58	2	1	1
791	1223	5	7	3	1	1
792	399	57	59	2	1	1
793	163	17	20	2	1	1
794	32	11	13	2	3	1
795	772	8	9	3	2	1
796	1861	63	64	2	3	3
797	819	63	64	3	1	1
798	1178	6	8	1	1	2
799	810	15	16	2	2	1
800	1816	69	71	2	2	1
801	1197	66	68	3	2	1
802	1117	7	8	3	2	2
803	736	39	42	1	1	2
804	1624	1	4	2	1	2
805	1222	66	68	2	3	3
806	1902	20	23	1	2	1
807	1387	10	12	3	3	3
808	869	40	43	3	3	2
809	1009	51	53	2	2	1
810	32	28	31	1	3	2
811	132	7	8	2	3	1
812	1534	53	56	1	1	2
813	2049	52	53	3	1	1
814	685	2	3	3	1	1
815	1251	48	49	2	3	2
816	1827	34	36	1	3	1
817	2155	53	56	1	2	1
818	1299	20	22	2	1	1
819	2	26	28	3	2	1
820	1818	54	55	1	2	1
821	369	43	44	3	3	2
822	2001	59	60	2	2	2
823	1334	55	56	3	3	1
824	820	56	58	3	3	1
825	471	43	46	3	1	1
826	1199	13	15	2	3	3
827	244	60	61	3	3	1
828	8	48	50	1	2	1
829	514	41	44	2	1	2
830	1112	66	67	2	3	2
831	506	63	66	2	3	3
832	1008	51	53	1	1	2
833	733	23	26	1	2	1
834	1111	2	4	3	3	1
835	316	43	46	2	1	1
836	764	15	18	3	1	1
837	548	57	60	2	2	2
838	831	45	46	3	2	2
839	1889	26	28	3	3	2
840	1730	55	57	1	3	3
841	1660	25	26	2	3	3
842	1135	33	35	2	3	1
843	1829	26	28	3	3	2
844	1612	71	73	1	1	1
845	2048	34	35	2	3	2
846	1775	30	33	2	1	2
847	282	18	19	1	2	2
848	71	28	29	3	1	2
849	280	6	9	2	1	1
850	1211	13	14	3	3	2
851	1604	14	17	1	1	2
852	1805	43	45	3	1	1
853	1905	62	65	2	1	2
854	1410	31	33	3	3	2
855	1796	5	7	3	3	2
856	60	2	3	3	2	1
857	401	60	62	2	3	1
858	489	7	10	1	1	1
859	123	52	54	3	2	2
860	1314	55	57	2	3	2
861	1358	29	30	2	1	1
862	1961	13	15	3	1	1
863	1714	40	42	2	2	1
864	806	69	70	3	1	1
865	1044	63	66	3	2	2
866	1434	5	7	1	3	3
867	2126	62	63	2	1	2
868	660	30	33	1	2	2
869	1498	19	22	1	2	2
870	441	9	10	3	2	2
871	1514	40	42	1	3	1
872	272	63	65	3	2	1
873	1757	19	21	2	1	2
874	1997	16	18	2	2	1
875	591	21	24	1	3	1
876	1990	62	63	2	2	2
877	330	29	32	1	3	3
878	694	56	59	3	1	1
879	954	45	47	3	1	2
880	1955	27	30	2	1	2
881	1807	20	23	1	2	2
882	1623	38	39	1	1	1
883	1028	60	62	2	3	1
884	973	29	32	3	3	1
885	562	12	15	2	3	1
886	566	7	9	2	2	1
887	999	21	23	1	2	2
888	1234	67	69	2	3	2
889	2123	17	18	3	3	1
890	1781	69	72	2	1	1
891	306	70	71	2	1	2
892	648	2	3	2	2	2
893	863	16	19	1	2	1
894	922	57	58	3	3	1
895	1885	13	14	3	2	2
896	429	70	72	3	1	2
897	2020	30	32	2	1	1
898	1389	17	20	1	1	2
899	255	42	43	3	3	1
900	837	28	29	3	2	2
901	2084	41	43	1	3	2
902	1718	27	28	3	3	2
903	899	26	27	1	3	2
904	467	1	4	2	2	1
905	1076	40	41	3	2	2
906	2040	7	9	2	2	1
907	1168	9	12	2	1	2
908	426	8	11	2	1	2
909	67	22	25	1	2	1
910	1287	19	20	2	1	1
911	99	43	44	1	1	2
912	1477	13	16	1	1	2
913	1883	67	68	2	3	1
914	1892	23	25	1	3	2
915	761	56	58	2	1	2
916	1968	36	39	1	2	2
917	342	14	16	3	2	2
918	437	4	6	3	3	2
919	1691	51	53	1	3	3
920	373	3	6	1	1	1
921	538	26	28	2	2	1
922	1958	29	31	2	2	2
923	1162	4	5	2	1	2
924	461	58	59	3	2	1
925	374	51	52	1	1	2
926	1609	21	23	3	2	2
927	2082	71	72	1	2	1
928	560	71	73	1	1	2
929	702	8	9	3	3	3
930	395	21	24	2	1	1
931	826	6	7	1	1	1
932	1724	6	8	3	3	1
933	701	26	28	3	2	2
934	1443	22	23	1	3	1
935	972	36	38	3	3	3
936	1174	18	21	1	2	2
937	1771	2	5	2	3	1
938	2030	18	19	2	1	2
939	279	4	6	2	3	1
940	855	47	50	1	2	1
941	1858	22	23	2	3	3
942	960	10	11	3	2	1
943	412	44	47	1	2	1
944	1904	23	25	1	2	1
945	712	36	38	2	1	2
946	741	14	17	3	2	1
947	1650	11	12	1	1	2
948	1036	13	15	2	3	3
949	1723	20	23	3	3	3
950	1319	61	64	2	2	2
951	1114	25	26	1	2	1
952	1052	44	45	3	1	1
953	2145	68	70	2	3	1
954	1298	46	47	3	2	1
955	1303	50	52	1	2	1
956	2035	19	22	2	2	1
957	765	16	17	3	1	2
958	1599	40	42	2	2	2
959	1257	54	57	3	2	2
960	7	26	29	1	2	2
961	1557	18	20	3	2	1
962	2109	42	45	2	1	1
963	1280	62	65	2	1	1
964	1155	25	27	2	2	2
965	341	37	38	3	3	2
966	15	7	8	3	3	1
967	1282	4	6	2	2	1
968	223	41	43	3	2	2
969	1228	57	58	3	3	2
970	1214	14	16	1	3	3
971	1810	28	30	3	2	1
972	1988	1	3	3	2	2
973	1061	1	3	3	3	1
974	11	60	62	3	3	2
975	749	8	11	1	1	1
976	1862	20	23	3	2	1
977	1412	44	45	3	1	2
978	1209	1	3	1	2	2
979	387	13	16	2	1	1
980	18	56	58	3	3	1
981	166	1	3	3	2	2
982	1483	53	54	1	3	3
983	1978	55	58	2	2	2
984	72	21	22	2	2	2
985	586	47	50	1	2	2
986	1285	25	26	3	1	1
987	549	30	31	3	3	2
988	2055	48	49	2	3	2
989	1756	22	23	3	3	2
990	350	60	61	3	2	2
991	1223	50	53	2	3	1
992	1263	32	35	2	1	2
993	1737	17	20	3	2	1
994	1567	35	38	2	3	1
995	857	24	27	2	3	3
996	966	29	31	2	1	1
997	289	21	23	1	1	1
998	1965	46	49	3	1	2
999	1125	60	61	2	2	2
1000	444	32	33	1	3	2
1001	883	16	17	2	2	2
1002	531	38	40	1	3	2
1003	1278	28	29	3	1	2
1004	230	34	36	2	3	2
1005	2000	47	50	3	2	2
1006	1938	58	60	1	2	1
1007	599	51	52	1	1	1
1008	1401	36	39	3	1	2
1009	924	34	37	2	2	1
1010	654	28	30	3	3	1
1011	753	37	40	3	1	1
1012	1949	41	43	2	3	2
1013	1082	50	52	1	3	1
1014	2151	31	33	2	2	1
1015	641	7	8	1	3	3
1016	319	25	28	1	3	1
1017	558	35	37	3	2	2
1018	1959	16	18	3	2	2
1019	392	58	59	3	2	1
1020	288	3	4	3	3	1
1021	1780	72	74	1	3	2
1022	2015	41	43	3	1	1
1023	1167	49	52	1	2	1
1024	192	34	35	3	2	1
1025	210	63	64	2	1	2
1026	1103	40	42	2	2	2
1027	397	15	17	1	2	2
1028	575	40	41	2	1	1
1029	1468	7	8	1	3	3
1030	459	36	38	2	2	2
1031	1503	17	18	3	3	3
1032	644	25	28	1	3	1
1033	1444	23	25	2	1	2
1034	494	4	5	1	3	3
1035	462	62	63	2	2	2
1036	32	12	14	3	1	2
1037	1406	54	56	2	2	1
1038	634	23	26	3	2	2
1039	1946	57	59	1	2	2
1040	1681	67	69	1	2	1
1041	1170	5	8	1	1	2
1042	1510	12	13	2	1	2
1043	292	24	25	3	3	3
1044	714	39	42	1	2	2
1045	1835	15	16	1	2	2
1046	1985	67	70	3	3	2
1047	1581	11	13	1	3	1
1048	307	15	18	1	1	1
1049	750	65	67	2	2	1
1050	156	7	8	1	1	2
1051	1122	4	6	2	3	2
1052	95	50	52	2	3	1
1053	10	37	38	3	3	3
1054	53	61	63	2	3	1
1055	383	25	26	1	3	3
1056	1934	56	59	3	2	2
1057	591	14	16	3	3	2
1058	499	46	47	3	3	1
1059	1098	21	23	3	3	2
1060	362	48	49	3	2	2
1061	1531	44	45	2	3	2
1062	1977	61	64	2	2	2
1063	1974	52	54	1	2	2
1064	1460	58	60	3	2	2
1065	717	12	13	2	1	2
1066	1353	28	31	3	2	1
1067	1252	9	11	2	2	2
1068	879	49	52	1	2	2
1069	1113	68	69	3	2	2
1070	1048	13	14	2	3	3
1071	344	18	21	3	3	2
1072	2138	51	52	2	2	1
1073	1023	29	31	3	2	1
1074	66	64	66	3	2	1
1075	914	20	22	1	3	2
1076	1640	46	47	1	2	1
1077	1154	60	61	3	2	1
1078	1716	53	55	2	3	1
1079	1982	59	60	2	1	1
1080	275	15	17	1	2	2
1081	1598	70	72	1	1	1
1082	729	2	3	2	3	2
1083	351	55	56	1	3	3
1084	1184	64	65	3	1	1
1085	592	19	21	1	3	3
1086	171	11	14	2	2	1
1087	178	70	73	1	2	1
1088	1817	2	4	2	1	1
1089	1019	6	8	1	2	2
1090	968	2	3	2	2	2
1091	348	2	5	3	3	3
1092	2068	52	53	2	3	3
1093	77	16	17	1	2	2
1094	324	51	54	1	1	1
1095	1210	52	55	1	1	2
1096	2154	62	63	2	1	2
1097	1077	10	11	3	3	3
1098	1323	52	54	2	2	1
1099	1027	12	15	1	2	2
1100	1290	66	69	1	2	1
1101	1522	46	48	1	2	2
1102	842	12	14	3	3	3
1103	87	12	13	2	1	2
1104	1216	51	52	1	2	2
1105	1938	60	63	1	1	2
1106	2118	32	34	3	1	2
1107	449	21	23	2	1	2
1108	416	51	54	2	2	2
1109	1939	34	37	3	2	2
1110	2052	65	68	2	1	2
1111	1488	18	20	2	1	1
1112	1144	4	5	1	2	1
1113	1832	7	8	2	2	2
1114	1995	30	32	2	2	1
1115	2087	63	65	1	1	1
1116	917	43	44	3	2	1
1117	1283	4	6	3	3	2
1118	229	31	33	1	3	3
1119	1360	36	38	1	2	1
1120	1746	65	66	1	1	1
1121	2047	11	12	3	1	2
1122	308	25	28	3	2	2
1123	1455	63	64	2	3	3
1124	1699	6	7	1	3	3
1125	120	8	10	3	2	2
1126	304	49	51	3	2	2
1127	1560	47	50	2	3	1
1128	1049	49	51	1	2	2
1129	1791	57	59	3	2	1
1130	956	6	7	3	2	2
1131	299	22	24	1	3	2
1132	31	8	11	1	3	2
1133	75	50	53	3	2	2
1134	529	63	65	2	2	1
1135	337	37	40	1	2	2
1136	1052	33	35	3	3	2
1137	440	25	27	1	3	2
1138	202	66	68	2	3	1
1139	2034	58	61	1	2	2
1140	2019	36	38	3	1	1
1141	2007	23	26	2	2	2
1142	1903	35	36	2	3	1
1143	1969	40	43	2	3	3
1144	1047	63	65	2	2	1
1145	1206	22	23	3	1	2
1146	1150	30	31	1	3	1
1147	1890	17	18	1	2	2
1148	763	12	13	3	2	2
1149	194	51	52	3	3	3
1150	1899	25	27	2	2	1
1151	1929	62	64	2	2	1
1152	1603	2	5	1	2	1
1153	1347	49	50	1	1	1
1154	653	5	7	3	3	3
1155	1601	41	43	2	3	3
1156	1107	54	55	1	2	2
1157	1233	69	72	2	3	1
1158	1276	45	48	3	1	1
1159	2059	12	13	3	1	1
1160	1986	13	16	2	1	1
1161	1725	18	21	1	2	1
1162	1383	2	5	3	2	1
1163	1235	34	37	3	1	2
1164	628	14	16	1	3	1
1165	1048	37	39	3	3	3
1166	1109	11	13	1	3	1
1167	464	29	31	3	1	1
1168	1447	33	36	3	3	1
1169	1941	39	40	3	1	1
1170	2017	63	64	2	1	1
1171	1838	2	5	2	3	2
1172	1602	71	72	1	2	2
1173	1578	46	49	3	2	2
1174	1852	67	68	1	1	2
1175	1871	11	14	3	3	2
1176	1454	50	52	1	3	3
1177	959	59	62	1	1	1
1178	1672	6	7	1	2	1
1179	1643	28	30	1	1	1
1180	1331	47	49	2	3	2
1181	1438	66	67	3	1	1
1182	1815	42	45	1	3	3
1183	1275	71	72	3	3	2
1184	207	23	25	3	2	2
1185	1962	63	65	1	2	2
1186	1614	5	6	2	2	1
1187	1625	6	7	1	1	1
1188	744	68	71	2	1	1
1189	1918	60	63	1	2	2
1190	882	3	6	1	1	2
1191	762	60	61	2	2	2
1192	814	10	13	2	3	1
1193	1259	18	20	2	2	1
1194	270	35	37	3	1	2
1195	849	70	71	3	3	2
1196	327	24	26	2	3	2
1197	852	28	29	2	1	1
1198	2066	19	21	3	3	1
1199	680	44	45	3	3	3
1200	1697	39	42	1	1	2
1201	186	22	25	3	2	1
1202	1436	64	65	1	2	1
1203	1346	64	67	3	2	2
1204	515	1	4	2	2	2
1205	759	26	27	1	2	1
1206	1159	16	17	3	3	1
1207	668	45	48	2	1	2
1208	63	48	51	2	3	3
1209	904	36	38	3	1	2
1210	1172	19	20	3	3	1
1211	801	26	29	3	3	1
1212	191	45	46	3	3	2
1213	903	12	15	1	2	2
1214	1030	47	49	2	3	1
1215	1132	42	44	2	3	1
1216	1447	22	25	1	3	2
1217	512	63	65	2	3	2
1218	1722	27	30	3	1	1
1219	964	25	26	1	3	3
1220	1494	37	40	1	1	1
1221	1085	9	10	3	3	2
1222	40	70	73	2	2	2
1223	1136	20	21	2	1	1
1224	312	40	43	1	3	3
1225	1873	13	16	3	2	1
1226	474	69	72	1	3	3
1227	389	13	15	2	2	1
1228	1053	7	9	2	3	3
1229	497	50	52	1	3	3
1230	1181	7	10	2	2	1
1231	2088	64	66	2	2	1
1232	1504	21	24	2	1	2
1233	1934	46	48	3	1	1
1234	1153	43	44	1	2	1
1235	149	37	40	2	1	1
1236	38	12	13	3	1	1
1237	730	58	59	3	1	1
1238	1603	22	24	3	2	2
1239	273	17	19	1	1	1
1240	553	24	27	2	2	1
1241	1655	61	64	3	3	1
1242	1715	44	46	2	2	2
1243	1070	58	61	3	1	1
1244	573	10	13	3	2	1
1245	113	16	18	2	2	1
1246	830	11	12	3	3	1
1247	2101	16	19	3	3	1
1248	961	71	74	1	2	1
1249	867	1	4	2	1	2
1250	1386	27	28	1	1	1
1251	2106	16	18	3	3	3
1252	243	64	66	2	2	2
1253	654	43	45	1	1	1
1254	261	19	20	1	1	2
1255	989	52	53	3	2	1
1256	325	12	15	3	1	1
1257	1679	10	13	3	2	2
1258	1097	30	31	2	2	1
1259	637	26	29	1	1	2
1260	1882	32	33	2	1	1
1261	1011	6	9	1	2	1
1262	297	36	37	1	1	2
1263	237	50	51	2	3	3
1264	2057	66	69	1	2	2
1265	1381	19	21	3	2	2
1266	309	47	48	2	3	2
1267	757	23	24	1	1	1
1268	508	53	55	3	3	1
1269	1890	61	62	1	2	1
1270	1825	55	58	2	3	3
1271	1050	64	65	2	1	1
1272	1845	4	5	3	3	1
1273	915	35	36	1	1	2
1274	1272	34	35	3	2	2
1275	1478	7	10	2	2	2
1276	1096	51	54	3	2	2
1277	1901	29	32	1	1	1
1278	1242	54	57	3	2	1
1279	1227	4	6	2	2	2
1280	222	48	49	2	3	2
1281	1558	55	58	3	3	2
1282	1511	12	13	3	2	1
1283	1999	14	17	3	3	1
1284	1553	59	62	3	1	2
1285	260	70	72	2	1	1
1286	1115	71	72	3	3	1
1287	1274	7	10	3	3	1
1288	1515	68	71	3	2	2
1289	2080	23	24	2	2	1
1290	900	50	51	2	2	2
1291	2139	33	36	3	1	2
1292	1549	2	3	1	1	1
1293	1595	15	17	1	3	3
1294	366	61	64	1	2	2
1295	425	9	11	1	1	2
1296	3	15	16	1	3	3
1297	690	62	65	3	1	2
1298	1868	54	57	2	1	1
1299	177	36	39	3	2	2
1300	1409	52	54	1	3	2
1301	632	4	7	3	1	1
1302	853	65	67	1	1	1
1303	1188	38	40	2	3	2
1304	2158	9	10	3	1	2
1305	1121	51	53	3	1	2
1306	1058	67	69	3	3	2
1307	55	47	48	3	2	2
1308	1998	59	60	2	1	1
1309	1090	26	27	2	1	2
1310	1692	56	58	3	1	2
1311	1937	31	34	3	3	2
1312	1186	10	11	2	2	2
1313	1617	20	22	1	3	2
1314	1767	32	35	3	3	3
1315	2142	69	71	2	2	2
1316	1149	37	39	1	2	2
1317	1415	7	8	2	3	2
1318	794	41	43	2	3	1
1319	207	10	13	1	1	2
1320	796	57	59	3	1	1
1321	1844	59	60	1	2	2
1322	1466	24	26	1	1	2
1323	657	58	59	2	3	1
1324	1765	11	12	3	3	3
1325	49	16	19	1	2	1
1326	704	31	32	1	2	1
1327	791	35	36	3	2	1
1328	1127	57	58	1	2	1
1329	1123	48	51	1	2	1
1330	74	32	34	2	3	2
1331	1898	59	62	1	3	3
1332	860	7	9	3	1	2
1333	1998	33	34	3	3	1
1334	2037	40	41	2	3	1
1335	259	51	53	3	3	1
1336	2018	65	67	2	2	1
1337	435	47	50	2	3	2
1338	2046	9	11	2	1	2
1339	413	56	59	1	3	3
1340	723	24	25	3	3	3
1341	291	20	21	3	3	3
1342	1146	46	47	3	3	1
1343	1579	62	63	1	3	1
1344	1540	27	30	1	1	1
1345	1121	10	13	2	1	2
1346	1034	27	28	2	3	1
1347	1040	54	56	1	2	1
1348	832	6	7	2	1	2
1349	400	12	14	2	3	1
1350	896	69	70	2	3	2
1351	1541	61	62	1	3	3
1352	300	69	72	2	1	1
1353	70	11	14	1	1	1
1354	1446	40	42	1	3	2
1355	767	19	21	3	3	1
1356	1185	37	39	1	2	2
1357	158	39	41	3	1	1
1358	179	34	36	3	1	1
1359	977	53	55	3	1	1
1360	514	16	19	3	2	2
1361	1855	33	36	2	3	1
1362	1	48	49	1	1	2
1363	1251	68	71	1	2	1
1364	840	52	54	3	1	1
1365	554	27	30	3	1	1
1366	813	6	8	1	1	1
1367	1232	13	15	1	2	1
1368	1006	62	64	2	1	1
1369	663	71	72	2	2	2
1370	622	33	34	1	1	2
1371	998	7	9	1	2	2
1372	23	51	54	2	2	2
1373	935	42	44	2	3	2
1374	1201	42	45	2	1	2
1375	1066	38	39	1	2	2
1376	1467	42	44	1	2	1
1377	1932	16	18	2	3	2
1378	1479	14	17	3	3	2
1379	1894	43	46	2	1	2
1380	1408	21	22	1	2	1
1381	1021	52	53	1	1	1
1382	496	39	42	3	3	2
1383	1530	55	57	2	1	1
1384	1068	48	49	3	2	1
1385	1954	49	51	3	3	1
1386	1500	37	40	2	2	2
1387	84	54	55	2	2	2
1388	1213	11	13	1	1	2
1389	1748	41	44	2	3	2
1390	290	22	23	2	2	2
1391	1197	26	29	1	1	1
1392	1806	59	62	2	1	2
1393	1456	12	13	2	3	1
1394	251	26	27	1	1	1
1395	1695	14	15	2	1	1
1396	1212	70	72	3	1	1
1397	168	53	56	3	2	2
1398	1636	53	54	1	2	2
1399	902	45	48	2	3	3
1400	760	50	51	1	1	2
1401	1321	11	12	3	1	1
1402	119	41	44	2	3	2
1403	674	24	25	3	2	2
1404	1228	31	34	2	1	2
1405	490	1	2	3	1	2
1406	1857	29	30	1	3	3
1407	1727	14	16	2	3	2
1408	2113	70	71	2	1	2
1409	194	66	69	2	1	1
1410	1621	6	8	1	1	2
1411	1318	68	71	2	3	1
1412	352	71	73	2	1	1
1413	93	52	55	3	2	1
1414	1769	2	5	3	2	1
1415	142	43	44	1	2	2
1416	1451	13	14	1	3	2
1417	1975	29	32	1	3	1
1418	1208	50	53	3	3	3
1419	1877	33	34	2	2	1
1420	684	50	51	2	3	2
1421	1459	38	40	1	2	2
1422	769	27	30	1	3	1
1423	1577	66	68	1	1	1
1424	82	68	69	2	1	1
1425	1632	39	42	3	1	2
1426	2024	13	14	3	2	1
1427	734	47	48	3	2	1
1428	1088	1	3	2	2	2
1429	1337	36	38	3	2	2
1430	1925	7	10	2	3	1
1431	534	65	68	3	2	2
1432	1312	28	31	3	2	2
1433	203	65	68	1	1	1
1434	1523	66	69	3	2	1
1435	452	69	71	3	3	1
1436	619	56	59	3	3	1
1437	1897	10	12	3	2	1
1438	1486	30	32	2	3	3
1439	687	25	28	1	1	1
1440	716	6	8	3	2	2
1441	411	41	44	2	2	1
1442	298	63	66	3	3	3
1443	568	54	56	2	2	2
1444	1473	12	14	3	2	1
1445	2027	3	5	1	2	2
1446	1928	31	32	1	1	1
1447	811	48	51	1	1	1
1448	1031	62	64	2	1	2
1449	1893	41	43	3	2	2
1450	241	8	9	1	3	3
1451	2012	27	28	3	2	1
1452	95	49	52	3	1	2
1453	1194	32	33	3	1	2
1454	601	57	60	1	2	1
1455	227	59	61	2	1	1
1456	804	20	21	1	2	2
1457	21	37	38	1	3	2
1458	1327	9	11	3	3	3
1459	170	58	60	2	1	1
1460	1311	17	19	2	1	1
1461	1552	21	22	3	2	1
1462	1046	18	20	1	1	2
1463	2096	54	57	2	3	3
1464	1113	13	14	1	2	1
1465	276	66	68	1	1	2
1466	1360	26	29	1	2	1
1467	556	14	15	1	1	2
1468	356	33	34	1	1	1
1469	1528	67	68	2	3	3
1470	1496	60	61	2	3	3
1471	688	13	15	2	1	1
1472	813	71	73	2	3	2
1473	1600	11	14	3	3	3
1474	551	47	48	3	1	2
1475	1779	66	68	3	1	1
1476	242	57	58	3	2	2
1477	598	15	17	2	2	1
1478	1708	34	36	3	3	1
1479	2062	12	14	2	1	2
1480	1591	57	60	1	3	1
1481	430	20	21	2	3	3
1482	671	48	49	2	2	1
1483	1562	3	4	1	1	1
1484	1104	23	25	1	1	2
1485	1352	57	60	1	1	1
1486	1140	8	9	3	2	2
1487	1824	53	55	2	1	2
1488	244	27	30	3	2	2
1489	1589	45	46	2	2	2
1490	197	25	26	1	3	1
1491	2146	34	37	1	3	1
1492	1029	4	6	3	1	2
1493	121	52	54	2	1	2
1494	1162	16	17	1	3	2
1495	1964	13	15	3	2	1
1496	536	37	38	1	3	3
1497	266	8	11	3	3	2
1498	1804	35	36	2	3	2
1499	1083	46	47	3	1	1
1500	1382	21	23	1	3	2
1501	603	64	65	2	1	2
1502	161	19	20	2	1	2
1503	1022	8	11	3	3	1
1504	1561	2	4	3	1	2
1505	1461	1	2	2	3	1
1506	553	60	61	1	2	1
1507	955	71	72	1	1	2
1508	953	9	12	2	3	2
1509	891	35	36	1	2	1
1510	1847	53	55	1	1	2
1511	455	8	9	2	1	2
1512	1169	63	64	1	3	3
1513	1926	6	7	2	3	3
1514	1812	68	69	1	3	3
1515	2059	2	5	2	3	3
1516	2148	9	11	3	2	2
1517	1665	28	29	2	3	1
1518	1808	49	52	3	3	3
1519	1253	40	42	1	3	1
1520	1481	26	28	3	3	2
1521	1652	49	52	2	2	1
1522	1021	21	23	1	1	2
1523	347	29	30	2	3	3
1524	1045	56	57	3	3	3
1525	732	68	70	3	3	2
1526	36	49	51	2	2	1
1527	1973	52	55	1	3	2
1528	1091	2	4	3	2	2
1529	1260	39	41	2	1	1
1530	934	48	49	2	2	2
1531	975	63	65	1	1	1
1532	880	9	12	2	2	1
1533	150	11	12	1	1	1
1534	1631	26	28	2	1	1
1535	212	61	64	2	2	2
1536	647	40	42	1	3	2
1537	285	66	68	3	1	2
1538	1709	3	5	2	1	2
1539	1532	60	61	2	1	2
1540	279	66	67	2	1	1
1541	1043	4	7	3	3	2
1542	216	37	40	2	2	2
1543	742	28	30	1	2	2
1544	1802	67	68	3	2	2
1545	398	66	67	3	1	1
1546	1658	51	53	2	2	1
1547	2026	50	52	3	1	1
1548	1427	41	43	3	3	1
1549	1316	49	52	1	3	3
1550	126	44	46	3	1	2
1551	1312	13	14	3	1	2
1552	1656	11	14	2	2	1
1553	409	44	47	1	2	1
1554	1549	2	4	1	3	1
1555	1463	47	50	2	3	2
1556	716	20	23	1	1	1
1557	501	66	67	1	1	1
1558	1772	41	42	2	3	3
1559	1328	72	73	2	2	2
1560	1559	33	35	1	2	2
1561	1790	6	8	2	1	2
1562	336	7	8	1	2	2
1563	1878	30	32	3	3	3
1564	2079	23	25	3	1	2
1565	1197	6	8	2	3	3
1566	1608	47	48	2	3	3
1567	1948	7	10	2	3	1
1568	1618	10	12	1	2	2
1569	2038	7	9	3	3	3
1570	249	45	48	2	1	1
1571	1380	36	37	1	1	1
1572	805	23	26	1	2	2
1573	458	35	36	1	2	1
1574	424	32	35	3	3	2
1575	1237	55	56	2	3	3
1576	2117	18	21	1	3	3
1577	1305	28	30	2	2	2
1578	1742	23	24	1	1	2
1579	1666	26	27	2	1	2
1580	1413	23	24	1	2	2
1581	342	61	62	3	1	1
1582	755	72	73	1	3	3
1583	774	60	63	1	1	1
1584	841	60	61	2	3	3
1585	534	22	24	1	3	3
1586	821	1	4	1	2	2
1587	1322	12	15	1	1	2
1588	1689	23	25	2	1	2
1589	2044	36	37	3	2	1
1590	530	46	49	1	1	2
1591	1856	70	73	1	3	1
1592	1960	10	12	2	1	2
1593	1512	18	21	1	2	2
1594	117	36	38	2	1	1
1595	1340	61	62	2	2	2
1596	189	29	31	1	1	1
1597	1174	70	71	1	3	3
1598	1836	21	23	3	3	2
1599	406	27	30	3	2	2
1600	1025	43	45	1	3	2
1601	1637	65	68	1	1	1
1602	2028	41	44	3	1	1
1603	408	44	47	3	2	1
1604	343	37	38	2	2	1
1605	670	31	34	1	1	1
1606	1683	18	21	2	3	2
1607	1722	30	33	1	2	2
1608	513	27	28	3	2	1
1609	79	6	7	2	1	2
1610	783	63	64	3	1	1
1611	1906	3	6	1	2	1
1612	2125	60	61	1	1	1
1613	1611	34	37	1	3	1
1614	342	40	41	1	2	1
1615	19	3	6	3	3	2
1616	165	38	39	3	1	2
1617	1654	50	52	3	3	3
1618	218	29	32	1	3	1
1619	217	34	37	3	1	1
1620	519	19	20	2	3	2
1621	1139	51	52	2	1	1
1622	1452	31	34	2	2	2
1623	295	1	2	3	1	2
1624	9	47	48	3	2	1
1625	406	6	8	1	2	1
1626	1166	26	29	2	3	1
1627	1506	11	12	2	3	3
1628	594	18	20	3	1	2
1629	511	43	44	3	2	2
1630	1649	34	36	3	3	3
1631	2031	32	33	3	2	1
1632	2096	33	36	1	1	1
1633	621	48	50	2	2	1
1634	516	67	68	1	2	2
1635	211	19	21	2	3	2
1636	1770	43	46	1	2	2
1637	520	41	43	1	2	1
1638	1288	71	72	2	1	2
1639	141	45	46	2	3	2
1640	1065	62	65	2	3	2
1641	870	31	34	3	2	2
1642	646	57	60	1	2	2
1643	173	32	33	1	1	1
1644	638	54	56	3	3	3
1645	1543	48	49	3	1	2
1646	2112	62	64	3	2	2
1647	1970	63	65	3	3	1
1648	1058	50	52	3	2	2
1649	2013	2	4	1	1	1
1650	1147	59	62	3	3	3
1651	147	13	14	3	2	2
1652	1007	64	66	3	1	2
1653	1376	29	32	2	3	3
1654	1671	11	12	1	3	2
1655	958	66	69	3	1	2
1656	913	29	31	3	2	1
1657	1536	40	43	2	1	1
1658	680	18	21	3	1	2
1659	1969	29	30	2	1	2
1660	1616	33	34	1	3	3
1661	647	62	65	3	2	1
1662	2141	20	23	1	3	1
1663	1593	71	73	2	1	2
1664	434	67	70	3	2	2
1665	1010	47	48	3	3	3
1666	481	27	30	1	1	2
1667	1489	62	63	3	1	1
1668	1888	31	32	3	1	2
1669	835	13	14	3	3	3
1670	224	32	33	1	1	1
1671	1580	17	19	1	3	2
1672	2031	11	12	1	1	1
1673	1551	3	5	1	1	2
1674	1116	3	5	3	1	2
1675	1094	53	56	2	3	3
1676	1575	63	65	1	1	2
1677	1773	30	32	2	3	2
1678	1205	28	30	2	3	2
1679	1677	14	16	3	1	2
1680	112	5	6	1	3	3
1681	1425	24	27	2	1	2
1682	174	18	21	3	3	3
1683	2066	8	9	2	1	2
1684	683	37	38	3	2	1
1685	372	33	35	2	1	2
1686	2121	17	20	2	3	1
1687	159	5	7	3	1	2
1688	945	48	49	1	3	3
1689	1607	55	58	3	3	3
1690	1396	22	24	1	1	2
1691	1357	14	16	2	2	2
1692	1547	57	60	2	2	1
1693	925	5	8	2	1	2
1694	1858	37	39	3	1	2
1695	570	67	70	1	1	2
1696	14	30	33	3	3	1
1697	1220	3	4	1	2	1
1698	1606	38	39	3	1	2
1699	1119	47	50	3	2	2
1700	1823	29	31	1	2	1
1701	1676	62	63	1	1	2
1702	1141	42	43	2	3	3
1703	1296	35	37	3	2	1
1704	1361	20	22	3	1	1
1705	1626	43	46	1	3	3
1706	1548	18	19	3	3	1
1707	219	4	7	1	1	1
1708	776	61	63	3	3	1
1709	1792	7	8	2	2	1
1710	1644	44	46	3	2	2
1711	1300	7	10	2	1	1
1712	741	64	67	2	2	1
1713	1078	23	26	3	2	1
1714	1732	71	74	1	3	3
1715	2008	21	24	3	3	1
1716	1225	69	72	1	3	2
1717	1814	22	25	3	2	2
1718	338	26	29	3	1	1
1719	737	36	39	3	3	3
1720	1238	12	15	1	2	2
1721	2142	28	31	3	1	2
1722	2156	66	69	1	3	2
1723	1396	63	65	2	3	1
1724	1302	60	63	2	3	2
1725	1981	29	32	1	2	2
1726	153	57	59	1	1	1
1727	993	16	17	1	2	1
1728	2076	5	8	1	3	1
1729	681	30	32	3	3	1
1730	1936	38	40	2	2	2
1731	1015	23	24	2	3	1
1732	233	8	11	2	2	1
1733	1586	32	35	1	1	1
1734	265	61	63	2	1	2
1735	1235	20	22	3	2	1
1736	1378	66	67	1	1	1
1737	415	72	73	1	1	1
1738	1341	59	61	1	1	2
1739	1208	9	10	2	3	2
1740	725	39	40	2	1	2
1741	1843	9	12	1	3	3
1742	565	4	7	3	2	1
1743	1356	23	25	1	2	2
1744	1487	9	10	1	2	1
1745	1760	44	45	1	3	1
1746	2110	53	55	2	3	2
1747	1818	33	35	1	2	1
1748	118	10	12	3	1	2
1749	1933	28	31	3	1	2
1750	1831	19	22	2	1	2
1751	1944	58	61	1	3	1
1752	143	54	57	3	2	1
1753	486	21	24	1	3	1
1754	2133	24	27	3	2	2
1755	2005	30	31	2	2	2
1756	1122	26	27	2	1	2
1757	2041	8	10	3	3	3
1758	947	54	57	2	1	1
1759	661	7	9	1	3	3
1760	2156	21	23	1	3	3
1761	46	23	26	1	3	2
1762	236	52	54	1	2	1
1763	532	16	17	1	1	2
1764	995	10	12	2	3	1
1765	1218	31	33	2	1	1
1766	2003	21	23	2	2	2
1767	1518	38	41	3	2	2
1768	25	24	27	2	2	2
1769	1633	22	25	2	1	2
1770	1914	51	52	2	3	3
1771	61	66	69	3	3	2
1772	463	5	6	3	3	2
1773	1971	16	18	1	3	1
1774	239	29	31	2	1	1
1775	1249	39	42	1	2	2
1776	1339	49	51	2	3	1
1777	58	26	29	2	2	2
1778	566	12	15	2	3	3
1779	1048	48	49	3	3	1
1780	1	13	15	3	3	2
1781	1465	65	68	1	1	1
1782	491	9	11	1	2	1
1783	1293	17	19	1	2	1
1784	1491	68	71	3	3	2
1785	1145	52	54	2	2	1
1786	465	21	23	2	2	2
1787	481	70	71	1	3	3
1788	1330	29	30	1	3	1
1789	523	28	29	1	2	1
1790	1335	13	15	3	2	2
1791	181	48	50	3	1	1
1792	1539	47	49	2	1	1
1793	870	72	73	1	3	2
1794	184	34	36	3	2	2
1795	675	35	37	3	2	1
1796	1051	11	14	2	2	1
1797	1258	18	21	3	2	2
1798	746	26	27	3	2	1
1799	1613	5	7	1	2	2
1800	453	53	55	2	1	1
1801	367	1	4	3	1	2
1802	1673	44	46	1	1	2
1803	651	52	55	3	1	2
1804	2127	56	57	1	3	3
1805	1672	29	32	3	1	1
1806	1668	21	22	2	3	3
1807	358	22	24	2	1	1
1808	679	47	50	1	1	1
1809	1126	22	25	2	2	1
1810	564	56	58	3	3	1
1811	1324	30	31	3	1	1
1812	1664	60	61	3	2	1
1813	321	38	41	3	1	2
1814	1277	45	48	1	2	2
1815	122	48	51	3	1	1
1816	895	58	61	2	3	3
1817	645	68	70	2	1	1
1818	1659	42	44	2	2	1
1819	383	32	33	2	1	1
1820	1957	5	7	1	2	2
1821	609	67	70	1	2	2
1822	62	59	62	1	1	2
1823	1192	30	31	1	2	2
1824	1993	21	23	2	2	2
1825	2128	40	41	1	1	2
1826	27	58	59	2	3	1
1827	1768	63	66	1	1	1
1828	452	27	29	2	3	2
1829	921	62	65	1	1	1
1830	1931	34	37	1	1	2
1831	1747	21	23	3	1	2
1832	2025	52	55	1	1	1
1833	1757	48	49	1	1	2
1834	56	28	31	1	1	2
1835	2143	6	9	1	1	2
1836	862	43	46	1	3	2
1837	2111	41	44	1	3	1
1838	1927	47	48	2	1	2
1839	1224	23	26	1	2	2
1840	1379	65	66	1	2	2
1841	1703	12	15	1	3	2
1842	250	51	54	2	1	1
1843	2124	12	15	2	3	3
1844	572	26	27	3	2	2
1845	253	68	69	1	1	1
1846	1035	52	53	3	2	2
1847	1850	39	42	3	2	2
1848	936	47	50	2	3	3
1849	1308	62	63	1	2	1
1850	50	33	35	1	2	2
1851	1570	32	33	2	2	1
1852	1923	53	55	1	2	2
1853	293	54	55	3	1	2
1854	410	53	56	1	2	2
1855	777	66	68	2	1	2
1856	1842	6	9	3	3	3
1857	1026	18	19	3	3	1
1858	578	43	45	2	2	2
1859	2077	7	8	1	2	1
1860	1030	39	41	3	1	1
1861	1268	28	31	1	1	1
1862	949	41	44	2	2	2
1863	1685	11	14	2	2	1
1864	86	66	68	2	2	1
1865	666	48	50	3	1	1
1866	866	19	22	1	1	1
1867	2157	4	7	1	1	1
1868	391	11	14	3	3	3
1869	1874	25	27	1	2	2
1870	2074	37	39	1	2	1
1871	1258	44	47	2	1	1
1872	2106	30	31	1	1	2
1873	195	68	69	1	1	1
1874	2083	65	68	1	2	1
1875	436	49	50	2	1	1
1876	838	71	72	1	3	2
1877	1014	30	32	2	2	1
1878	1980	17	19	3	2	1
1879	1598	58	61	3	2	1
1880	1425	32	34	1	1	1
1881	1219	23	26	1	2	2
1882	618	41	42	2	1	2
1883	522	1	4	3	1	2
1884	1200	44	46	2	3	2
1885	802	71	74	1	2	1
1886	467	59	61	2	2	1
1887	1217	50	52	3	1	1
1888	85	32	35	2	3	3
1889	1429	45	47	1	3	2
1890	1224	5	7	3	3	2
1891	257	39	40	1	3	3
1892	574	58	59	1	1	1
1893	539	27	30	3	1	2
1894	385	25	27	2	1	2
1895	1755	69	70	3	2	2
1896	540	37	40	1	1	2
1897	1820	22	25	1	2	2
1898	1373	53	55	2	1	2
1899	107	10	11	2	3	2
1900	678	19	21	3	2	2
1901	706	52	54	3	1	1
1902	2050	21	24	1	1	1
1903	872	33	36	2	1	2
1904	1795	27	29	2	2	1
1905	116	52	55	1	1	1
1906	919	67	70	2	2	1
1907	1410	55	56	3	2	1
1908	878	40	43	3	2	1
1909	1175	41	44	3	2	1
1910	884	31	34	1	1	1
1911	1188	7	10	2	1	1
1912	1833	8	9	2	1	2
1913	256	55	58	3	3	2
1914	909	23	26	2	1	2
1915	397	71	74	1	3	2
1916	1303	35	38	2	2	1
1917	1246	31	33	1	1	2
1918	1945	19	21	3	3	3
1919	620	20	21	3	1	2
1920	2043	16	18	1	2	2
1921	1474	33	34	3	1	2
1922	886	17	20	2	2	1
1923	2119	45	47	3	2	2
1924	1133	30	33	3	3	3
1925	153	46	47	3	1	1
1926	1950	15	16	2	1	1
1927	944	22	25	2	1	1
1928	479	51	54	1	3	1
1929	521	4	7	1	2	1
1930	1585	65	66	2	1	1
1931	1754	66	69	1	3	2
1932	339	4	7	3	3	2
1933	85	8	11	3	1	1
1934	1867	18	21	2	3	3
1935	1864	26	28	1	2	1
1936	946	56	59	1	3	2
1937	1920	1	2	2	2	1
1938	865	37	40	3	2	1
1939	1947	6	7	1	3	3
1940	1875	21	24	1	3	1
1941	1342	11	14	1	1	1
1942	2115	65	68	1	3	3
1943	1622	25	27	2	1	2
1944	2102	48	49	2	3	2
1945	1507	48	50	1	2	1
1946	454	65	66	1	3	3
1947	1110	14	15	2	3	2
1948	163	69	70	1	1	2
1949	1573	26	28	1	2	1
1950	1906	47	49	3	1	2
1951	331	44	46	3	1	1
1952	1880	33	36	1	2	1
1953	2137	45	47	2	2	2
1954	209	6	7	3	2	2
1955	1048	66	69	1	2	1
1956	2104	16	17	2	3	2
1957	2056	16	17	1	1	2
1958	567	4	5	3	2	2
1959	525	9	12	2	1	1
1960	1366	8	9	2	2	2
1961	614	48	50	1	2	2
1962	1937	4	7	1	2	2
1963	310	29	32	2	2	1
1964	684	8	11	1	2	2
1965	83	67	69	1	3	2
1966	1075	5	8	2	3	3
1967	766	38	40	2	3	2
1968	43	3	4	3	2	2
1969	1605	34	35	1	1	2
1970	1639	29	30	1	1	2
1971	1922	57	60	2	2	1
1972	357	25	26	2	1	1
1973	597	21	22	1	1	2
1974	534	20	21	3	1	1
1975	927	55	56	3	3	3
1976	1297	13	16	1	1	2
1977	1062	40	42	1	2	1
1978	2095	30	33	3	3	3
1979	667	61	64	3	1	2
1980	650	21	24	1	2	1
1981	267	48	51	3	1	2
1982	1687	13	14	2	2	2
1983	1527	19	22	1	3	1
1984	1108	27	28	2	3	3
1985	1485	50	52	2	1	2
1986	719	21	24	2	3	3
1987	722	9	10	3	3	3
1988	982	33	35	3	3	1
1989	5	35	38	2	1	2
1990	1732	60	61	3	1	1
1991	335	25	28	3	3	3
1992	2051	8	9	1	2	2
1993	97	23	26	2	3	1
1994	1042	36	37	2	3	1
1995	612	26	28	2	2	2
1996	79	57	60	2	2	2
1997	1055	55	58	3	3	3
1998	201	22	23	3	2	1
1999	1476	22	25	3	3	1
2000	888	20	21	2	3	3
2001	35	8	10	2	1	1
2002	92	60	61	1	1	1
2003	971	32	33	3	1	2
2004	1680	24	27	2	1	1
2005	198	22	25	1	2	2
2006	129	48	51	1	3	1
2007	1058	19	21	1	3	3
2008	1244	5	7	1	2	1
2009	505	13	15	3	2	1
2010	451	7	8	2	1	2
2011	1349	32	33	2	3	1
2012	1936	52	54	1	3	2
2013	1956	45	46	3	2	1
2014	911	20	22	3	1	2
2015	1647	52	54	3	3	2
2016	484	61	63	3	1	1
2017	778	57	58	1	3	2
2018	1519	41	44	2	2	1
2019	226	63	66	3	1	1
2020	1202	58	59	2	3	1
2021	711	58	60	1	1	2
2022	595	69	70	2	3	2
2023	635	43	46	2	1	2
2024	1004	60	62	2	2	2
2025	1811	16	17	1	2	2
2026	472	41	42	1	2	2
2027	1834	47	49	3	2	1
2028	535	65	66	1	3	1
2029	768	17	20	3	2	1
2030	234	9	12	3	1	2
2031	1301	41	43	3	2	1
2032	1385	33	35	3	2	2
2033	585	17	20	2	1	2
2034	1457	53	55	2	2	2
2035	1471	36	38	2	3	3
2036	1074	43	44	1	2	1
2037	658	51	54	2	3	1
2038	1453	72	73	1	3	2
2039	1619	45	48	1	1	1
2040	1420	63	64	1	2	1
2041	640	60	61	1	2	1
2042	37	9	10	3	1	2
2043	1342	11	14	1	3	2
2044	1492	13	15	3	3	2
2045	1900	8	11	2	3	3
2046	314	11	13	3	3	3
2047	967	6	8	1	3	2
2048	824	64	67	3	2	1
2049	1294	42	45	3	3	3
2050	577	42	44	3	3	3
2051	1305	5	6	3	2	2
2052	20	38	39	3	3	3
2053	889	34	35	1	2	1
2054	1711	32	35	1	3	1
2055	245	6	7	3	3	3
2056	948	68	70	1	3	2
2057	1182	66	67	2	3	3
2058	747	33	35	2	2	1
2059	2025	71	73	1	2	1
2060	887	53	55	1	1	2
2061	922	23	25	1	1	1
2062	1354	44	47	3	3	3
2063	277	24	27	2	1	1
2064	807	47	48	2	2	2
2065	215	61	62	2	2	2
2066	628	35	36	1	2	2
2067	1338	19	22	3	2	1
2068	1173	43	46	2	1	1
2069	1630	19	22	2	2	1
2070	1325	10	11	2	2	2
2071	2104	54	55	3	1	1
2072	649	49	51	1	3	2
2073	771	37	40	2	3	1
2074	979	63	64	1	2	1
2075	1635	68	71	3	3	1
2076	829	26	27	3	3	1
2077	425	50	53	3	1	1
2078	1707	12	14	1	3	1
2079	1003	34	35	3	1	2
2080	2152	23	24	1	3	3
2081	606	7	9	3	2	2
2082	569	5	7	2	3	2
2083	1372	54	57	2	2	2
2084	433	69	70	3	2	1
2085	1574	54	56	2	1	2
2086	457	31	33	3	1	2
2087	901	2	4	3	2	1
2088	651	39	42	1	3	1
2089	386	39	41	2	1	2
2090	877	8	9	3	3	1
2091	1710	28	31	3	1	1
2092	269	65	67	1	2	1
2093	87	21	24	3	1	1
2094	1327	36	39	2	2	1
2095	1329	7	10	2	2	2
2096	46	37	38	3	1	2
2097	782	25	26	3	1	2
2098	654	6	7	1	1	1
2099	1265	56	57	3	1	2
2100	1520	34	35	1	3	2
2101	448	58	60	3	3	3
2102	721	17	20	1	3	3
2103	976	56	57	2	3	2
2104	768	61	62	1	2	1
2105	1509	31	33	2	2	2
2106	1410	67	69	3	1	1
2107	267	28	31	3	2	1
2108	487	49	51	1	2	1
2109	1777	39	40	1	2	1
2110	1419	7	9	2	3	2
2111	1736	15	16	1	1	1
2112	1887	66	69	2	3	1
2113	1250	42	44	3	1	1
2114	393	47	50	1	1	2
2115	1713	65	66	2	2	1
2116	252	58	60	3	3	2
2117	1641	49	50	1	2	2
2118	1501	14	17	3	2	1
2119	1744	61	64	3	3	2
2120	1629	70	71	3	2	1
2121	1534	37	40	1	2	2
2122	923	56	59	1	1	1
2123	1510	61	62	3	1	1
2124	1245	71	73	1	3	2
2125	39	55	57	2	2	2
2126	2009	53	55	3	3	1
2127	414	50	52	2	1	2
2128	378	19	22	2	1	2
2129	1060	57	60	1	3	2
2130	1750	43	45	2	1	1
2131	1953	13	16	3	1	1
2132	1769	2	5	1	1	1
2133	98	63	64	3	2	2
2134	711	11	14	2	3	2
2135	1263	50	51	2	3	2
2136	1669	28	29	2	2	2
2137	241	35	36	3	2	2
2138	196	61	62	2	1	1
2139	502	56	57	3	2	1
2140	778	26	29	1	2	2
2141	1442	19	21	2	2	2
2142	845	63	66	1	2	1
2143	311	18	19	2	3	1
2144	1352	22	25	3	2	2
2145	1876	48	51	1	1	2
2146	1118	24	27	1	2	2
2147	724	31	32	2	3	3
2148	422	24	27	2	1	1
2149	125	20	21	1	1	2
2150	1520	7	9	1	1	2
2151	1979	19	21	3	2	2
2152	488	52	53	3	1	1
2153	1720	50	51	3	2	2
2154	1951	10	11	2	1	1
2155	758	3	5	2	2	1
2156	1428	35	38	2	1	1
2157	428	59	62	2	2	2
2158	2067	45	46	2	2	2
2159	1865	69	70	3	1	1
2160	209	34	37	3	2	1
2161	145	41	44	3	3	3
2162	313	41	44	1	1	1
2163	231	31	34	1	1	2
2164	627	45	47	2	1	1
2165	1916	65	68	2	3	3
2166	584	2	5	1	3	2
2167	1222	60	61	1	2	1
2168	906	61	62	1	2	1
2169	1273	59	61	2	1	2
2170	859	1	3	3	1	2
2171	1717	63	64	3	3	1
2172	920	2	3	2	1	1
2173	1615	33	36	1	2	2
2174	1364	23	26	1	2	1
2175	406	36	39	3	3	2
2176	1375	53	55	2	1	1
2177	1191	54	56	3	2	2
2178	546	3	6	3	2	2
2179	932	51	53	2	1	2
2180	1638	9	11	3	1	2
2181	580	28	31	1	2	2
2182	357	61	63	3	3	2
2183	797	41	42	3	3	3
2184	1705	11	13	1	2	1
2185	137	39	40	1	2	1
2186	612	20	21	1	1	2
2187	738	2	3	2	3	2
2188	1249	12	14	3	3	3
2189	1991	66	69	2	3	3
2190	735	65	68	1	2	2
2191	1976	19	20	1	3	2
2192	1954	41	42	1	2	1
2193	1086	25	26	2	3	3
2194	404	70	73	1	2	1
2195	1042	26	28	3	2	2
2196	1000	1	2	1	1	2
2197	288	62	64	3	3	2
2198	96	51	53	2	1	1
2199	864	2	5	2	3	3
2200	286	58	59	2	2	1
2201	710	51	52	2	3	3
2202	1362	45	48	3	1	1
2203	1870	16	17	3	3	2
2204	1450	46	47	3	1	1
2205	1828	4	6	3	3	1
2206	17	41	44	3	1	2
2207	130	26	28	3	1	1
2208	1996	71	73	2	3	1
2209	1838	38	39	3	1	2
2210	190	12	15	1	3	2
2211	34	31	32	2	3	1
2212	1110	69	72	1	1	1
2213	1943	55	56	2	1	1
2214	2054	9	11	1	3	1
2215	1769	69	72	3	2	1
2216	1770	6	8	2	3	3
2217	598	66	68	1	2	2
2218	1475	57	59	3	3	2
2219	33	10	11	1	3	2
2220	1651	5	8	2	3	1
2221	1863	30	32	1	2	2
2222	789	56	59	3	3	3
2223	1771	51	53	1	2	2
2224	1583	4	5	1	1	1
2225	349	5	7	2	1	1
2226	133	72	73	2	3	2
2227	438	55	58	1	1	2
2228	1471	61	63	1	2	1
2229	1935	6	9	2	2	1
2230	1134	60	62	1	3	2
2231	1089	12	14	3	3	1
2232	739	29	30	2	2	2
2233	1367	59	62	2	1	2
2234	479	13	16	3	2	2
2235	1994	60	63	2	3	1
2236	561	57	60	3	2	2
2237	1004	38	40	1	2	1
2238	943	26	29	2	3	2
2239	2098	68	71	2	2	1
2240	1193	29	32	1	1	2
2241	1721	50	52	1	1	2
2242	1326	48	51	2	1	2
2243	2121	34	36	1	1	2
2244	1571	60	63	3	1	1
2245	1390	27	28	3	3	1
2246	1762	64	65	3	3	2
2247	1819	51	53	2	1	1
2248	1696	47	50	1	1	1
2249	1414	66	68	2	2	1
2250	596	6	9	3	3	3
2251	997	7	9	2	3	3
2252	309	1	3	2	1	1
2253	1472	63	64	1	3	1
2254	996	32	34	2	2	2
2255	2090	66	68	2	3	1
2256	127	52	53	1	3	1
2257	1966	41	44	2	3	2
2258	1	20	23	2	3	1
2259	1071	70	71	3	3	2
2260	1728	1	3	2	1	1
2261	105	16	18	3	2	2
2262	26	44	47	3	2	2
2263	1824	42	43	2	1	2
2264	2064	49	50	2	1	1
2265	402	5	7	2	1	1
2266	970	63	66	1	3	3
2267	2042	48	50	1	2	1
2268	382	1	4	3	1	2
2269	1723	61	63	3	3	3
2270	167	4	6	3	1	2
2271	1683	32	34	1	1	2
2272	2114	70	73	2	3	2
2273	693	35	37	1	1	1
2274	1039	57	58	1	1	2
2275	1495	4	5	2	1	1
2276	2149	39	41	3	3	3
2277	638	36	39	2	1	1
2278	89	10	11	3	3	2
2279	1102	2	5	3	3	3
2280	743	31	33	1	2	1
2281	403	43	46	3	1	1
2282	1236	1	3	1	3	1
2283	2092	46	49	2	2	1
2284	1395	41	43	3	1	2
2285	1117	3	4	3	3	1
2286	756	44	46	3	2	1
2287	334	21	24	1	1	2
2288	1016	21	22	2	3	1
2289	1529	45	48	3	1	1
2290	2107	7	10	2	2	2
2291	1079	18	19	2	1	1
2292	726	10	13	3	2	1
2293	333	13	15	2	3	3
2294	1469	42	43	1	1	1
2295	1164	39	40	3	3	3
2296	550	48	49	3	3	3
2297	759	23	25	2	1	2
2298	895	3	4	3	3	2
2299	1743	33	34	2	3	1
2300	1751	24	25	1	2	2
2301	833	43	44	3	2	1
2302	1782	44	45	1	2	1
2303	1917	55	58	1	1	2
2304	861	11	12	1	3	1
2305	981	44	47	3	2	1
2306	1700	61	62	3	2	2
2307	301	29	31	2	1	1
2308	1786	59	62	2	1	2
2309	1352	7	8	3	3	3
2310	345	23	25	1	2	1
2311	524	56	58	1	3	2
2312	76	19	20	3	2	1
2313	1505	59	61	2	1	1
2314	353	59	61	3	2	1
2315	200	67	70	1	3	1
2316	1094	69	72	1	3	2
2317	1038	16	19	3	3	1
2318	2045	2	4	2	1	1
2319	1448	11	14	1	3	2
2320	957	28	30	2	3	2
2321	1013	4	6	2	3	1
2322	340	69	72	2	2	1
2323	1706	17	20	1	1	2
2324	480	40	41	2	1	1
2325	1247	12	15	1	2	1
2326	1884	38	41	3	1	1
2327	1407	56	57	2	3	3
2328	1502	52	53	3	3	3
2329	1464	9	11	1	2	1
2330	500	33	34	3	2	1
2331	263	56	59	2	2	1
2332	2159	66	69	1	1	2
2333	1289	66	67	3	1	1
2334	1065	63	66	1	1	1
2335	774	2	4	1	2	2
2336	1972	69	71	3	1	2
2337	495	22	23	1	3	3
2338	1175	52	54	1	2	1
2339	1289	12	13	1	3	1
2340	571	44	47	2	3	3
2341	1438	51	53	2	3	2
2342	360	51	52	1	3	3
2343	2105	67	69	3	3	2
2344	858	14	17	2	1	2
2345	662	65	66	1	3	2
2346	272	35	38	1	1	2
2347	213	54	55	2	2	2
2348	443	41	43	2	1	1
2349	962	61	63	1	2	2
2350	273	44	46	3	3	3
2351	134	23	24	2	2	2
2352	1424	1	2	2	1	2
2353	492	51	52	2	1	2
2354	1152	62	63	3	3	2
2355	1073	48	51	3	2	1
2356	1248	64	67	1	3	1
2357	2093	13	14	2	2	1
2358	1813	13	16	2	3	2
2359	844	55	57	2	2	1
2360	2060	47	48	3	1	1
2361	1653	21	23	2	2	1
2362	1084	57	60	3	1	2
2363	100	10	12	3	1	1
2364	1259	63	66	2	2	1
2365	954	68	71	3	2	1
2366	1416	34	37	1	3	2
2367	975	18	21	1	1	1
2368	1693	18	21	3	3	2
2369	326	13	15	1	3	2
2370	1463	43	46	1	1	1
2371	2160	44	45	3	1	1
2372	680	42	44	3	2	1
2373	24	44	47	2	1	2
2374	319	45	46	2	3	3
2375	2046	68	71	1	2	1
2376	1794	18	20	3	1	1
2377	697	22	23	1	3	2
2378	843	37	39	2	1	1
2379	1576	22	24	2	2	1
2380	370	43	46	3	3	3
2381	1087	64	66	3	1	1
2382	1738	30	31	1	3	1
2383	1266	70	73	2	1	2
2384	1661	13	15	3	3	1
2385	332	12	15	1	1	2
2386	672	65	68	3	1	2
2387	669	4	6	2	1	2
2388	1296	72	73	1	3	1
2389	1501	48	50	3	1	1
2390	2100	18	21	3	1	1
2391	2014	49	52	3	1	2
2392	1602	32	34	3	2	2
2393	1788	22	23	3	1	2
2394	1912	18	20	2	3	3
2395	590	1	2	1	2	1
2396	1764	49	52	1	2	2
2397	1254	20	23	2	1	2
2398	103	58	61	1	3	2
2399	978	9	11	1	2	2
2400	1284	59	60	1	2	1
2401	1909	44	46	3	3	1
2402	636	68	71	2	2	2
2403	278	2	3	2	3	3
2404	363	70	72	1	1	1
2405	912	20	22	3	2	2
2406	1654	23	26	1	2	2
2407	1783	50	51	1	2	2
2408	624	59	60	3	3	1
2409	384	45	46	3	3	3
2410	248	4	6	2	1	2
2411	542	42	45	3	3	3
2412	1350	67	68	2	2	2
2413	2089	45	46	1	2	2
2414	1482	5	6	3	1	1
2415	1374	70	71	3	3	2
2416	1670	46	47	3	2	1
2417	68	1	3	2	1	1
2418	2086	43	44	2	2	1
2419	2015	47	48	3	2	1
2420	1064	61	63	2	3	1
2421	1440	45	46	2	2	2
2422	850	17	19	3	2	1
2423	1198	25	26	3	1	1
2424	1278	65	67	3	1	2
2425	699	1	3	1	2	1
2426	950	42	45	3	2	1
2427	985	61	62	3	3	2
2428	781	64	66	2	3	3
2429	1800	26	29	3	3	1
2430	1524	56	58	1	3	2
2431	475	42	43	3	1	1
2432	1406	16	19	2	2	1
2433	1853	36	39	2	3	3
2434	1161	65	67	3	3	3
2435	615	38	41	1	2	2
2436	633	21	22	2	2	2
2437	822	34	36	2	1	2
2438	1568	38	40	3	2	2
2439	30	4	7	3	3	2
2440	354	42	44	2	1	1
2441	359	3	5	3	1	2
2442	881	22	25	3	3	2
2443	1355	66	68	3	1	2
2444	1759	25	26	2	2	1
2445	1830	48	50	2	2	2
2446	1890	52	53	3	2	1
2447	205	57	58	2	2	2
2448	1180	37	40	3	3	2
2449	616	53	56	3	3	1
2450	528	10	11	1	1	2
2451	1417	39	40	1	2	1
2452	2070	60	61	3	3	3
2453	1344	38	40	2	3	2
2454	388	25	27	1	1	1
2455	28	44	45	1	3	3
2456	1493	37	38	2	1	1
2457	493	35	37	3	1	2
2458	1867	5	8	2	3	3
2459	144	26	29	3	1	2
2460	802	4	6	2	3	1
2461	91	10	13	1	1	2
2462	1122	72	73	1	1	1
2463	128	12	14	2	3	2
2464	1731	49	51	2	1	2
2465	1093	40	42	2	3	3
2466	2039	8	11	2	1	1
2467	445	30	32	2	1	2
2468	696	30	33	3	2	2
2469	715	32	35	2	3	1
2470	1017	4	6	3	1	2
2471	242	33	34	3	3	2
2472	1915	54	56	3	2	1
2473	427	53	55	2	1	1
2474	613	34	37	2	2	1
2475	847	29	30	3	3	2
2476	889	48	50	1	3	1
2477	140	7	9	3	3	3
2478	1694	6	7	2	3	3
2479	110	45	48	3	1	1
2480	748	22	25	2	3	3
2481	2063	72	74	1	2	2
2482	617	12	15	3	1	2
2483	379	10	12	1	2	2
2484	1805	32	33	2	1	2
2485	1675	35	37	1	1	1
2486	285	27	30	3	3	1
2487	1642	39	40	1	1	2
2488	1758	42	44	2	1	2
2489	722	24	25	1	1	2
2490	133	25	27	3	3	2
2491	59	14	15	3	2	2
2492	1179	4	7	1	2	1
2493	990	70	73	2	1	2
2494	2073	43	44	1	3	1
2495	1137	52	55	1	3	2
2496	731	68	71	2	1	2
2497	940	38	40	1	2	1
2498	188	33	35	3	2	1
2499	271	67	68	2	2	2
2500	152	6	7	3	1	1

