DATASET = ORTEC-hidden instance set VeRoLog competition
NAME = tools over distance over vehicle days over vehicles with 2000 requests over 50 days

DAYS = 50
CAPACITY = 40
MAX_TRIP_DISTANCE = 16000
DEPOT_COORDINATE = 0

VEHICLE_COST = 1
VEHICLE_DAY_COST = 3000
DISTANCE_COST = 300000

TOOLS = 4
1	3	76	10000000
2	9	82	30000000
3	3	92	10000000
4	3	76	30000000

COORDINATES = 1778
0	3976	3992
1	8284	6131
2	9492	6138
3	4396	6145
4	5534	6148
5	8836	6150
6	8311	6151
7	8803	6151
8	8409	6157
9	7388	6160
10	9067	6166
11	9134	6173
12	8736	6181
13	5889	6188
14	7086	6195
15	8172	6195
16	7513	6197
17	8244	6197
18	7202	8147
19	7528	6208
20	9459	6225
21	8234	6229
22	8007	6236
23	7618	6237
24	7624	6241
25	7256	6253
26	8498	6151
27	8109	6259
28	4019	6272
29	4187	6277
30	6304	6279
31	6371	6283
32	4320	6284
33	8484	6289
34	7700	6290
35	7788	6295
36	3881	4157
37	3916	6312
38	3925	6319
39	4112	6330
40	7846	6340
41	8445	6343
42	8385	6345
43	6700	6347
44	6788	6348
45	7586	6354
46	7641	6381
47	8344	6390
48	3548	6393
49	3823	6398
50	6329	6398
51	4837	2169
52	3989	6407
53	3943	6418
54	7399	6437
55	8496	6446
56	8240	6457
57	4437	6459
58	8567	6467
59	8565	6469
60	7928	6470
61	8286	6473
62	7538	6188
63	6142	6480
64	3929	6497
65	7089	6193
66	6791	6506
67	4600	4191
68	9497	6011
69	8445	6519
70	7676	6527
71	8385	6532
72	7445	5852
73	4353	6540
74	8687	6544
75	8613	6547
76	5076	4197
77	7448	6550
78	7423	6562
79	8626	6565
80	3890	6571
81	4262	6571
82	7171	6573
83	7941	6577
84	6761	6579
85	7286	6587
86	8441	6600
87	7683	6601
88	7641	6607
89	7349	6609
90	7125	6613
91	8691	6632
92	4415	4211
93	3543	6639
94	3709	6643
95	7590	6648
96	7176	6649
97	7403	6659
98	3983	6665
99	7279	6665
100	4190	6670
101	7976	6671
102	7685	6673
103	3869	4218
104	4066	6676
105	8062	6679
106	4008	4220
107	7863	6686
108	7216	6689
109	3474	6654
110	4072	6690
111	4284	6224
112	7022	6693
113	8862	6224
114	7828	6696
115	3790	6700
116	4235	4223
117	3416	6705
118	3782	6706
119	6556	8230
120	8751	6708
121	7961	6710
122	8605	6228
123	7907	6721
124	7978	6724
125	3680	6730
126	7002	6731
127	7819	6739
128	7192	6742
129	3372	6743
130	4020	6748
131	6771	6758
132	6534	6760
133	3979	6765
134	4130	6766
135	4199	6766
136	6325	2231
137	8546	6786
138	3782	6801
139	3639	6805
140	8598	6808
141	8761	4240
142	8476	6814
143	8442	6824
144	8479	6842
145	8339	6843
146	8307	6843
147	8351	6852
148	7775	6856
149	4663	6866
150	8243	6874
151	6946	6877
152	3399	6879
153	6246	4252
154	6932	6883
155	8681	6885
156	8480	6887
157	8352	6887
158	4010	6896
159	7715	6899
160	4198	6903
161	8118	6904
162	4627	6910
163	9547	6913
164	8443	6917
165	8681	6921
166	8188	6923
167	4676	6935
168	7458	6946
169	7462	6948
170	7481	6950
171	7478	6951
172	3835	6956
173	7531	6959
174	7794	6961
175	8023	6961
176	9024	6963
177	3939	6969
178	6777	6969
179	7514	6970
180	4064	6977
181	8204	4268
182	5566	8337
183	7259	6981
184	7713	6985
185	7494	6993
186	4257	6994
187	6359	4272
188	8741	7001
189	8440	7003
190	6907	7012
191	9155	7015
192	4277	7026
193	7729	7027
194	7839	7037
195	6939	8236
196	4515	4281
197	8157	7058
198	8775	7058
199	6274	7060
200	8858	7065
201	3982	7074
202	6886	7074
203	6757	8293
204	4161	7088
205	4742	7090
206	4505	7093
207	8766	7097
208	3923	7110
209	4528	2361
210	7184	7129
211	4010	7131
212	8750	7131
213	9316	7132
214	8903	7132
215	8491	7135
216	4382	7144
217	8140	7148
218	7531	7155
219	8750	7156
220	7784	7157
221	4418	7167
222	8665	7168
223	7915	7177
224	7562	7181
225	3511	7189
226	8709	7190
227	7688	7192
228	7500	7193
229	7493	7196
230	6726	7197
231	7497	7202
232	4266	7217
233	7466	7217
234	7424	7221
235	7766	7241
236	6711	7244
237	8562	7246
238	8108	4313
239	8764	7251
240	7896	7254
241	8798	7261
242	8076	7262
243	7367	7268
244	8329	7268
245	3447	7271
246	8513	7277
247	8205	7278
248	7395	7279
249	7478	7292
250	8210	7299
251	6719	7299
252	3808	7307
253	6307	7317
254	7230	7320
255	7090	7322
256	7695	7326
257	7480	7327
258	7400	7331
259	7060	7337
260	8928	7347
261	3845	7358
262	7174	7362
263	7829	7363
264	3892	7365
265	7280	7376
266	3817	7378
267	5094	4335
268	7742	7378
269	6540	7380
270	6382	7381
271	8498	7382
272	7643	7400
273	7228	7400
274	7276	7401
275	3615	7408
276	6784	8347
277	7170	7411
278	6325	7414
279	3929	7416
280	9616	7442
281	3841	7443
282	7635	7466
283	8652	7474
284	8096	7476
285	6845	7488
286	9064	7497
287	9628	7502
288	8259	7513
289	4165	4360
290	6547	7528
291	9331	7531
292	3807	7532
293	8781	7536
294	3680	7538
295	8260	7541
296	6918	7542
297	7286	7546
298	6533	7549
299	7367	7549
300	7385	7552
301	2418	4366
302	6677	7563
303	7700	7563
304	5696	7980
305	8055	4366
306	9315	7569
307	8770	7573
308	8343	4778
309	9667	7584
310	8609	7590
311	5744	4371
312	7763	7592
313	7905	7615
314	7920	7617
315	7608	7620
316	6507	7633
317	8475	7633
318	6850	7641
319	8762	7645
320	3480	7647
321	5651	7651
322	7286	7656
323	6734	7663
324	7501	7663
325	6250	7672
326	7864	7676
327	6938	7678
328	6430	7690
329	9723	8785
330	8374	7715
331	6630	7722
332	8572	7723
333	7121	7727
334	6804	7728
335	5921	7729
336	8003	7741
337	4498	7743
338	6173	7748
339	5820	7749
340	5856	7751
341	5393	7761
342	6158	8408
343	8364	7777
344	3624	4403
345	4496	2401
346	6625	7797
347	5229	7804
348	8277	7806
349	6769	7808
350	8188	7808
351	8580	7809
352	5900	7822
353	5248	7826
354	7162	7830
355	6771	7830
356	4059	7849
357	5274	7852
358	6582	7853
359	4142	7853
360	4127	7856
361	6934	7869
362	6029	7872
363	5448	7874
364	7384	7885
365	7453	7888
366	7400	7892
367	6222	7892
368	5790	7900
369	6480	7902
370	6875	7921
371	6012	7928
372	8763	7932
373	8281	7933
374	7322	7937
375	5399	7944
376	9230	7956
377	9462	7957
378	6965	7960
379	5334	7965
380	7477	7966
381	6236	7967
382	6014	7968
383	6695	7969
384	7422	7978
385	6996	8444
386	7514	7992
387	8823	4260
388	6603	7997
389	8654	7998
390	8549	8004
391	8445	8010
392	4297	4441
393	7202	8018
394	3644	6447
395	6338	8024
396	8324	8034
397	6115	8035
398	5561	8040
399	7331	8046
400	6948	8048
401	5489	8048
402	7045	8054
403	7728	8064
404	7521	8068
405	7634	8077
406	7075	8078
407	8029	7997
408	5543	8082
409	6001	8084
410	8143	8099
411	5683	8100
412	9628	8103
413	7289	8113
414	7221	4459
415	4999	4459
416	5454	8140
417	7561	8156
418	7639	8156
419	6126	8158
420	6904	8161
421	7701	8163
422	6427	8176
423	4093	4469
424	6109	8197
425	5695	8198
426	6777	8205
427	5736	8480
428	6406	8207
429	7307	8208
430	5961	8208
431	5953	8481
432	7359	8217
433	6472	8233
434	7418	6483
435	6896	8263
436	5329	8490
437	6500	8276
438	5746	8277
439	7153	8278
440	6790	8280
441	5331	8286
442	6085	8293
443	7753	8293
444	6853	8295
445	7390	8301
446	5361	8302
447	9977	8302
448	6430	8304
449	7793	8306
450	8743	8497
451	5737	8315
452	7556	8318
453	5818	8320
454	7930	8405
455	7513	8323
456	5788	8324
457	9555	8326
458	5601	8333
459	7694	8344
460	5533	8347
461	6499	8347
462	5589	8349
463	7259	8356
464	3641	8356
465	9351	8361
466	8073	6503
467	3589	8378
468	8782	8379
469	7955	8382
470	8093	8389
471	6636	8401
472	7859	8405
473	6630	8410
474	6555	8414
475	7302	8419
476	7715	6512
477	6678	8439
478	5835	8446
479	5470	8452
480	6504	8464
481	8461	8465
482	7161	8477
483	5985	8479
484	7697	4519
485	7814	8487
486	6269	8490
487	7180	8494
488	7664	8496
489	5786	8497
490	7882	8504
491	5873	8508
492	7741	8510
493	7919	8510
494	7239	8532
495	4001	6528
496	3684	8516
497	9533	8520
498	6834	8524
499	9691	8533
500	6846	8539
501	6223	8542
502	5790	8560
503	7485	8570
504	8460	8573
505	3948	8575
506	7761	8578
507	8044	8580
508	6396	6539
509	6814	8582
510	7663	8586
511	3933	8596
512	5591	8615
513	6109	8620
514	5555	8623
515	8534	8624
516	3770	8634
517	4177	2541
518	8441	8637
519	8266	8643
520	3931	4414
521	9047	8646
522	7750	8650
523	8989	8651
524	6305	8656
525	9086	6015
526	7964	4552
527	6799	8559
528	8273	8681
529	5841	8682
530	5634	8686
531	8277	8691
532	7242	8694
533	4586	2414
534	6897	8699
535	7680	8702
536	7790	6562
537	7540	8738
538	7237	8744
539	6943	8752
540	5437	8754
541	5441	8773
542	7665	8781
543	8348	8783
544	5625	8789
545	3836	4572
546	5738	8797
547	6318	8799
548	6602	8819
549	6211	8831
550	5796	8831
551	6177	8839
552	7539	8840
553	6045	8847
554	9834	8850
555	6446	8859
556	8673	4583
557	7739	8872
558	6194	8592
559	7607	8889
560	7080	8895
561	6243	8898
562	7069	8905
563	8907	8917
564	6692	8918
565	4199	4593
566	7706	8929
567	5714	8936
568	6765	8939
569	5571	8957
570	7627	4599
571	7065	8965
572	7374	8967
573	7190	8972
574	8801	8973
575	7706	8609
576	9179	8986
577	8795	9004
578	7630	9017
579	5496	9020
580	6062	9024
581	7981	9027
582	7661	9031
583	6726	9044
584	6119	9050
585	3820	4614
586	7713	9066
587	5694	9067
588	5988	8624
589	7865	9079
590	7931	9079
591	5949	9081
592	4521	4028
593	5792	9089
594	7739	9089
595	9254	9110
596	3424	2621
597	8074	9112
598	9573	9115
599	2474	4430
600	7675	9136
601	8123	8635
602	6401	9142
603	7751	9147
604	7368	9150
605	6326	9161
606	7628	9168
607	6177	9177
608	4773	2633
609	5988	9191
610	6635	9195
611	8392	9198
612	7928	9209
613	9270	9211
614	8384	9213
615	6310	9217
616	8633	9223
617	8918	9240
618	5700	8653
619	6674	9242
620	6554	9244
621	7384	9244
622	6827	8654
623	8198	9248
624	7212	9250
625	8889	9252
626	6374	9255
627	8861	9268
628	7879	9275
629	7471	9282
630	7170	9290
631	7382	9291
632	9161	9292
633	8998	4434
634	8185	9296
635	8272	9304
636	7515	9306
637	7994	9307
638	8597	9314
639	7464	9323
640	8010	9323
641	7968	4659
642	6892	9328
643	8838	9345
644	8890	9349
645	6966	9353
646	8212	9357
647	8115	9362
648	9051	9362
649	6597	9383
650	7171	9389
651	6447	9394
652	7693	6675
653	6207	9409
654	8609	9419
655	7006	9424
656	8580	9450
657	9189	9464
658	7808	9466
659	8619	9468
660	7203	9470
661	8391	9478
662	8418	9485
663	6758	9490
664	7102	9496
665	6904	9498
666	9170	9505
667	9209	9509
668	8219	9514
669	8122	8699
670	6674	9524
671	6941	9533
672	9008	9538
673	7928	9549
674	8885	9550
675	7264	9553
676	6520	9558
677	8383	9563
678	4078	6704
679	8563	9572
680	9167	9580
681	8407	9581
682	2737	2703
683	6598	9603
684	8981	9605
685	6322	8715
686	6796	9621
687	8495	9631
688	6844	9643
689	8569	9651
690	8018	9667
691	7901	9686
692	8950	9686
693	6187	8737
694	8724	9762
695	3748	4745
696	6001	9840
697	7058	4854
698	4078	2758
699	6585	2759
700	6238	8773
701	4228	4771
702	7352	10000
703	7323	8781
704	8468	4778
705	5486	4780
706	8431	4781
707	6882	6792
708	5108	2786
709	4218	4596
710	7328	4798
711	4492	2798
712	5467	8815
713	7219	4810
714	4061	4816
715	5743	8826
716	6962	8830
717	6629	2834
718	3257	2842
719	4707	4475
720	3820	8478
721	2556	2860
722	412	2861
723	6577	8874
724	6948	8681
725	8626	8899
726	3933	6903
727	6160	2903
728	3922	2905
729	6952	6913
730	8791	6681
731	6342	2920
732	8748	4931
733	9406	6938
734	2977	4944
735	8370	4947
736	7862	8956
737	7483	6955
738	6405	6961
739	8784	4961
740	4320	6966
741	6675	8971
742	8374	6099
743	5299	4978
744	7932	4980
745	8731	4983
746	4525	5143
747	8694	4905
748	3849	5010
749	3580	5011
750	8604	7015
751	8545	5014
752	8817	5014
753	5610	5022
754	4196	7026
755	8997	7028
756	3559	7029
757	8171	5028
758	4766	7035
759	7004	5036
760	6191	3035
761	8490	7055
762	4234	7061
763	7780	9066
764	6688	3066
765	5592	3069
766	4159	5076
767	4356	4520
768	7066	3319
769	2717	5083
770	4252	7094
771	3374	3088
772	3011	3096
773	4528	7106
774	3894	5105
775	3899	5109
776	6648	0
777	8168	4127
778	8616	5120
779	6355	73
780	8081	9128
781	4282	6546
782	6610	87
783	3511	5125
784	7599	5125
785	6519	115
786	6405	119
787	3454	5169
788	9122	5132
789	8283	8533
790	6530	203
791	7067	5143
792	8740	5152
793	4279	3150
794	6467	306
795	6786	9169
796	6443	319
797	7187	5168
798	8462	5169
799	8643	7175
800	4887	3169
801	8472	5173
802	7015	397
803	6003	401
804	7048	9184
805	8142	5186
806	4509	3186
807	8939	7196
808	9134	5193
809	7601	9346
810	6860	4543
811	7854	5195
812	7657	6145
813	6165	555
814	4199	5205
815	6274	585
816	6526	594
817	6286	633
818	6322	633
819	6799	9223
820	8765	5220
821	6732	770
822	7098	7247
823	4791	3240
824	6083	9253
825	4571	4153
826	8378	5249
827	6416	890
828	7410	5265
829	1168	2957
830	5312	3263
831	8109	9275
832	8542	7276
833	8740	5895
834	6297	1062
835	6380	1148
836	7551	8967
837	6602	1166
838	6405	1175
839	7057	5068
840	6471	1223
841	8717	7322
842	8525	9327
843	6461	6170
844	6936	3326
845	8548	9338
846	6428	1337
847	8024	5333
848	6991	1359
849	5070	5337
850	8141	5344
851	7161	5350
852	3679	5352
853	6800	1462
854	6576	7359
855	3779	3355
856	7037	5362
857	6410	1558
858	5075	5372
859	6282	1592
860	6346	1604
861	6203	1627
862	6947	1662
863	6994	1670
864	5138	4182
865	6458	1685
866	6326	1710
867	6939	1741
868	6840	1753
869	1426	1775
870	7910	5409
871	1101	1823
872	6947	3386
873	7737	7419
874	6392	1844
875	7105	1845
876	7127	1854
877	7558	4988
878	7358	8191
879	5114	1882
880	1614	1886
881	4951	1899
882	5847	1908
883	6550	1915
884	6401	1936
885	5135	1956
886	6503	1958
887	6357	1965
888	5375	1970
889	8166	5438
890	6403	1980
891	3035	2991
892	1023	1995
893	7018	7445
894	6738	2010
895	5145	2014
896	6384	2037
897	6458	2050
898	5257	2056
899	7155	2089
900	4634	2093
901	7170	2093
902	6077	2101
903	5489	2130
904	1872	2133
905	6297	2134
906	5400	2137
907	6896	2137
908	5691	2146
909	6702	2150
910	6318	2152
911	8328	7471
912	756	2163
913	5892	2163
914	5091	2165
915	4733	2174
916	4618	2175
917	5175	2176
918	6086	2179
919	4845	2184
920	1699	2209
921	8824	5800
922	6430	2229
923	6089	2231
924	6104	2234
925	4846	2257
926	6942	5487
927	5037	2267
928	5731	2280
929	4842	2284
930	1573	2309
931	6251	2318
932	6310	2325
933	9166	5499
934	6760	2342
935	5041	2343
936	5125	2357
937	6276	2366
938	5089	2390
939	4812	2394
940	6314	2394
941	4674	2399
942	4737	2416
943	6742	2421
944	7012	2437
945	3682	2442
946	6878	2448
947	6860	2450
948	6303	2452
949	6239	2459
950	1120	2476
951	4908	2481
952	2645	2485
953	4582	2486
954	4988	2491
955	3963	2499
956	6072	3523
957	4539	2507
958	3117	2508
959	4180	7533
960	2454	2523
961	3055	2534
962	611	2542
963	3037	2551
964	2598	2561
965	4182	2562
966	6934	7542
967	4543	3536
968	4438	3537
969	1468	2591
970	4159	2611
971	4180	2612
972	5767	2613
973	6706	2616
974	1184	2621
975	2839	2624
976	5846	2625
977	1227	2628
978	7042	2637
979	4674	2648
980	2812	2650
981	2845	2653
982	6764	2653
983	6730	2658
984	6781	2667
985	3938	2678
986	4557	2678
987	5047	2681
988	4008	2681
989	6219	2688
990	3918	2697
991	4791	2699
992	531	2705
993	4821	2707
994	2853	2709
995	2691	2712
996	6750	2718
997	3166	2719
998	4763	2719
999	8700	5565
1000	419	2743
1001	5156	2757
1002	3805	2760
1003	8879	5569
1004	3637	2765
1005	5484	3567
1006	4954	2774
1007	4260	3568
1008	6151	2778
1009	6010	2782
1010	1561	2787
1011	6165	2787
1012	6188	2790
1013	4802	2792
1014	3165	2796
1015	2930	2804
1016	3095	2805
1017	7058	2825
1018	3662	2829
1019	7105	2830
1020	4912	2836
1021	4673	2836
1022	5349	2843
1023	4065	2844
1024	327	2861
1025	5402	2862
1026	4052	2866
1027	2482	2868
1028	5008	2870
1029	744	2875
1030	4081	2881
1031	6112	2881
1032	350	2884
1033	1930	2884
1034	633	2890
1035	6047	2889
1036	2308	2894
1037	2748	2903
1038	2335	2903
1039	6584	2905
1040	6493	2912
1041	5061	2918
1042	323	2919
1043	3420	6225
1044	5436	5023
1045	6756	7601
1046	6162	2933
1047	638	2937
1048	6010	2939
1049	3562	2940
1050	4439	5600
1051	5697	2947
1052	6404	2948
1053	8817	5601
1054	3157	2977
1055	5858	2979
1056	6679	2981
1057	6630	2984
1058	5993	2987
1059	5518	2987
1060	3833	2992
1061	6631	3003
1062	5067	3004
1063	5669	3011
1064	8507	5611
1065	5169	3017
1066	6327	3031
1067	5560	3033
1068	6763	3033
1069	6474	3035
1070	757	3046
1071	6799	3049
1072	3106	3053
1073	6465	3060
1074	6455	3060
1075	4753	3061
1076	4097	3065
1077	5522	3067
1078	4876	3068
1079	5553	3074
1080	4000	5622
1081	6085	3078
1082	6333	3088
1083	5592	3092
1084	7140	3095
1085	6659	3107
1086	4674	3108
1087	7106	3109
1088	5823	3118
1089	5527	3127
1090	4933	3128
1091	4927	3141
1092	4899	3142
1093	3331	3160
1094	4652	3160
1095	4875	3164
1096	7014	3172
1097	6259	3175
1098	4624	5641
1099	6110	3196
1100	5584	3210
1101	6166	3218
1102	6592	3219
1103	1504	3221
1104	6534	3228
1105	6609	3237
1106	6685	3241
1107	7748	8636
1108	4909	3247
1109	4025	3256
1110	6080	3261
1111	6554	3261
1112	5626	3264
1113	3942	3265
1114	6003	3266
1115	2846	3271
1116	4834	3271
1117	6327	3271
1118	6000	3282
1119	5595	3288
1120	7931	5659
1121	4811	3311
1122	5640	3323
1123	5532	3323
1124	5953	3324
1125	4864	3330
1126	4192	3332
1127	2322	3334
1128	6530	3335
1129	5971	3335
1130	5169	3339
1131	1369	3341
1132	6372	3342
1133	2456	3346
1134	5673	3347
1135	3599	3357
1136	4655	3359
1137	4714	3361
1138	4108	3365
1139	4246	3367
1140	3982	3373
1141	5569	3388
1142	1738	3392
1143	3745	3393
1144	2828	3410
1145	6070	3409
1146	4048	3414
1147	5217	3414
1148	2110	3416
1149	6531	3432
1150	4550	3436
1151	5518	3444
1152	3793	3448
1153	3372	3451
1154	4049	3454
1155	4581	3456
1156	6509	3459
1157	4176	3683
1158	6444	3467
1159	5644	3475
1160	5488	3480
1161	5580	3484
1162	5819	4243
1163	8663	6644
1164	6924	3531
1165	4351	3532
1166	5938	3536
1167	3034	3538
1168	6136	3557
1169	4228	3564
1170	4222	3568
1171	4710	3570
1172	6338	3575
1173	5299	3579
1174	5833	3617
1175	6271	7716
1176	5983	3622
1177	5866	3632
1178	4368	3640
1179	6696	3657
1180	4320	3666
1181	5490	3672
1182	4974	3686
1183	7219	7728
1184	5333	3696
1185	6378	3698
1186	5224	3704
1187	6134	3705
1188	6156	3708
1189	4791	3712
1190	4421	3734
1191	6768	3747
1192	6079	3748
1193	5382	3768
1194	5500	7741
1195	6260	3774
1196	5171	3776
1197	5626	3776
1198	1739	3785
1199	1799	3791
1200	5342	3796
1201	5563	3805
1202	4757	4252
1203	6436	3815
1204	4463	3829
1205	4449	3832
1206	4997	3839
1207	9755	8636
1208	6410	7757
1209	1738	3751
1210	1312	3885
1211	6037	7763
1212	3761	3936
1213	5857	3941
1214	4370	3946
1215	4454	3953
1216	5474	3955
1217	6174	3958
1218	4534	3975
1219	5036	3977
1220	3615	3990
1221	6241	3990
1222	9839	7873
1223	6938	3995
1224	5587	4000
1225	2381	4001
1226	5961	4009
1227	7769	4021
1228	7732	4028
1229	6978	4031
1230	3440	4033
1231	4671	4036
1232	3044	3781
1233	4281	4049
1234	4248	4055
1235	6053	4058
1236	3576	4065
1237	2219	4066
1238	5869	4067
1239	5727	4070
1240	6952	4071
1241	4888	4072
1242	4850	4073
1243	3919	4077
1244	3705	4081
1245	4730	4086
1246	4048	4094
1247	1879	4096
1248	4480	4104
1249	5441	4107
1250	4193	4125
1251	3466	4131
1252	7981	9466
1253	3945	4135
1254	4805	4140
1255	4139	4141
1256	5277	3796
1257	6828	4154
1258	3580	4156
1259	8289	4162
1260	3690	4168
1261	7150	7807
1262	7542	5804
1263	3688	4172
1264	4402	4176
1265	4037	4178
1266	8312	4181
1267	8240	4265
1268	3449	4185
1269	4295	4191
1270	5044	4191
1271	3962	4205
1272	3547	4212
1273	4120	4213
1274	3710	4215
1275	3858	4217
1276	4200	4219
1277	6776	4220
1278	8807	4222
1279	5112	4231
1280	8315	4234
1281	8068	4242
1282	7104	4246
1283	4070	4261
1284	3909	4263
1285	8062	4263
1286	4962	4265
1287	3938	4266
1288	8821	4266
1289	3984	4269
1290	5089	4269
1291	6227	4273
1292	6210	4274
1293	3380	4282
1294	4624	4282
1295	3294	4283
1296	6335	3819
1297	4280	4286
1298	4790	4288
1299	8860	4293
1300	6365	4297
1301	8445	4297
1302	5916	7829
1303	8784	5826
1304	6051	4305
1305	8714	4317
1306	4743	4318
1307	4395	4324
1308	3626	4329
1309	6198	4331
1310	6580	4336
1311	4765	4338
1312	4294	4338
1313	3998	4340
1314	2341	4341
1315	5363	4342
1316	6020	4344
1317	3467	4346
1318	7954	4351
1319	4442	4363
1320	4681	4368
1321	4552	4369
1322	4067	4372
1323	8759	4372
1324	8642	4384
1325	6089	4391
1326	8609	4395
1327	4317	4396
1328	2481	4398
1329	6324	4402
1330	8607	4407
1331	7011	4418
1332	7048	7849
1333	4207	4424
1334	3585	4427
1335	4918	4430
1336	9054	4440
1337	8958	4445
1338	7905	4452
1339	8091	4452
1340	4581	4455
1341	4986	4459
1342	8023	4459
1343	8606	4459
1344	7379	4460
1345	4254	4465
1346	4121	4470
1347	3716	4471
1348	4160	4479
1349	5240	4482
1350	3518	4482
1351	7960	4482
1352	3527	4490
1353	3386	4492
1354	5753	4498
1355	3760	4499
1356	6904	4501
1357	8189	4502
1358	5293	4525
1359	5014	3076
1360	5387	4532
1361	4755	4533
1362	5331	4538
1363	8844	4539
1364	8520	4539
1365	2387	4542
1366	4004	4546
1367	8160	4547
1368	4415	4550
1369	7991	4552
1370	7709	4552
1371	4875	4559
1372	6036	8641
1373	8324	4566
1374	4097	4568
1375	7897	4568
1376	3633	4574
1377	4145	4579
1378	8524	4588
1379	3709	4590
1380	8563	4593
1381	8321	4597
1382	5295	4597
1383	7565	4605
1384	8260	4607
1385	7344	4615
1386	8427	4622
1387	3785	4625
1388	3859	4626
1389	4791	4626
1390	8230	6681
1391	4619	4627
1392	2538	4630
1393	8578	4631
1394	8854	5881
1395	5202	4638
1396	8192	4638
1397	7393	4642
1398	7805	4643
1399	8795	4647
1400	4046	4655
1401	7261	4663
1402	8539	4673
1403	3777	4677
1404	8677	4681
1405	8042	4679
1406	4075	4682
1407	7945	4682
1408	8728	4686
1409	4309	4691
1410	2838	4694
1411	8226	4693
1412	4578	4695
1413	3805	4697
1414	8143	4702
1415	4858	4712
1416	3712	4714
1417	7409	4714
1418	8630	4717
1419	8036	4723
1420	4065	4725
1421	7573	4728
1422	8571	4731
1423	8598	4733
1424	3710	4737
1425	8094	4742
1426	7647	5900
1427	4121	4750
1428	3849	4752
1429	8375	4752
1430	4219	4754
1431	8310	4759
1432	4040	4760
1433	4697	4762
1434	8444	4779
1435	3771	4785
1436	7172	4789
1437	8351	4790
1438	8458	4790
1439	8437	4791
1440	8708	4794
1441	7526	4796
1442	4309	4799
1443	5725	4802
1444	9634	5909
1445	4074	4807
1446	7571	5910
1447	8062	4809
1448	7774	4811
1449	7245	4811
1450	8118	4814
1451	8189	4815
1452	8589	4817
1453	7709	4821
1454	8412	4822
1455	7466	8289
1456	5306	4836
1457	8456	4836
1458	5414	4840
1459	3547	4843
1460	4226	4848
1461	3809	4850
1462	3752	4850
1463	8572	4852
1464	4762	4854
1465	3624	4858
1466	3811	4860
1467	7004	8690
1468	7539	4870
1469	3833	4880
1470	7924	4879
1471	3002	4883
1472	3513	4883
1473	7851	4892
1474	8639	4897
1475	5331	4901
1476	4044	4904
1477	3944	4906
1478	8326	4910
1479	3173	4916
1480	3137	4918
1481	7748	4918
1482	8467	4921
1483	8490	4922
1484	7562	4927
1485	8697	4929
1486	4777	4936
1487	8406	4938
1488	3400	4945
1489	4065	4949
1490	4110	4953
1491	7274	4956
1492	3954	4958
1493	2739	4965
1494	3770	4966
1495	5430	4966
1496	5582	4968
1497	3488	4972
1498	2600	4973
1499	3477	4978
1500	3646	4982
1501	8014	4985
1502	8347	4992
1503	5425	4993
1504	3398	4997
1505	7280	4999
1506	3053	5000
1507	8107	5010
1508	9077	5021
1509	8307	5022
1510	7903	5026
1511	9029	5028
1512	7143	5033
1513	8181	5038
1514	9054	5039
1515	5446	5043
1516	8806	5043
1517	7921	5052
1518	8873	5895
1519	4689	5072
1520	3979	5076
1521	3047	5078
1522	3239	5080
1523	7817	5083
1524	5404	5099
1525	4179	5100
1526	7031	5106
1527	9100	5109
1528	8675	5117
1529	8743	5120
1530	5068	3959
1531	7170	5123
1532	8303	5127
1533	8056	5139
1534	8112	5139
1535	8391	5141
1536	4685	5143
1537	7847	5147
1538	4031	5151
1539	9145	5151
1540	6829	9501
1541	7418	7900
1542	4033	5165
1543	8260	5170
1544	7306	5175
1545	3458	5176
1546	8552	5185
1547	8020	5186
1548	9081	5186
1549	7930	5200
1550	6902	5203
1551	7922	5203
1552	3192	5208
1553	8434	5208
1554	7603	5212
1555	8872	5212
1556	4179	5214
1557	3556	5216
1558	8460	5216
1559	8752	5227
1560	3881	5234
1561	8533	5238
1562	7611	5240
1563	7094	5241
1564	8181	5242
1565	6992	5247
1566	3115	5251
1567	7129	5251
1568	4289	5253
1569	8198	5259
1570	7782	8405
1571	4142	5263
1572	7630	5267
1573	8176	5277
1574	3189	5281
1575	7764	5281
1576	3141	5287
1577	3406	5290
1578	5632	8305
1579	8707	5297
1580	8168	4243
1581	4146	5303
1582	7329	5304
1583	9352	5306
1584	8944	5309
1585	7820	5317
1586	8605	5330
1587	8626	5339
1588	7866	5342
1589	4226	5348
1590	4203	5363
1591	5519	5365
1592	7584	5366
1593	8035	5371
1594	7626	5375
1595	8416	5377
1596	5042	5387
1597	7207	5393
1598	8011	5394
1599	9085	5395
1600	8338	4305
1601	4928	5401
1602	7541	5401
1603	5040	5404
1604	7620	5406
1605	7582	5410
1606	4233	5418
1607	8984	6012
1608	8126	5421
1609	5339	5423
1610	5177	5431
1611	7752	5433
1612	8881	5439
1613	8588	5442
1614	8314	5446
1615	8695	5447
1616	4589	5466
1617	8756	6020
1618	7963	5475
1619	7841	5482
1620	3818	5489
1621	8412	5501
1622	8296	5501
1623	8507	5502
1624	7677	5504
1625	4331	5508
1626	4144	5513
1627	4962	5515
1628	4330	5517
1629	8260	5520
1630	3919	5530
1631	8304	5536
1632	8714	5544
1633	7855	5546
1634	7163	5547
1635	7072	5548
1636	6910	5549
1637	8294	5553
1638	4345	5564
1639	4204	5566
1640	7588	5569
1641	3058	5570
1642	9053	6037
1643	5257	5577
1644	4247	5578
1645	7703	5593
1646	8031	5598
1647	6852	5602
1648	7414	5603
1649	8404	5620
1650	8616	5633
1651	7519	5640
1652	8565	5645
1653	7582	5648
1654	7811	5650
1655	7124	5654
1656	7360	5659
1657	9185	5659
1658	8471	5660
1659	7795	5662
1660	7634	5678
1661	5238	5682
1662	6790	5689
1663	8101	5703
1664	7817	5708
1665	7770	5710
1666	7343	5713
1667	4909	4058
1668	7917	5717
1669	7927	5720
1670	7384	5730
1671	9142	5731
1672	9207	5733
1673	4522	5735
1674	7707	5739
1675	8105	5742
1676	3447	4064
1677	9158	5751
1678	7110	5755
1679	7542	5757
1680	8499	5762
1681	8185	5763
1682	8256	5780
1683	6788	5787
1684	4471	5793
1685	9588	5795
1686	9238	5799
1687	6919	5808
1688	5249	5809
1689	7743	5811
1690	7561	5811
1691	7710	5816
1692	3290	5818
1693	7674	5818
1694	7026	5821
1695	8204	5826
1696	9438	5827
1697	8989	5828
1698	9686	5920
1699	8279	5832
1700	8724	5832
1701	3957	5121
1702	8753	5843
1703	5907	4080
1704	7116	5849
1705	9044	5851
1706	9481	5851
1707	9370	5858
1708	7181	5862
1709	8732	5865
1710	9456	5866
1711	7297	5872
1712	3720	4085
1713	7841	5876
1714	9077	5876
1715	3436	5880
1716	9132	5880
1717	9331	5882
1718	9555	5883
1719	9185	5887
1720	8293	5899
1721	7469	5903
1722	9034	5908
1723	9055	5908
1724	8935	5914
1725	7528	5919
1726	7687	5920
1727	8833	5934
1728	8307	5936
1729	6957	5524
1730	7149	5942
1731	9672	5943
1732	8955	5956
1733	9021	5956
1734	7738	5958
1735	9153	5974
1736	5788	4103
1737	8124	5987
1738	9393	5992
1739	9222	5996
1740	8297	6000
1741	7427	5926
1742	8289	6012
1743	8619	6015
1744	7779	6022
1745	7000	6024
1746	8652	6026
1747	9439	6032
1748	9097	6036
1749	8395	6038
1750	4175	6044
1751	7815	6043
1752	7911	6044
1753	8766	6051
1754	8907	6056
1755	7301	6057
1756	9203	6060
1757	9467	6061
1758	4148	6065
1759	8162	6066
1760	7354	6072
1761	8981	6076
1762	7775	6078
1763	9056	6091
1764	8199	6105
1765	7949	6106
1766	8511	6108
1767	7656	6109
1768	4352	6112
1769	8644	6115
1770	9075	6116
1771	9197	6119
1772	4270	6121
1773	8343	6126
1774	9203	6126
1775	8073	6130
1776	8044	6129
1777	4085	6131

REQUESTS = 2000
1	793	19	20	3	4	2
2	1280	31	33	1	3	2
3	599	4	6	1	3	1
4	1371	28	30	1	1	3
5	550	41	44	2	2	1
6	1401	26	28	3	1	2
7	271	30	32	1	4	3
8	46	21	23	2	3	3
9	1489	16	17	1	3	3
10	985	30	32	1	1	2
11	305	10	12	3	1	2
12	414	16	19	3	3	3
13	285	42	44	1	2	3
14	487	14	15	3	2	3
15	178	7	9	3	1	1
16	510	21	23	2	1	1
17	1468	20	22	3	1	3
18	1528	24	27	2	4	3
19	1613	8	9	2	2	1
20	211	29	32	1	1	1
21	296	41	43	3	1	1
22	276	28	29	1	1	3
23	40	18	19	3	3	2
24	1267	17	19	1	2	3
25	751	15	18	1	1	1
26	430	2	5	2	2	2
27	1425	38	39	3	1	2
28	1163	34	36	3	1	1
29	1135	12	13	3	3	2
30	257	7	9	2	3	1
31	397	17	19	1	1	2
32	1294	19	21	2	2	2
33	1658	38	39	3	2	2
34	454	32	34	3	2	2
35	834	33	34	1	3	1
36	1456	37	40	1	2	2
37	359	5	8	3	4	3
38	24	37	40	1	4	2
39	1017	32	35	1	4	3
40	667	36	38	2	3	3
41	854	44	47	3	3	1
42	903	1	3	3	1	1
43	860	2	3	1	4	3
44	527	36	39	3	2	3
45	1114	18	21	3	1	1
46	328	22	25	3	2	1
47	1763	8	10	2	3	2
48	720	25	28	2	2	1
49	863	16	19	3	1	1
50	422	8	10	3	4	3
51	1056	6	8	1	2	1
52	1493	16	18	1	1	2
53	188	5	7	2	1	2
54	1188	3	6	1	4	1
55	1064	38	40	3	3	3
56	540	17	19	1	1	2
57	555	30	31	3	4	2
58	1010	46	48	2	1	1
59	1295	6	8	2	4	1
60	568	23	25	1	4	1
61	1428	5	7	2	4	3
62	644	5	8	2	4	1
63	113	16	17	1	3	2
64	295	5	8	1	2	1
65	915	29	30	2	4	3
66	889	45	46	3	1	3
67	365	34	35	3	3	2
68	1471	19	21	2	1	1
69	658	36	39	2	1	3
70	17	14	16	1	1	1
71	760	43	45	1	3	3
72	1237	6	8	1	2	3
73	420	16	17	3	1	3
74	65	47	48	2	1	1
75	1376	42	45	2	3	3
76	518	28	30	1	2	3
77	1030	17	19	3	4	3
78	711	7	10	1	4	1
79	1128	38	39	2	4	3
80	713	20	23	3	2	3
81	407	26	27	1	1	3
82	835	14	15	1	2	3
83	446	10	13	2	3	2
84	1057	26	29	1	3	3
85	553	35	38	2	2	2
86	1221	46	47	1	2	2
87	1549	43	45	1	2	2
88	404	9	10	2	1	3
89	1162	26	29	1	1	3
90	753	23	24	1	1	3
91	746	2	4	1	1	1
92	339	30	32	2	2	3
93	999	35	36	2	1	1
94	1209	22	25	1	3	2
95	1533	44	45	3	3	2
96	1513	4	6	1	1	2
97	1569	28	31	2	3	1
98	1664	11	14	3	1	2
99	123	42	43	2	2	1
100	126	35	36	1	3	2
101	976	15	16	1	1	2
102	1717	6	9	1	2	3
103	66	14	15	1	3	1
104	1277	46	48	1	4	2
105	1022	46	48	1	2	2
106	1550	30	32	2	3	2
107	139	44	46	3	3	1
108	668	45	48	1	1	2
109	1618	31	32	2	4	2
110	949	23	26	3	1	3
111	954	14	15	2	1	1
112	1189	25	26	2	1	1
113	945	2	4	2	2	3
114	5	46	47	2	3	1
115	1270	5	7	3	3	1
116	223	46	49	1	1	1
117	1468	3	5	3	2	1
118	78	9	11	3	2	1
119	1688	1	3	1	3	3
120	1729	11	14	3	1	3
121	1720	18	19	2	1	3
122	166	33	35	3	2	3
123	561	10	12	1	2	1
124	966	37	38	3	3	3
125	1581	28	31	2	4	2
126	1004	27	29	1	1	3
127	1440	24	26	2	4	1
128	495	30	31	3	4	2
129	424	29	32	2	3	3
130	398	41	43	2	2	3
131	1655	7	10	2	2	1
132	333	10	11	1	4	3
133	907	39	40	3	4	2
134	482	17	18	2	2	3
135	1439	14	15	3	4	3
136	790	25	28	3	3	3
137	1385	18	19	2	2	1
138	1544	35	37	1	3	1
139	216	8	11	2	1	1
140	316	24	25	2	2	1
141	1340	1	4	3	1	2
142	1119	33	34	2	2	3
143	1306	20	23	3	2	1
144	582	5	7	2	2	2
145	899	21	22	2	1	1
146	958	37	40	2	3	2
147	200	16	19	3	2	2
148	1532	33	36	2	2	3
149	348	1	4	1	3	1
150	486	37	39	3	3	1
151	663	24	27	1	1	1
152	406	31	32	3	3	1
153	1106	2	5	2	1	1
154	30	19	20	3	1	3
155	280	44	45	1	3	1
156	804	11	13	2	1	2
157	1069	42	45	1	1	3
158	1193	9	10	2	4	3
159	620	28	30	3	2	2
160	645	8	10	3	1	2
161	930	44	46	3	2	1
162	1447	21	24	2	4	1
163	1277	12	13	1	3	1
164	393	9	11	3	1	3
165	850	18	20	1	2	2
166	921	21	24	3	4	2
167	971	25	26	3	1	1
168	531	23	26	2	4	2
169	1568	28	29	3	2	1
170	336	38	41	1	3	2
171	771	40	41	3	2	1
172	222	29	30	2	2	3
173	352	34	37	1	2	1
174	1734	22	24	3	2	1
175	811	7	8	1	4	2
176	820	1	2	2	3	2
177	16	12	14	3	3	1
178	1653	10	13	1	4	2
179	739	34	36	3	1	1
180	1455	34	37	3	3	3
181	34	42	44	3	2	2
182	1752	30	31	1	3	2
183	1616	3	4	1	3	3
184	434	39	40	3	3	2
185	91	27	28	1	1	1
186	733	12	14	3	2	3
187	490	16	19	1	4	1
188	1008	29	31	1	1	3
189	354	32	34	3	2	3
190	1405	20	21	1	2	2
191	1753	7	9	2	3	3
192	1302	35	36	2	1	2
193	1293	22	23	3	1	1
194	1766	9	12	3	4	2
195	1060	37	38	1	4	3
196	198	13	15	1	2	3
197	655	41	43	3	1	1
198	679	41	43	1	2	3
199	436	28	31	3	1	3
200	1316	23	26	1	4	2
201	514	48	49	1	3	1
202	1113	20	23	2	4	1
203	1603	7	9	2	2	2
204	1772	34	35	2	3	1
205	748	44	46	3	3	2
206	1758	25	27	2	4	2
207	1506	5	7	2	4	1
208	773	11	13	1	3	1
209	736	38	39	2	2	1
210	1081	26	28	1	2	1
211	686	30	33	2	2	2
212	1586	41	44	1	3	1
213	869	30	33	1	2	1
214	955	43	44	1	1	2
215	107	23	26	2	2	1
216	143	35	36	1	2	2
217	1751	5	7	3	1	3
218	1245	35	36	1	2	1
219	646	29	31	1	1	2
220	1334	12	14	2	3	2
221	144	5	7	1	2	3
222	1346	6	7	1	2	3
223	735	41	44	3	2	3
224	274	36	37	2	3	1
225	53	5	8	2	3	1
226	630	35	38	3	4	3
227	1009	23	24	3	2	1
228	37	42	45	1	4	1
229	596	40	41	2	3	1
230	1417	35	38	2	1	3
231	1724	12	13	1	3	2
232	1209	8	9	2	3	1
233	975	9	11	3	1	3
234	714	46	49	1	1	2
235	1541	40	41	2	3	1
236	1666	20	21	1	2	2
237	738	39	41	3	4	1
238	1578	30	32	2	1	3
239	934	15	16	2	3	1
240	1672	40	43	1	4	2
241	1559	27	29	1	3	2
242	396	45	47	3	4	3
243	1333	29	32	1	1	1
244	465	41	43	2	1	2
245	636	18	19	2	2	3
246	578	28	31	1	2	2
247	1250	34	37	1	4	1
248	185	32	33	1	3	1
249	1055	17	18	3	2	3
250	321	11	13	3	2	1
251	93	26	27	1	4	1
252	122	27	29	3	4	3
253	1216	21	22	3	4	2
254	622	14	16	1	3	1
255	1452	39	42	2	2	2
256	637	14	17	2	1	1
257	899	26	27	2	4	1
258	609	22	25	2	1	3
259	239	3	6	3	2	2
260	1571	1	2	3	3	2
261	1633	44	46	1	4	1
262	269	4	5	3	4	2
263	300	16	17	1	4	1
264	336	10	13	3	3	3
265	1338	15	18	3	3	2
266	1303	6	8	2	1	2
267	1452	6	8	2	4	3
268	54	19	21	2	2	2
269	1014	4	5	2	4	1
270	1622	12	14	2	3	3
271	19	18	21	3	1	3
272	401	45	47	1	1	3
273	1345	45	46	1	4	3
274	118	42	44	1	4	2
275	1734	25	27	3	4	1
276	310	24	25	3	4	2
277	1225	43	46	3	2	3
278	184	40	41	2	2	2
279	1351	16	19	2	4	2
280	281	5	8	3	2	3
281	160	30	32	2	2	1
282	598	26	27	3	4	1
283	3	16	18	1	3	3
284	768	5	6	3	3	3
285	1260	27	30	1	2	2
286	749	21	23	1	2	3
287	662	32	35	3	4	1
288	1526	36	39	1	4	1
289	1120	19	22	1	3	2
290	383	3	4	2	3	1
291	1342	1	3	2	1	1
292	168	24	26	1	3	1
293	1572	14	16	3	3	2
294	532	32	35	1	2	1
295	874	22	24	2	4	3
296	702	45	46	3	3	3
297	765	30	32	1	3	3
298	537	36	37	2	2	2
299	1149	42	44	1	3	3
300	424	21	23	2	3	3
301	770	45	47	2	2	1
302	207	26	28	3	1	1
303	558	5	6	2	2	1
304	715	3	4	1	1	1
305	1156	5	7	3	4	3
306	507	6	9	3	3	3
307	239	36	39	1	1	2
308	272	31	32	1	2	1
309	260	24	27	3	1	3
310	608	23	24	2	3	2
311	558	20	23	2	2	1
312	1204	21	24	2	4	1
313	560	44	45	2	3	1
314	209	25	27	1	3	1
315	1083	17	18	1	4	1
316	943	37	39	3	2	2
317	1305	32	34	2	4	3
318	821	44	45	2	2	1
319	1059	11	14	2	1	3
320	684	22	25	1	1	1
321	432	11	12	3	2	1
322	418	6	8	3	2	3
323	1464	25	26	3	1	1
324	391	4	6	3	1	2
325	52	35	37	3	2	1
326	902	18	19	3	4	3
327	235	25	27	2	1	1
328	1252	37	39	2	4	1
329	453	1	3	3	3	1
330	875	43	46	1	4	3
331	1498	4	6	2	2	3
332	379	11	14	3	4	2
333	1662	1	2	1	2	3
334	1730	18	21	2	3	1
335	1538	37	40	3	1	1
336	612	43	45	2	3	1
337	712	45	46	1	2	2
338	784	8	10	2	2	1
339	700	28	31	2	1	2
340	1621	15	18	2	1	1
341	1592	32	34	3	2	3
342	827	9	11	1	3	1
343	323	38	40	3	4	2
344	342	24	26	3	4	1
345	1164	30	33	3	1	1
346	548	32	35	3	1	1
347	665	3	6	1	4	2
348	360	8	11	2	4	1
349	881	21	24	2	2	2
350	1181	42	44	1	4	1
351	234	46	47	1	2	1
352	653	17	19	1	1	3
353	164	17	20	2	1	1
354	830	41	44	3	4	1
355	272	21	22	1	2	2
356	158	5	8	1	4	1
357	86	26	29	1	2	2
358	1308	25	28	2	1	2
359	1265	22	23	1	1	3
360	1398	2	5	3	3	2
361	1485	17	20	2	2	3
362	772	5	8	3	3	3
363	1463	13	14	3	2	2
364	1035	3	5	2	4	2
365	1358	14	17	1	3	1
366	526	29	31	2	1	1
367	1078	18	20	1	2	2
368	153	24	25	3	1	2
369	584	29	30	2	1	3
370	1714	28	29	3	1	2
371	1772	42	43	1	1	3
372	1668	4	5	1	1	1
373	1157	35	37	1	1	1
374	313	33	36	1	3	2
375	1475	38	40	1	3	1
376	829	22	25	3	1	3
377	565	30	32	2	1	1
378	1038	16	18	1	3	2
379	1458	4	7	1	1	1
380	1054	43	44	1	4	3
381	1036	9	12	2	4	1
382	1665	29	30	2	4	2
383	395	24	27	1	3	3
384	631	41	42	3	3	2
385	41	44	47	3	2	3
386	1670	1	4	2	4	1
387	1141	45	48	1	2	1
388	1179	13	14	2	3	3
389	986	44	47	3	4	1
390	1091	44	47	1	4	2
391	1382	15	16	3	2	2
392	1624	46	47	1	2	3
393	33	19	20	1	2	3
394	659	10	12	3	3	2
395	1484	34	37	1	3	2
396	220	3	5	2	3	1
397	1438	9	11	2	2	3
398	449	37	40	3	1	1
399	459	25	26	1	1	1
400	1701	11	12	3	1	2
401	1398	12	14	2	1	2
402	1683	41	44	3	3	3
403	965	35	38	2	4	3
404	935	40	41	3	4	2
405	996	1	2	2	2	1
406	1234	43	45	1	2	2
407	1031	18	19	2	1	1
408	1095	5	8	2	1	1
409	1469	41	43	2	3	3
410	379	38	39	3	3	2
411	870	2	3	2	1	3
412	1077	23	26	1	3	3
413	781	16	17	1	3	1
414	1709	8	11	3	1	3
415	556	15	16	1	4	1
416	1067	31	33	1	2	3
417	1553	44	47	3	1	3
418	202	10	13	3	3	2
419	1068	9	12	2	1	3
420	1132	47	48	2	2	2
421	1296	34	37	2	4	1
422	1707	28	30	1	1	2
423	1404	19	21	1	3	3
424	445	6	9	2	1	3
425	564	25	26	2	4	3
426	1442	2	5	2	3	3
427	147	24	27	1	2	3
428	1039	9	10	2	1	1
429	1463	41	42	1	1	3
430	127	30	33	3	3	2
431	1042	31	34	2	2	1
432	498	24	25	3	2	1
433	116	3	4	2	1	3
434	731	42	44	1	4	2
435	639	24	26	2	3	2
436	819	31	33	2	2	3
437	416	30	33	1	1	1
438	1585	11	14	1	1	3
439	1121	16	18	3	4	2
440	1560	32	35	2	4	1
441	1759	29	30	2	3	3
442	803	45	46	3	1	1
443	493	36	38	2	1	2
444	1329	24	26	1	1	2
445	89	17	19	1	4	1
446	1161	42	44	1	2	1
447	6	8	9	3	3	1
448	1652	39	40	1	3	2
449	606	42	44	2	1	2
450	1336	2	5	3	2	3
451	865	13	16	3	4	3
452	314	46	47	2	3	3
453	919	42	43	2	1	2
454	94	30	33	1	1	3
455	877	27	28	2	2	3
456	135	43	45	3	2	2
457	25	25	26	3	3	3
458	228	32	35	1	1	1
459	524	37	38	2	2	3
460	1545	43	46	3	4	1
461	247	42	44	3	1	3
462	1117	19	22	2	1	2
463	780	21	23	1	2	3
464	284	25	27	3	4	2
465	170	29	30	3	3	1
466	695	32	33	2	4	1
467	236	14	16	3	2	1
468	531	45	48	1	3	3
469	474	25	27	1	1	3
470	283	2	3	3	3	3
471	765	20	23	2	2	2
472	460	21	23	1	3	1
473	912	10	13	1	2	1
474	1016	44	45	1	2	3
475	1289	29	31	3	1	2
476	911	2	3	1	2	3
477	894	8	11	2	4	1
478	245	3	5	2	4	3
479	1092	32	35	3	2	3
480	1232	27	29	3	2	1
481	1591	4	6	2	2	1
482	801	30	32	1	1	2
483	1207	38	40	2	4	3
484	1657	34	36	1	3	1
485	358	41	43	2	3	2
486	496	35	37	3	3	3
487	63	39	42	1	4	3
488	1426	18	20	3	4	1
489	1124	25	28	2	4	3
490	325	29	30	2	4	3
491	100	19	22	2	1	2
492	567	34	35	1	3	1
493	268	39	42	3	4	1
494	48	10	13	3	2	2
495	1343	15	17	2	4	1
496	856	6	7	2	2	1
497	69	42	44	3	1	1
498	846	14	16	1	4	2
499	1605	44	46	1	2	2
500	1100	28	30	1	2	2
501	1572	21	24	1	2	1
502	750	21	23	1	2	1
503	494	8	11	2	4	3
504	11	40	43	1	2	1
505	1661	25	27	3	2	2
506	333	28	29	1	4	1
507	373	12	15	2	2	3
508	240	12	15	2	3	2
509	1021	28	29	1	3	1
510	905	19	20	1	4	1
511	1127	3	4	2	3	1
512	1333	5	8	1	4	3
513	1700	23	25	1	3	1
514	1551	27	28	1	3	2
515	817	25	26	3	2	1
516	619	20	23	2	2	1
517	26	32	35	2	4	2
518	380	35	36	2	3	3
519	388	22	25	1	3	3
520	741	24	25	3	3	2
521	1298	11	14	2	4	3
522	223	28	30	1	2	3
523	226	4	7	3	3	1
524	682	32	35	3	2	1
525	1518	21	22	1	1	3
526	49	2	3	3	1	3
527	1275	11	12	3	3	3
528	106	23	24	1	4	3
529	833	6	8	2	3	2
530	694	21	24	3	3	3
531	1680	28	29	3	3	3
532	99	24	25	1	4	1
533	1086	41	43	3	2	1
534	385	34	36	2	1	3
535	363	20	22	2	4	3
536	590	16	19	3	4	3
537	410	5	8	2	1	1
538	1576	11	12	2	3	2
539	765	29	32	1	1	2
540	431	3	4	3	2	3
541	1112	10	11	3	1	2
542	487	1	3	1	4	1
543	716	7	10	1	3	2
544	1512	7	8	3	1	2
545	1353	30	32	2	2	2
546	133	42	45	3	2	2
547	523	15	17	1	3	3
548	1347	44	47	3	2	3
549	1593	44	47	2	2	1
550	922	14	16	3	2	3
551	1702	27	30	1	4	3
552	1266	20	22	1	3	1
553	279	45	47	2	4	2
554	989	27	30	2	4	2
555	34	5	7	2	3	3
556	1766	30	32	1	4	1
557	1341	5	8	2	3	1
558	626	13	16	2	2	1
559	1001	43	44	3	2	2
560	787	36	39	2	3	1
561	836	23	26	3	2	3
562	675	41	44	1	1	1
563	1614	23	24	3	2	3
564	1062	24	26	2	1	1
565	140	33	34	3	4	2
566	469	18	21	1	2	3
567	1330	1	4	3	3	2
568	1516	21	23	1	4	2
569	938	14	16	3	3	1
570	729	18	20	2	4	3
571	13	2	5	2	2	3
572	324	4	7	1	4	3
573	134	7	8	1	4	1
574	1104	24	26	3	2	1
575	23	37	38	1	1	3
576	259	9	10	2	3	1
577	1387	30	33	1	4	2
578	551	39	40	3	2	1
579	528	18	20	1	2	3
580	1711	45	48	1	3	2
581	547	9	10	3	3	2
582	477	35	36	1	2	3
583	1203	17	20	2	4	3
584	1109	13	16	2	4	2
585	1427	14	17	2	4	1
586	1072	42	44	3	2	2
587	227	14	15	3	3	1
588	1239	13	16	3	4	3
589	1006	11	14	1	3	2
590	412	31	32	3	1	2
591	1770	32	35	3	3	1
592	1374	27	30	1	3	1
593	1198	1	4	1	3	1
594	1158	44	45	3	4	3
595	1212	4	6	3	4	2
596	1450	14	16	1	1	2
597	1133	23	25	3	4	2
598	1746	17	20	2	1	2
599	1054	28	30	1	2	3
600	1715	42	44	3	2	3
601	381	37	39	1	1	1
602	766	2	4	3	4	1
603	616	8	11	2	3	3
604	981	26	29	2	3	2
605	1540	23	26	2	2	3
606	444	10	11	2	1	1
607	549	15	17	2	2	3
608	1317	19	22	1	4	2
609	1519	43	45	3	4	1
610	987	32	35	3	4	3
611	484	20	23	1	3	3
612	1627	20	23	1	3	1
613	320	39	40	2	4	2
614	446	28	31	3	4	2
615	435	37	39	3	4	1
616	1253	5	6	3	4	1
617	1386	12	15	2	1	2
618	755	41	43	2	3	2
619	1134	12	15	2	2	3
620	1547	41	42	3	1	3
621	1138	41	42	3	2	3
622	429	29	32	1	1	2
623	722	42	44	1	3	2
624	802	34	37	2	2	1
625	1044	37	38	2	4	3
626	1595	20	21	2	1	1
627	10	46	47	3	4	3
628	1278	33	34	2	3	1
629	194	18	19	1	1	3
630	1444	12	15	2	4	3
631	516	8	11	3	2	3
632	953	43	46	2	3	3
633	192	4	7	3	3	3
634	363	32	33	1	2	2
635	1065	13	14	2	3	1
636	1177	37	38	1	3	1
637	1355	13	14	3	3	3
638	670	19	22	3	4	3
639	849	34	36	3	2	1
640	539	28	31	1	1	3
641	1344	44	45	2	2	1
642	361	7	10	2	3	3
643	1394	26	28	1	3	1
644	521	41	43	2	2	2
645	1240	43	44	1	1	2
646	816	28	30	3	4	1
647	803	9	12	3	3	1
648	469	26	27	3	3	2
649	1472	6	8	2	1	2
650	172	17	18	3	3	1
651	189	10	13	3	2	1
652	791	14	17	2	4	2
653	1165	1	4	1	4	2
654	597	13	14	2	1	1
655	1236	9	12	2	4	2
656	1650	10	12	3	3	1
657	944	9	10	3	1	2
658	1206	38	39	2	2	1
659	1461	5	8	3	3	2
660	982	28	30	1	1	3
661	777	4	7	3	2	1
662	771	2	3	2	4	1
663	375	18	19	1	1	2
664	1719	33	34	3	4	2
665	727	9	10	2	1	3
666	1648	14	16	2	2	3
667	1215	1	2	2	1	3
668	288	37	39	1	1	2
669	331	32	35	2	4	2
670	1150	39	42	2	4	2
671	1249	7	9	3	4	3
672	554	30	31	1	3	3
673	977	46	47	2	2	1
674	1200	15	18	2	3	2
675	679	43	46	1	3	2
676	1222	17	20	2	4	1
677	171	22	25	1	1	1
678	1169	38	39	3	3	3
679	1255	37	38	2	3	3
680	693	27	28	2	3	1
681	1477	26	29	2	2	2
682	319	3	5	1	3	2
683	500	10	13	1	4	3
684	439	34	35	2	1	2
685	104	42	43	1	2	2
686	1476	17	18	2	1	3
687	115	4	6	1	3	1
688	480	35	36	2	4	1
689	824	36	37	1	1	3
690	974	45	47	1	1	1
691	1378	20	23	1	2	3
692	1483	9	11	2	4	1
693	1251	44	47	1	1	1
694	685	44	47	3	3	2
695	1300	30	33	3	1	1
696	1391	29	30	1	2	1
697	917	4	6	3	2	2
698	1011	43	45	1	3	3
699	1105	2	4	1	3	2
700	1646	44	46	3	4	1
701	1415	2	3	2	4	2
702	1524	8	10	1	1	3
703	1505	38	41	1	1	2
704	639	5	6	2	1	3
705	309	26	28	2	4	2
706	21	35	36	1	3	2
707	1227	19	22	3	2	2
708	59	33	36	2	1	2
709	183	24	26	1	4	1
710	1367	43	45	2	3	1
711	55	2	3	2	2	2
712	475	37	38	2	3	2
713	1548	39	40	1	1	2
714	20	2	5	1	2	1
715	204	28	30	1	4	3
716	1160	6	9	2	1	3
717	51	20	23	3	1	1
718	317	28	30	3	1	1
719	177	45	46	1	3	1
720	1019	13	15	3	2	2
721	732	21	24	3	4	2
722	433	41	42	2	1	3
723	85	48	49	1	2	1
724	1283	36	39	2	3	3
725	1108	19	22	1	1	1
726	1063	13	15	1	1	1
727	1635	38	41	3	1	2
728	125	23	24	1	1	2
729	1211	31	34	2	3	2
730	769	30	32	3	4	3
731	837	42	44	2	4	2
732	301	14	17	2	1	1
733	489	29	31	3	2	1
734	1673	37	38	3	2	1
735	625	3	5	2	3	3
736	567	4	7	1	3	2
737	180	1	4	1	2	3
738	1667	5	6	1	1	1
739	1280	19	20	1	4	1
740	570	20	21	1	2	2
741	1107	16	18	2	1	3
742	572	35	36	1	1	2
743	1451	1	3	1	3	1
744	860	38	40	1	3	1
745	1142	14	15	1	4	2
746	8	30	33	2	2	1
747	1135	46	47	3	3	1
748	1768	29	31	2	1	2
749	161	40	41	1	4	1
750	364	23	26	2	2	1
751	782	27	28	1	4	3
752	1070	26	27	1	3	3
753	573	38	41	1	3	2
754	413	38	41	1	1	3
755	1388	46	48	2	4	1
756	503	31	33	3	2	2
757	1151	11	14	2	2	2
758	1596	2	4	2	2	1
759	1769	43	46	3	2	3
760	873	36	37	2	3	1
761	330	31	34	2	1	2
762	105	40	41	1	1	3
763	15	26	28	2	3	3
764	651	26	27	1	4	3
765	196	16	17	1	1	1
766	1032	9	12	3	3	2
767	800	23	26	2	2	1
768	1291	28	31	3	1	1
769	382	24	25	2	3	3
770	758	9	10	3	3	1
771	1252	18	19	2	2	1
772	1309	11	13	1	1	3
773	297	19	20	1	3	1
774	189	25	28	2	3	2
775	1723	12	13	3	1	3
776	775	40	42	1	4	2
777	303	17	20	3	2	1
778	87	10	12	1	3	1
779	1013	13	14	3	2	2
780	1523	37	40	1	2	3
781	1203	23	24	3	4	1
782	1590	24	26	3	4	2
783	1089	46	49	1	3	3
784	478	36	39	1	1	2
785	1171	38	41	2	3	3
786	35	23	25	2	4	1
787	447	10	11	2	4	1
788	923	21	22	2	3	1
789	1390	32	34	2	2	2
790	1189	28	31	1	3	2
791	779	10	11	3	2	1
792	1617	23	25	2	3	2
793	450	22	23	1	4	2
794	994	26	29	2	3	1
795	1437	11	14	3	2	1
796	282	39	41	1	1	3
797	193	44	45	1	1	2
798	1482	23	25	3	3	2
799	230	15	17	1	3	1
800	322	39	41	3	2	1
801	1264	36	39	2	2	2
802	74	29	30	3	1	3
803	1722	25	28	3	2	3
804	1337	3	4	1	4	1
805	796	27	30	3	2	1
806	1706	18	20	3	1	2
807	242	14	16	3	2	3
808	1745	4	5	2	4	2
809	896	23	25	3	3	1
810	642	9	10	2	2	2
811	591	22	23	3	3	2
812	675	41	44	1	3	1
813	1307	6	7	1	4	3
814	411	1	3	1	3	3
815	893	26	28	1	4	3
816	45	39	42	1	2	1
817	1227	27	28	2	2	3
818	1409	40	42	3	1	1
819	788	29	31	3	1	2
820	786	44	45	2	4	2
821	1682	34	36	2	4	1
822	910	31	33	3	2	1
823	841	29	30	3	2	3
824	1690	38	40	1	2	2
825	1049	21	22	2	4	1
826	1024	21	23	1	3	1
827	785	26	29	2	1	2
828	1403	19	22	1	1	3
829	740	38	40	3	1	1
830	1183	34	36	3	1	1
831	451	29	32	3	4	3
832	520	38	39	3	4	3
833	1699	37	39	2	4	3
834	604	23	25	3	2	2
835	355	31	34	2	4	3
836	1416	32	34	2	2	1
837	1269	38	41	3	1	2
838	512	30	31	1	4	2
839	886	5	7	3	3	2
840	389	1	3	3	4	1
841	1750	4	7	2	2	1
842	79	17	18	3	2	2
843	1102	35	37	1	1	3
844	1436	6	8	1	4	3
845	1502	45	47	2	2	3
846	1349	40	42	2	3	2
847	767	22	24	2	2	2
848	312	12	14	1	4	3
849	1303	38	41	2	4	3
850	673	6	9	2	4	2
851	1682	40	42	1	2	1
852	1352	30	33	1	2	1
853	483	2	3	3	3	2
854	956	35	37	3	3	1
855	291	12	14	1	4	1
856	1466	21	22	2	3	3
857	688	1	4	2	3	2
858	1443	36	37	2	3	2
859	519	18	20	2	3	2
860	720	8	10	3	2	3
861	1154	41	44	3	4	1
862	595	30	33	1	1	2
863	1671	40	42	1	3	2
864	1287	27	30	2	1	1
865	1480	4	5	2	3	1
866	1238	6	9	1	3	1
867	71	28	30	1	2	2
868	1094	1	3	1	4	2
869	1630	3	5	3	4	1
870	1395	37	38	1	1	2
871	513	18	21	3	4	2
872	307	15	18	1	4	1
873	251	40	42	3	3	2
874	611	30	32	1	1	1
875	1634	8	9	3	2	2
876	797	16	18	1	1	1
877	810	26	27	1	2	1
878	142	32	33	1	2	2
879	218	23	26	1	2	3
880	473	23	25	1	3	1
881	1389	46	47	3	4	1
882	789	12	13	2	3	3
883	368	10	12	1	1	1
884	682	27	30	2	4	3
885	1460	47	49	1	3	3
886	419	20	21	3	4	3
887	1725	19	20	3	2	3
888	916	20	22	2	3	1
889	1594	16	17	3	2	1
890	688	43	45	3	1	3
891	913	35	37	2	1	1
892	82	12	15	2	4	1
893	669	38	41	1	3	2
894	812	6	8	1	2	3
895	782	22	25	1	3	3
896	845	21	23	1	2	1
897	1747	33	34	1	4	2
898	1488	10	13	3	4	2
899	705	44	46	2	3	3
900	1738	27	30	2	1	2
901	137	6	9	2	2	3
902	1279	2	5	2	2	1
903	851	27	30	1	2	3
904	674	8	10	3	4	3
905	249	35	36	1	2	3
906	476	21	22	1	1	2
907	1495	13	14	3	1	2
908	1396	7	8	3	4	2
909	163	45	46	3	1	3
910	39	31	33	1	2	3
911	308	11	14	3	3	2
912	891	40	41	1	1	2
913	689	20	23	2	1	3
914	617	35	38	2	1	1
915	984	14	17	3	2	3
916	1567	37	39	1	2	2
917	253	27	29	3	2	3
918	456	5	8	1	1	3
919	1155	17	19	1	1	1
920	242	35	38	2	3	2
921	95	43	46	3	4	2
922	936	34	36	2	4	2
923	1020	33	36	2	1	1
924	1543	42	43	3	1	1
925	1773	39	41	3	4	3
926	1196	38	39	1	1	2
927	1422	28	29	2	2	3
928	660	6	8	2	4	2
929	181	42	44	2	1	3
930	271	45	47	2	2	2
931	1565	45	46	3	1	2
932	387	3	6	2	2	1
933	417	3	4	3	1	1
934	643	39	40	2	3	1
935	222	47	48	2	2	2
936	557	14	16	2	3	1
937	762	29	32	3	2	3
938	1727	38	41	1	4	3
939	1352	44	45	2	3	3
940	148	28	30	1	4	3
941	1628	18	19	1	4	3
942	1574	18	21	1	2	3
943	890	1	4	3	4	2
944	1776	17	19	2	3	3
945	1623	40	42	1	4	1
946	575	29	32	2	1	2
947	797	27	29	2	1	1
948	1755	20	21	1	4	2
949	1496	9	11	2	3	2
950	1529	1	4	1	3	1
951	188	31	32	3	4	1
952	1093	6	8	3	3	1
953	978	19	21	2	3	2
954	1048	33	36	3	1	2
955	187	43	45	1	3	3
956	270	41	44	3	4	3
957	1580	13	16	3	2	3
958	1000	11	13	3	3	3
959	956	44	45	3	3	2
960	135	10	11	2	2	3
961	1503	21	22	1	3	2
962	1218	31	33	3	1	3
963	1339	21	23	2	3	2
964	92	40	43	1	3	3
965	437	45	46	1	4	1
966	67	9	11	2	2	3
967	1241	14	16	3	3	2
968	1686	32	34	2	1	1
969	1521	2	3	3	2	2
970	581	2	3	2	3	3
971	1647	7	8	2	1	3
972	533	34	36	3	3	1
973	565	24	25	3	3	1
974	1354	46	48	2	4	1
975	1332	38	40	1	4	1
976	1619	8	10	1	1	3
977	203	35	38	2	2	1
978	1145	5	8	1	1	1
979	1511	36	39	3	1	2
980	1082	2	4	2	3	1
981	1274	39	40	1	2	1
982	81	15	17	1	3	3
983	1301	20	21	3	3	3
984	1235	6	8	1	4	2
985	1263	21	23	3	4	2
986	832	37	39	1	2	1
987	426	12	15	2	2	3
988	452	44	46	2	4	3
989	1602	10	11	1	1	1
990	1258	10	11	2	1	3
991	186	15	18	2	1	1
992	628	27	29	2	2	1
993	1015	7	9	2	2	3
994	1297	8	9	2	4	3
995	1433	42	45	3	3	1
996	300	43	45	1	3	3
997	937	24	26	2	4	2
998	1327	6	7	3	2	2
999	809	14	17	3	2	2
1000	594	5	6	1	3	3
1001	501	10	11	3	1	1
1002	1045	19	20	1	3	1
1003	1587	17	20	1	4	1
1004	971	26	28	1	4	1
1005	372	16	18	2	3	3
1006	1659	44	45	3	4	3
1007	475	19	20	3	1	1
1008	613	21	22	2	4	3
1009	640	19	21	2	1	1
1010	473	29	31	3	1	1
1011	552	24	26	1	2	3
1012	778	1	3	2	1	2
1013	721	29	31	2	1	3
1014	162	31	32	2	4	2
1015	1542	17	18	3	2	1
1016	808	26	28	3	3	3
1017	1058	38	39	1	3	1
1018	353	33	36	3	3	2
1019	1050	33	35	1	1	1
1020	1584	15	18	3	2	3
1021	515	1	4	2	1	1
1022	182	23	25	3	2	1
1023	57	45	48	2	2	3
1024	463	33	36	3	3	2
1025	1611	36	38	1	4	3
1026	272	35	38	2	3	3
1027	899	42	45	3	4	2
1028	589	43	46	1	2	2
1029	148	32	33	1	4	2
1030	822	48	49	1	4	3
1031	650	27	30	2	4	3
1032	152	15	17	2	1	1
1033	1007	28	30	1	1	1
1034	1139	5	7	1	1	2
1035	1608	44	46	1	2	3
1036	1589	23	24	2	3	1
1037	506	23	25	3	3	3
1038	276	10	12	3	2	2
1039	1216	8	11	2	3	3
1040	1726	40	41	2	2	1
1041	867	22	25	1	4	1
1042	1318	19	20	2	4	2
1043	1321	34	36	3	2	1
1044	672	8	10	3	3	2
1045	306	19	20	3	2	3
1046	1526	32	33	1	4	1
1047	1733	3	5	3	2	1
1048	1348	37	40	2	2	3
1049	1435	5	8	3	3	2
1050	683	24	26	1	1	2
1051	1445	39	41	1	4	1
1052	1127	31	33	2	3	2
1053	1465	26	27	3	4	2
1054	1242	45	47	3	1	2
1055	346	44	46	2	1	1
1056	1256	43	46	2	1	2
1057	747	24	25	1	1	2
1058	97	24	26	1	1	3
1059	656	42	44	1	4	1
1060	948	5	7	2	1	2
1061	973	2	5	3	2	1
1062	1543	21	24	1	2	2
1063	4	40	42	3	3	1
1064	614	20	21	3	4	2
1065	43	32	34	3	1	2
1066	1743	43	45	2	3	2
1067	928	34	36	1	3	2
1068	1448	22	23	2	2	1
1069	1188	10	11	1	4	2
1070	960	1	2	3	4	3
1071	45	30	32	2	2	1
1072	2	5	7	2	4	3
1073	176	20	21	1	2	2
1074	62	35	37	1	3	2
1075	1098	21	23	3	2	1
1076	1774	31	32	1	1	3
1077	471	28	31	3	3	3
1078	723	32	33	1	4	1
1079	327	41	42	3	3	2
1080	763	35	37	2	2	3
1081	1421	1	3	2	2	2
1082	1570	7	10	3	4	3
1083	580	29	31	3	1	3
1084	1610	44	46	2	3	3
1085	328	34	36	1	1	1
1086	828	7	8	3	4	3
1087	1504	41	43	2	2	2
1088	239	19	22	2	3	1
1089	1023	17	19	3	2	3
1090	1639	37	40	3	3	3
1091	197	27	28	3	1	3
1092	38	19	20	3	4	1
1093	959	46	47	3	2	3
1094	264	25	27	2	2	2
1095	1228	38	41	2	1	1
1096	838	24	26	3	4	1
1097	604	7	9	1	3	3
1098	1187	8	11	1	4	1
1099	925	32	35	2	4	2
1100	1522	39	42	1	2	1
1101	1364	14	15	1	3	3
1102	1026	29	31	3	3	1
1103	774	13	16	2	1	3
1104	1400	38	40	3	1	2
1105	290	2	4	3	3	3
1106	371	14	16	3	1	3
1107	395	26	28	3	1	3
1108	858	9	12	2	2	1
1109	122	2	5	3	4	1
1110	585	33	36	3	4	1
1111	145	33	35	1	1	2
1112	940	43	46	2	1	2
1113	9	45	46	3	2	1
1114	1369	36	39	1	1	2
1115	834	38	39	1	3	3
1116	119	2	3	3	3	1
1117	490	31	33	1	4	1
1118	281	31	33	1	3	2
1119	1144	7	8	2	3	1
1120	1424	27	29	2	2	3
1121	1272	20	23	2	2	3
1122	428	24	25	1	2	3
1123	1600	3	5	3	4	3
1124	1292	41	44	2	3	2
1125	1739	2	5	2	4	3
1126	883	27	29	3	1	1
1127	457	10	12	3	4	1
1128	1198	32	33	1	4	2
1129	931	44	45	3	1	3
1130	1024	34	36	1	4	3
1131	362	21	23	2	3	1
1132	1323	14	17	2	1	2
1133	509	42	43	2	1	3
1134	706	42	44	2	3	3
1135	338	32	33	1	1	1
1136	904	7	8	2	3	3
1137	392	15	16	1	3	2
1138	861	16	18	3	2	3
1139	1202	10	12	1	1	3
1140	1197	10	12	3	3	3
1141	1109	15	16	2	2	2
1142	1710	20	22	1	3	1
1143	586	11	12	3	2	3
1144	1110	26	27	2	3	2
1145	1130	44	47	2	2	3
1146	1705	14	15	3	4	3
1147	1208	3	5	2	1	2
1148	1243	9	11	1	4	3
1149	399	34	35	1	3	1
1150	1356	34	35	1	3	1
1151	1027	15	18	3	1	1
1152	1563	26	29	2	4	1
1153	481	7	10	2	3	3
1154	737	39	42	1	1	3
1155	1525	18	21	2	1	2
1156	707	21	24	2	4	3
1157	825	29	31	1	1	1
1158	1631	21	23	3	2	3
1159	1534	36	39	2	4	3
1160	647	16	19	3	1	3
1161	1284	28	31	3	1	3
1162	1600	2	5	1	3	3
1163	1253	28	31	3	4	1
1164	1750	21	22	1	2	3
1165	1148	12	14	3	1	1
1166	1314	41	42	3	3	1
1167	1556	19	20	1	3	3
1168	1488	41	43	3	4	3
1169	191	47	49	1	1	3
1170	90	32	35	2	4	3
1171	1213	3	6	2	2	3
1172	80	13	15	2	2	2
1173	1583	39	41	2	3	1
1174	1146	13	15	2	2	3
1175	370	24	27	2	3	3
1176	1517	33	36	1	2	3
1177	724	4	5	1	2	1
1178	1756	41	44	1	3	3
1179	1632	9	12	1	3	2
1180	1712	26	27	1	2	3
1181	1029	34	37	1	3	1
1182	1620	6	8	1	2	3
1183	1123	24	25	3	1	1
1184	1716	14	16	1	1	1
1185	601	26	29	2	2	3
1186	29	25	27	2	1	3
1187	1510	3	6	2	1	1
1188	1227	33	36	3	4	3
1189	1061	31	33	2	4	2
1190	795	31	32	1	4	3
1191	1226	23	25	3	4	3
1192	1315	10	12	3	2	2
1193	1695	32	34	1	4	2
1194	254	26	28	2	4	3
1195	1180	28	31	2	3	2
1196	1053	23	25	1	1	3
1197	1449	36	39	1	4	3
1198	339	19	21	1	2	1
1199	815	30	33	3	4	3
1200	1	19	20	1	4	3
1201	64	21	23	3	3	1
1202	583	28	30	2	2	2
1203	1194	11	13	3	4	3
1204	1174	46	47	2	1	3
1205	1268	3	6	3	3	1
1206	701	41	42	3	3	3
1207	1741	35	36	2	3	2
1208	757	15	17	3	4	1
1209	1087	23	24	2	3	2
1210	1717	39	40	3	4	1
1211	68	33	35	3	2	2
1212	600	37	40	2	1	1
1213	1627	28	29	3	2	1
1214	1430	2	5	3	2	1
1215	1146	23	26	2	2	3
1216	206	44	46	2	4	3
1217	1660	42	44	2	2	1
1218	623	12	15	2	3	1
1219	1366	30	32	1	2	2
1220	350	35	38	2	2	1
1221	652	39	42	3	3	2
1222	1492	33	36	3	2	3
1223	1166	10	13	1	3	3
1224	466	33	34	2	1	2
1225	1319	36	37	1	3	2
1226	840	15	16	1	1	3
1227	522	18	19	3	3	2
1228	718	3	5	1	3	1
1229	293	9	11	3	2	1
1230	24	16	18	1	2	2
1231	276	41	44	1	4	2
1232	571	46	47	1	1	3
1233	1575	10	13	3	1	3
1234	742	12	14	1	3	2
1235	756	17	18	2	1	3
1236	1754	10	12	2	3	2
1237	1041	17	19	3	1	2
1238	1146	1	2	3	4	1
1239	255	26	27	1	2	2
1240	687	31	33	2	4	3
1241	1649	37	40	1	1	3
1242	480	22	24	2	3	3
1243	329	7	8	2	3	3
1244	1497	40	41	3	2	3
1245	1063	14	16	2	4	3
1246	1687	47	48	2	3	2
1247	1012	26	29	2	2	3
1248	205	21	23	3	3	1
1249	1487	14	17	2	1	1
1250	661	16	17	3	2	2
1251	743	41	44	2	1	2
1252	1520	33	36	1	2	1
1253	1607	37	38	2	1	3
1254	103	15	17	2	1	2
1255	1372	15	16	1	4	1
1256	991	10	12	3	3	2
1257	335	23	24	3	3	2
1258	273	17	19	3	2	1
1259	1143	7	9	2	2	1
1260	267	31	32	3	2	2
1261	1151	9	12	3	4	2
1262	1368	19	22	3	3	2
1263	1434	2	5	3	2	2
1264	691	26	29	3	4	1
1265	491	10	11	1	3	1
1266	1694	13	16	1	2	2
1267	714	13	14	1	2	3
1268	1152	40	41	1	3	2
1269	1638	40	42	1	4	3
1270	1005	25	27	2	3	1
1271	1654	26	28	1	2	3
1272	479	43	46	3	3	3
1273	109	11	13	1	1	2
1274	269	32	35	1	1	3
1275	50	11	12	3	2	2
1276	1642	17	20	1	4	1
1277	1645	31	34	3	4	1
1278	1034	39	41	3	1	1
1279	654	19	20	1	1	3
1280	1651	11	13	3	1	1
1281	1375	30	33	3	2	3
1282	1588	11	13	3	2	1
1283	798	45	46	1	2	3
1284	688	38	39	3	2	2
1285	75	14	17	2	4	3
1286	1731	4	6	3	2	3
1287	1286	36	37	3	3	2
1288	221	42	44	1	4	1
1289	368	40	43	3	4	1
1290	887	38	41	2	4	1
1291	117	22	23	3	2	1
1292	156	7	8	1	2	3
1293	1116	6	8	3	1	2
1294	232	1	4	1	1	2
1295	806	32	35	2	3	3
1296	1073	1	3	1	1	2
1297	1244	34	36	3	2	1
1298	468	32	35	2	2	1
1299	61	22	24	2	2	1
1300	1365	42	45	2	3	1
1301	12	13	16	2	3	3
1302	752	10	12	2	1	2
1303	253	3	6	1	2	2
1304	1601	2	4	1	3	2
1305	366	39	42	3	1	1
1306	1721	22	24	2	4	1
1307	22	12	13	1	3	1
1308	968	8	11	3	2	1
1309	1708	9	12	3	3	3
1310	96	34	36	2	3	3
1311	1407	3	6	1	2	3
1312	1071	29	31	3	1	2
1313	549	24	25	1	4	3
1314	74	35	36	3	1	2
1315	1176	32	34	2	3	2
1316	1229	35	38	1	2	1
1317	425	18	21	2	3	3
1318	957	6	7	2	3	2
1319	292	38	41	3	4	2
1320	629	11	12	3	1	3
1321	1490	30	31	1	4	3
1322	1410	16	17	2	1	3
1323	48	25	26	3	3	2
1324	1380	26	27	2	4	2
1325	337	7	9	1	3	2
1326	252	39	41	1	1	1
1327	1247	45	48	1	3	3
1328	1669	38	39	3	1	2
1329	42	33	35	3	1	1
1330	1771	18	21	3	2	2
1331	530	11	12	1	4	1
1332	517	45	48	2	2	1
1333	1674	1	4	2	3	2
1334	241	17	18	1	3	2
1335	1018	42	44	1	2	2
1336	464	14	15	3	2	2
1337	179	32	33	2	4	1
1338	1760	13	14	3	3	3
1339	497	18	19	2	3	3
1340	23	28	31	3	1	2
1341	543	42	45	3	3	2
1342	462	32	34	2	1	3
1343	545	32	35	3	4	2
1344	1684	5	7	1	2	1
1345	356	23	26	1	1	2
1346	1379	47	49	1	2	2
1347	1689	34	37	2	1	2
1348	77	32	33	2	3	1
1349	1737	40	42	3	2	1
1350	304	22	25	2	2	1
1351	1403	6	8	3	1	1
1352	213	38	39	1	3	3
1353	396	33	35	3	3	1
1354	671	20	21	3	2	3
1355	1414	44	45	3	3	1
1356	110	32	34	3	2	3
1357	704	6	9	2	1	3
1358	470	17	18	1	3	2
1359	1761	22	23	2	3	1
1360	459	40	43	3	3	1
1361	212	43	44	2	4	3
1362	990	39	40	1	4	2
1363	680	20	23	2	4	2
1364	1175	7	8	2	3	1
1365	405	38	41	3	4	3
1366	131	32	33	1	2	2
1367	281	36	37	1	4	1
1368	502	28	29	1	3	3
1369	173	10	12	2	1	3
1370	53	3	5	3	1	3
1371	696	18	20	3	3	2
1372	709	16	19	2	3	2
1373	151	41	44	3	3	1
1374	1399	9	12	1	2	3
1375	357	45	47	3	3	1
1376	992	3	6	3	4	3
1377	427	41	43	2	4	2
1378	754	11	12	1	2	2
1379	734	33	34	3	2	1
1380	710	41	42	1	4	1
1381	195	12	14	3	1	3
1382	78	9	12	3	3	3
1383	719	10	13	1	3	2
1384	1535	7	10	2	3	1
1385	237	36	39	1	4	2
1386	1214	17	20	1	3	3
1387	421	37	40	3	3	1
1388	1475	44	45	2	3	3
1389	281	12	15	3	2	2
1390	1413	20	22	1	3	3
1391	261	10	12	3	4	2
1392	1370	22	24	3	4	1
1393	794	33	35	2	4	1
1394	969	43	44	1	4	3
1395	298	21	24	3	3	2
1396	367	18	21	3	3	3
1397	941	37	38	3	2	3
1398	1195	17	20	1	3	1
1399	149	43	44	3	1	1
1400	1310	16	17	2	4	2
1401	1764	17	18	2	3	1
1402	831	43	45	3	2	2
1403	839	35	37	3	3	3
1404	1313	35	36	3	2	3
1405	244	9	10	3	3	2
1406	526	7	8	1	2	3
1407	1322	42	44	1	4	1
1408	950	9	12	2	2	3
1409	505	2	5	2	4	2
1410	137	16	18	3	1	1
1411	472	6	8	2	3	2
1412	629	24	26	1	1	2
1413	1185	30	31	3	4	3
1414	932	44	45	3	3	3
1415	692	12	13	3	1	2
1416	1676	36	37	3	3	2
1417	823	7	8	1	1	3
1418	220	17	19	3	3	3
1419	1629	2	5	1	2	2
1420	882	29	32	3	4	3
1421	114	41	44	3	4	1
1422	141	17	19	1	1	1
1423	1137	32	33	1	1	3
1424	1481	36	37	2	4	2
1425	1304	20	22	3	3	1
1426	1527	46	49	1	1	2
1427	286	29	31	1	4	2
1428	1696	17	19	3	3	1
1429	1697	17	18	3	2	1
1430	1276	23	25	2	1	2
1431	1122	15	16	3	3	3
1432	924	27	30	1	4	2
1433	409	30	32	3	1	2
1434	1085	7	9	1	3	1
1435	146	31	32	3	3	2
1436	1047	23	26	1	1	1
1437	1515	27	29	3	3	2
1438	849	24	25	3	3	2
1439	1557	24	27	2	3	1
1440	1693	31	34	3	2	2
1441	1508	10	12	3	3	1
1442	98	40	42	3	3	3
1443	1641	43	45	3	2	3
1444	1246	25	27	1	4	3
1445	1725	27	28	3	4	3
1446	767	12	13	1	3	1
1447	1770	1	4	2	3	2
1448	378	24	25	3	2	3
1449	1444	16	18	1	1	2
1450	573	3	6	1	2	1
1451	273	43	45	3	2	1
1452	1597	22	23	2	2	2
1453	1217	1	3	1	3	2
1454	1312	16	18	1	4	3
1455	1420	13	15	3	3	2
1456	414	11	14	3	1	3
1457	997	14	15	1	4	2
1458	1432	40	43	1	3	1
1459	1136	34	36	3	2	1
1460	36	16	18	2	3	3
1461	561	38	39	3	2	1
1462	1441	9	12	1	4	1
1463	1210	39	41	2	2	2
1464	1494	10	13	2	2	1
1465	1	31	32	2	3	3
1466	1233	31	33	3	3	3
1467	855	36	39	1	3	1
1468	1692	37	38	3	2	3
1469	58	5	7	1	2	2
1470	254	45	48	2	4	2
1471	764	31	33	3	1	3
1472	1691	41	44	2	2	2
1473	725	2	5	3	4	3
1474	70	19	22	2	2	1
1475	783	4	7	2	3	3
1476	1625	1	2	3	1	3
1477	1219	35	36	1	4	1
1478	1080	22	25	3	2	3
1479	1051	13	16	3	3	1
1480	1577	6	9	3	3	2
1481	155	36	39	3	2	3
1482	1039	37	38	1	2	1
1483	1182	1	4	2	3	2
1484	634	38	40	3	1	1
1485	745	3	6	2	4	2
1486	224	15	16	1	4	2
1487	632	20	22	2	3	2
1488	1767	1	3	3	4	3
1489	961	35	37	1	3	3
1490	1383	10	12	1	2	1
1491	1643	42	44	3	4	2
1492	1367	6	8	1	3	1
1493	947	19	21	2	4	2
1494	1408	23	25	3	4	2
1495	1566	5	7	3	4	1
1496	443	9	11	1	4	2
1497	1186	39	41	2	1	2
1498	402	41	44	1	3	1
1499	1178	36	37	2	2	3
1500	258	12	14	2	2	1
1501	952	21	23	3	1	2
1502	805	45	48	1	1	1
1503	1402	27	28	2	2	2
1504	1273	30	31	1	3	2
1505	1326	23	25	1	1	1
1506	1418	24	27	2	2	3
1507	199	33	36	1	1	3
1508	1491	24	26	1	3	1
1509	6	16	17	1	1	1
1510	169	41	44	3	3	1
1511	1558	34	35	2	1	3
1512	215	17	18	3	4	2
1513	592	13	14	3	1	2
1514	1115	30	33	3	4	2
1515	1324	43	45	2	2	3
1516	1055	35	38	3	4	2
1517	698	15	18	2	1	1
1518	635	22	24	1	1	3
1519	1478	15	17	2	2	3
1520	340	16	19	1	4	2
1521	175	34	36	1	1	1
1522	1201	45	48	1	2	2
1523	843	15	17	1	2	2
1524	400	10	12	2	3	1
1525	1406	22	24	3	1	3
1526	1266	30	31	1	4	1
1527	83	11	13	3	4	2
1528	302	1	4	3	4	1
1529	879	13	15	2	3	3
1530	885	43	44	2	1	1
1531	699	41	44	2	3	2
1532	1320	1	2	2	2	2
1533	641	38	39	1	2	2
1534	206	13	16	3	1	2
1535	878	29	31	1	3	2
1536	403	14	17	2	4	3
1537	979	5	8	1	3	1
1538	535	5	6	2	2	2
1539	1678	19	21	3	2	3
1540	618	18	20	3	4	3
1541	566	26	29	1	4	2
1542	1626	39	41	3	1	2
1543	1736	21	23	3	3	1
1544	563	43	46	3	2	2
1545	676	32	33	3	1	1
1546	1431	42	45	2	4	2
1547	1765	4	6	1	4	1
1548	466	36	37	1	3	1
1549	1208	2	3	3	3	1
1550	1360	9	12	2	4	3
1551	1606	33	36	2	4	2
1552	1081	30	33	3	1	2
1553	1500	39	41	3	2	1
1554	1498	42	43	3	3	2
1555	876	38	41	2	2	1
1556	347	45	47	2	2	3
1557	1205	3	6	2	3	2
1558	364	1	4	2	2	1
1559	120	31	32	1	1	2
1560	1173	20	23	1	4	2
1561	715	20	21	2	3	3
1562	998	29	30	1	1	1
1563	744	37	40	1	4	3
1564	897	26	29	2	4	3
1565	627	31	33	1	1	3
1566	1735	40	41	2	4	1
1567	615	31	34	1	2	1
1568	1419	11	12	1	2	1
1569	463	29	30	1	1	1
1570	844	29	32	1	2	1
1571	318	4	5	2	1	3
1572	1677	37	38	3	3	1
1573	394	1	3	2	2	1
1574	1300	35	36	1	3	3
1575	1261	14	16	3	3	3
1576	1582	42	45	2	3	2
1577	1615	22	23	2	1	1
1578	1025	34	35	2	2	1
1579	349	19	22	2	2	1
1580	1120	40	41	1	2	3
1581	1066	15	17	2	4	3
1582	1425	6	8	1	1	3
1583	1587	33	34	2	4	1
1584	167	41	43	1	4	3
1585	386	19	22	3	3	3
1586	1438	41	44	3	3	2
1587	1090	28	29	3	2	2
1588	229	37	40	1	1	1
1589	1644	29	30	2	3	1
1590	927	34	37	3	1	1
1591	892	40	41	1	4	3
1592	504	9	11	3	2	1
1593	988	20	21	3	3	1
1594	690	22	23	1	1	1
1595	1636	39	42	2	3	1
1596	128	8	10	3	3	2
1597	657	6	7	3	1	2
1598	1561	2	3	1	4	3
1599	1118	3	5	1	2	3
1600	862	7	9	2	4	1
1601	345	13	15	2	4	2
1602	157	10	11	2	4	3
1603	807	38	40	1	2	2
1604	1637	10	11	1	4	1
1605	866	15	17	2	4	3
1606	208	36	38	2	3	3
1607	542	12	14	2	2	3
1608	759	34	37	2	3	3
1609	544	21	22	3	1	2
1610	1075	38	39	1	4	1
1611	818	36	39	3	4	2
1612	613	31	33	2	4	1
1613	76	31	34	1	3	3
1614	1112	25	28	1	2	1
1615	1230	4	6	2	1	3
1616	757	41	43	2	3	1
1617	900	6	7	3	3	3
1618	587	38	41	3	4	3
1619	415	28	30	3	2	1
1620	322	22	23	2	2	1
1621	1539	41	44	2	2	1
1622	799	10	12	2	2	3
1623	154	10	13	2	1	2
1624	1288	5	8	1	3	3
1625	488	8	9	3	3	2
1626	1325	41	43	1	3	3
1627	1552	27	30	1	2	1
1628	262	23	26	3	2	2
1629	132	21	23	3	1	1
1630	602	34	37	2	4	3
1631	847	30	33	2	4	3
1632	246	42	45	3	3	2
1633	588	9	12	1	1	3
1634	789	19	22	2	3	1
1635	255	17	19	3	1	3
1636	559	45	47	1	2	1
1637	963	8	10	1	1	1
1638	1311	2	3	1	3	3
1639	888	10	13	3	4	2
1640	1704	19	20	3	1	1
1641	508	38	41	1	2	2
1642	1514	34	35	1	1	2
1643	138	36	38	1	4	2
1644	136	46	47	1	4	2
1645	278	3	6	3	2	1
1646	210	24	25	3	1	2
1647	385	4	5	3	3	3
1648	149	26	27	3	2	3
1649	813	44	46	3	4	2
1650	243	34	35	1	2	1
1651	945	11	13	3	1	2
1652	467	35	37	2	1	2
1653	485	23	25	3	4	2
1654	278	5	8	1	4	2
1655	409	45	46	2	3	3
1656	217	8	9	1	2	3
1657	1453	44	45	2	2	3
1658	238	39	41	1	2	1
1659	1168	18	21	3	3	1
1660	84	11	14	2	3	1
1661	903	1	2	1	2	3
1662	101	31	33	2	2	1
1663	1097	10	11	1	4	3
1664	1076	3	4	3	1	3
1665	377	2	3	2	4	1
1666	1713	13	14	3	2	2
1667	1101	19	22	3	1	2
1668	326	38	39	2	3	2
1669	574	17	18	1	2	1
1670	1384	22	25	3	1	1
1671	458	15	18	3	4	1
1672	603	23	25	1	1	2
1673	124	42	44	2	2	3
1674	1357	10	11	1	1	3
1675	1663	36	37	1	2	2
1676	616	39	40	1	1	1
1677	1361	40	41	2	1	2
1678	174	18	20	1	1	3
1679	1285	43	46	1	2	3
1680	1262	28	30	2	3	1
1681	334	33	36	2	1	2
1682	1393	3	4	1	2	3
1683	933	4	5	2	3	3
1684	621	3	4	1	4	3
1685	56	25	27	2	2	3
1686	1411	39	42	2	1	3
1687	1412	6	9	2	3	3
1688	1744	16	19	1	2	1
1689	1270	5	8	2	2	2
1690	289	40	41	3	2	3
1691	970	41	42	2	4	3
1692	60	16	18	3	1	2
1693	1037	15	18	3	2	3
1694	1040	1	4	2	2	1
1695	901	16	17	2	1	2
1696	967	14	15	2	1	3
1697	1509	13	15	1	4	2
1698	1230	29	31	3	3	2
1699	1679	28	30	1	2	3
1700	1003	23	24	1	4	1
1701	1224	33	35	1	3	2
1702	1159	3	5	1	2	1
1703	1530	3	5	2	1	1
1704	214	4	5	2	2	2
1705	1363	11	13	3	3	2
1706	993	41	44	1	4	2
1707	677	38	40	1	2	1
1708	332	15	17	1	1	3
1709	165	31	33	1	3	2
1710	859	44	46	2	4	2
1711	441	23	24	1	3	2
1712	1566	22	24	1	1	1
1713	344	13	16	3	3	1
1714	946	3	5	3	1	2
1715	130	16	19	2	1	1
1716	447	19	22	2	3	3
1717	1231	18	21	3	1	2
1718	1013	7	10	2	1	1
1719	266	30	32	3	1	2
1720	1762	39	41	1	4	2
1721	1190	5	8	1	1	1
1722	1650	9	12	3	1	3
1723	1479	44	46	3	2	2
1724	102	43	45	1	3	1
1725	1501	8	10	3	3	2
1726	1093	39	42	1	3	1
1727	311	23	26	1	4	1
1728	868	2	4	1	2	2
1729	1220	21	22	3	2	3
1730	1147	13	16	3	3	2
1731	1472	5	8	2	2	3
1732	1536	20	21	3	2	2
1733	610	37	38	2	2	2
1734	983	34	37	2	3	3
1735	666	38	41	3	1	2
1736	874	30	31	3	2	3
1737	1153	34	36	2	2	2
1738	511	26	27	2	1	3
1739	1462	29	31	3	4	3
1740	150	3	6	1	3	3
1741	1764	2	3	3	2	3
1742	1604	6	9	2	1	2
1743	648	12	15	2	2	3
1744	1248	8	11	1	3	3
1745	1033	34	36	3	3	1
1746	384	5	6	3	1	2
1747	593	3	4	1	3	1
1748	1131	9	12	3	4	2
1749	1140	27	29	1	2	1
1750	423	14	16	2	2	1
1751	1328	36	38	2	2	3
1752	1599	5	8	2	3	2
1753	703	21	22	2	3	2
1754	1531	28	31	2	3	1
1755	28	39	41	2	1	1
1756	369	30	33	2	1	2
1757	190	37	40	1	4	2
1758	776	37	38	1	4	2
1759	1718	23	24	1	1	3
1760	44	24	27	3	2	3
1761	47	24	25	3	3	1
1762	376	4	5	3	3	3
1763	579	42	45	3	1	3
1764	579	28	30	3	3	3
1765	1002	17	18	2	2	1
1766	1570	28	31	1	2	1
1767	605	32	35	3	4	3
1768	499	9	12	2	3	2
1769	895	16	17	2	3	1
1770	697	6	8	3	3	1
1771	447	32	33	1	3	1
1772	972	30	33	1	4	1
1773	1740	6	8	2	4	2
1774	853	43	46	3	4	1
1775	27	8	11	1	1	2
1776	32	43	44	3	1	3
1777	942	25	27	1	2	2
1778	299	36	39	1	4	1
1779	1046	7	10	1	4	1
1780	1223	23	25	1	2	2
1781	1281	44	45	3	3	3
1782	1698	23	26	2	2	1
1783	871	11	12	3	4	1
1784	864	41	44	2	1	1
1785	1685	44	46	1	2	1
1786	1331	28	29	2	3	3
1787	343	8	11	1	3	1
1788	1446	31	34	3	4	3
1789	964	20	23	1	4	3
1790	1010	36	38	2	4	3
1791	130	22	25	1	3	2
1792	1474	32	34	3	1	3
1793	551	8	10	1	4	3
1794	929	27	28	3	1	3
1795	1373	7	10	2	2	1
1796	633	3	5	3	2	1
1797	32	32	35	2	3	1
1798	442	5	7	1	1	1
1799	1184	23	25	3	3	3
1800	1564	18	19	3	1	2
1801	1579	1	2	2	3	2
1802	546	38	41	2	3	2
1803	1742	14	15	2	4	3
1804	121	5	8	1	1	3
1805	852	5	6	2	2	3
1806	538	32	33	1	1	1
1807	1537	39	41	2	2	3
1808	492	42	43	1	4	3
1809	1775	20	23	3	4	1
1810	438	21	23	3	3	3
1811	1749	41	43	3	2	1
1812	250	24	25	2	4	3
1813	1454	20	23	3	4	1
1814	1079	13	16	2	1	3
1815	341	44	45	1	2	3
1816	1459	24	27	3	2	1
1817	1299	22	24	2	4	3
1818	277	19	22	2	3	1
1819	1350	19	22	1	1	2
1820	726	9	10	3	2	1
1821	1125	8	11	2	3	1
1822	1551	30	33	2	1	2
1823	1423	6	7	2	1	1
1824	971	44	47	1	3	2
1825	7	6	7	2	1	3
1826	1362	19	22	3	3	3
1827	1335	31	33	1	3	2
1828	1435	3	4	1	2	2
1829	918	6	9	2	4	1
1830	93	29	32	2	3	3
1831	1640	20	21	2	1	2
1832	1392	25	28	2	3	1
1833	534	9	12	1	1	1
1834	1546	46	47	3	4	2
1835	1172	45	48	2	2	3
1836	1028	30	33	2	4	3
1837	1241	17	20	3	2	2
1838	728	6	7	3	1	1
1839	14	5	7	3	1	3
1840	1257	32	35	2	4	3
1841	1282	21	24	3	1	3
1842	421	6	7	2	4	1
1843	1728	44	45	1	2	2
1844	884	39	40	3	1	3
1845	1092	8	11	1	2	2
1846	385	25	28	3	4	2
1847	246	25	28	3	3	3
1848	1396	37	39	2	3	1
1849	1573	40	41	3	1	3
1850	233	42	43	1	1	2
1851	906	33	35	2	1	2
1852	1562	27	28	1	2	2
1853	765	9	12	3	4	1
1854	221	36	38	2	3	3
1855	1208	3	4	3	4	2
1856	1473	13	15	1	1	1
1857	1259	22	24	2	2	2
1858	1098	21	22	3	1	3
1859	294	40	43	3	2	3
1860	939	38	39	3	1	2
1861	1191	19	20	3	1	1
1862	632	30	32	3	2	3
1863	1554	19	22	3	1	3
1864	1096	41	44	3	4	3
1865	256	16	17	2	3	1
1866	708	26	29	3	3	2
1867	1341	21	24	2	2	1
1868	649	23	26	3	3	1
1869	1555	10	13	3	1	1
1870	31	13	16	3	1	3
1871	448	8	10	2	4	3
1872	1254	20	21	1	1	2
1873	1486	41	43	1	3	3
1874	730	15	17	2	1	2
1875	1513	15	17	3	1	1
1876	1757	17	19	2	1	1
1877	962	32	33	2	2	1
1878	1609	44	47	1	3	1
1879	951	8	9	3	4	2
1880	1271	7	10	2	1	2
1881	287	35	36	2	3	2
1882	914	16	18	3	1	2
1883	880	25	27	3	1	3
1884	1074	17	20	2	2	1
1885	70	34	36	2	2	2
1886	1088	47	48	1	3	2
1887	1608	29	30	2	2	1
1888	1457	44	45	3	4	2
1889	1312	31	32	2	1	1
1890	99	15	18	2	3	3
1891	826	28	29	2	1	3
1892	702	11	13	3	1	3
1893	1507	6	8	2	3	3
1894	1359	12	15	1	1	3
1895	461	1	3	3	2	3
1896	576	31	33	2	3	3
1897	1381	13	14	2	2	2
1898	536	32	33	3	3	3
1899	681	38	41	3	2	2
1900	973	30	33	3	3	2
1901	607	22	24	1	1	2
1902	248	24	26	1	4	1
1903	872	34	35	2	3	3
1904	111	29	32	2	4	1
1905	1199	39	42	1	1	1
1906	374	40	43	2	1	2
1907	1703	43	45	2	1	3
1908	313	4	5	1	1	3
1909	664	24	27	2	3	2
1910	842	17	18	2	1	1
1911	624	42	43	2	4	2
1912	898	12	15	1	2	3
1913	88	32	34	3	4	3
1914	1126	10	11	2	3	2
1915	1633	33	35	1	4	2
1916	908	28	29	1	2	1
1917	909	2	4	3	3	2
1918	1099	25	28	3	1	3
1919	1377	1	2	3	1	2
1920	980	43	44	3	3	2
1921	733	33	36	3	3	2
1922	1612	33	36	3	4	2
1923	1467	34	37	2	1	1
1924	920	14	15	2	2	3
1925	1642	8	9	3	4	2
1926	1290	14	16	3	3	2
1927	1470	34	36	1	2	1
1928	216	11	14	1	3	3
1929	1748	39	40	1	1	3
1930	529	21	23	1	1	1
1931	155	42	43	2	3	3
1932	926	26	27	2	1	2
1933	315	28	30	3	2	1
1934	275	41	42	2	1	1
1935	108	41	42	3	1	3
1936	525	10	13	3	3	1
1937	1732	41	43	1	4	2
1938	374	2	4	2	1	3
1939	541	35	38	3	1	2
1940	1598	45	48	2	1	3
1941	1167	28	30	3	4	1
1942	857	21	24	1	3	1
1943	1656	38	39	1	4	1
1944	18	26	28	2	2	3
1945	848	14	16	1	3	2
1946	72	36	38	1	3	2
1947	408	14	15	1	3	3
1948	1129	5	6	1	2	3
1949	1186	43	44	2	3	2
1950	201	27	28	1	4	1
1951	758	24	27	3	1	1
1952	1681	43	45	2	4	3
1953	678	26	27	2	2	1
1954	1170	15	18	1	1	2
1955	219	44	47	1	3	1
1956	1777	46	47	1	3	2
1957	455	23	26	1	1	2
1958	562	30	32	2	3	1
1959	1432	41	44	1	4	1
1960	761	1	4	3	2	2
1961	315	12	15	2	2	2
1962	1429	6	9	1	4	1
1963	1192	8	11	3	2	2
1964	257	14	16	3	4	3
1965	979	15	18	1	2	2
1966	263	19	22	1	4	2
1967	225	14	16	2	3	1
1968	1527	36	37	2	2	2
1969	858	43	45	3	2	1
1970	372	9	10	1	3	1
1971	129	22	25	1	2	2
1972	112	36	38	2	1	1
1973	265	1	3	2	1	1
1974	1675	44	45	2	3	1
1975	73	40	41	3	4	1
1976	25	4	5	3	1	3
1977	995	35	37	1	3	1
1978	1010	4	5	3	4	2
1979	159	5	6	2	3	1
1980	390	40	42	1	3	1
1981	1043	19	20	1	4	2
1982	1482	34	35	3	2	3
1983	814	13	16	2	1	1
1984	717	36	39	1	4	2
1985	1103	18	20	1	3	2
1986	883	42	44	3	3	3
1987	231	19	21	1	4	2
1988	792	30	33	2	1	3
1989	351	29	31	2	2	2
1990	577	39	42	2	4	1
1991	362	2	4	1	1	2
1992	569	15	17	2	2	3
1993	1111	29	32	1	2	3
1994	440	37	38	1	2	1
1995	638	10	11	3	3	2
1996	184	11	14	2	3	3
1997	1052	43	44	3	1	2
1998	1397	34	35	1	1	3
1999	1499	19	20	1	2	2
2000	1084	38	41	1	4	3

