DATASET = ORTEC-hidden instance set VeRoLog competition
NAME = tools over vehicle days over vehicles over distance with 2500 requests over 70 days

DAYS = 70
CAPACITY = 35
MAX_TRIP_DISTANCE = 16000
DEPOT_COORDINATE = 0

VEHICLE_COST = 3000
VEHICLE_DAY_COST = 400000
DISTANCE_COST = 1

TOOLS = 5
1	9	58	10000000
2	6	62	50000000
3	12	40	50000000
4	9	56	50000000
5	9	68	20000000

COORDINATES = 2165
0	5445	2890
1	3276	6132
2	8728	6138
3	5505	6141
4	8838	6142
5	8341	6147
6	5534	6148
7	9397	6149
8	8836	6150
9	8209	6152
10	9361	6153
11	7946	6158
12	9327	6163
13	5701	6166
14	4289	6176
15	8922	6183
16	4263	6192
17	5472	6193
18	7682	6193
19	9037	6199
20	8400	6200
21	7202	8147
22	6168	8008
23	7528	6208
24	7349	6214
25	6031	8149
26	8119	6222
27	7726	6228
28	7638	6238
29	6264	6241
30	8390	4733
31	8853	6246
32	7527	6249
33	6373	6250
34	8084	6260
35	7894	6264
36	8153	6153
37	7679	6273
38	8105	6278
39	7526	6281
40	4030	6288
41	8484	6289
42	4227	6290
43	7406	6292
44	7788	6295
45	7895	6301
46	8183	6309
47	7511	6317
48	4246	6319
49	5985	6320
50	6794	6331
51	3731	6165
52	8208	4163
53	9472	6167
54	8280	6352
55	4271	6357
56	8195	6360
57	7324	6371
58	8478	6380
59	7491	6386
60	8344	6390
61	3605	6175
62	3848	6424
63	8468	6429
64	1452	2175
65	7399	6437
66	8310	6446
67	8496	6446
68	6763	2339
69	6895	6454
70	8590	6455
71	7469	6455
72	3920	6466
73	7538	6188
74	9134	5131
75	4382	6485
76	3845	6487
77	4351	6492
78	8592	6497
79	8050	6505
80	8117	6506
81	4600	4191
82	7567	6516
83	6460	6518
84	3961	6524
85	7676	6527
86	3351	6528
87	7445	5852
88	4353	6540
89	8613	6547
90	5076	4197
91	4263	4198
92	3813	6555
93	8262	6560
94	4435	4200
95	4262	6571
96	8258	6575
97	7287	6576
98	4032	6597
99	7683	6601
100	5939	8213
101	7504	6604
102	7373	6605
103	7125	6613
104	8343	6614
105	7193	6620
106	7227	6628
107	3543	6639
108	8587	6639
109	8616	6645
110	8295	6651
111	8056	6657
112	7403	6659
113	6872	7950
114	3411	6663
115	3983	6665
116	7414	6666
117	4190	6670
118	7563	6671
119	8062	6679
120	8642	6679
121	8680	6680
122	7863	6686
123	7216	6689
124	3474	6654
125	4161	6702
126	4002	6707
127	8388	6713
128	7743	6715
129	7950	6720
130	6909	6733
131	7726	6734
132	3737	4228
133	8504	6736
134	7763	6738
135	8701	6741
136	8331	6741
137	7784	6743
138	7688	6780
139	7013	6781
140	3847	6783
141	8712	6784
142	3702	6786
143	7687	6788
144	8747	6798
145	7348	6801
146	3782	6801
147	7689	6803
148	3639	6805
149	3443	6808
150	8598	6808
151	8704	6811
152	8205	6813
153	8476	6814
154	7962	6818
155	3363	6820
156	6875	6823
157	3698	6826
158	8320	6828
159	4218	6830
160	3389	6834
161	4245	6835
162	8661	6836
163	7129	6837
164	8680	6841
165	8339	6843
166	9081	8356
167	8351	6852
168	6392	6854
169	7717	6857
170	8084	6859
171	4585	6863
172	8633	6863
173	4663	6866
174	8069	6870
175	8758	6876
176	8346	6889
177	4045	6891
178	3907	6900
179	5019	2754
180	8118	6904
181	8345	6911
182	4574	6917
183	8443	6917
184	8188	6923
185	9657	6925
186	4572	6932
187	7873	6933
188	4676	6935
189	8238	6939
190	9426	6941
191	4007	6944
192	4557	6945
193	7458	6946
194	7481	6950
195	7531	6959
196	8138	6958
197	7881	6965
198	6159	2263
199	6777	6969
200	7514	6970
201	5566	8337
202	8412	6979
203	8426	6993
204	9177	6997
205	7185	7000
206	8373	7004
207	6313	7009
208	7855	7021
209	4309	7025
210	4277	7026
211	3541	7028
212	8780	7027
213	6890	7028
214	7485	7033
215	8134	7035
216	5928	7041
217	6939	8236
218	8743	7048
219	6554	7059
220	4114	7061
221	5915	7064
222	8858	7065
223	6462	2280
224	8759	7067
225	6886	7074
226	6458	7074
227	8919	7079
228	3995	7081
229	6793	7082
230	7533	7091
231	8018	7095
232	7938	7101
233	7533	8296
234	5886	7106
235	7153	7116
236	7699	7120
237	3506	7127
238	4299	7138
239	8732	7139
240	3688	7144
241	3985	7146
242	7929	7147
243	6693	6301
244	7246	7154
245	3518	7158
246	5891	7163
247	8771	7164
248	8764	7171
249	6782	7177
250	7324	7180
251	8774	4302
252	7121	7183
253	5029	3164
254	8875	7199
255	8985	7209
256	4266	7217
257	6720	7219
258	4467	7220
259	4032	7222
260	3902	7225
261	8197	6313
262	7546	7228
263	8016	7231
264	6861	7232
265	6839	7232
266	4534	7234
267	3437	7236
268	4074	7243
269	3345	7245
270	4219	7248
271	7349	7258
272	7367	7268
273	4195	7268
274	4042	7271
275	7255	7280
276	3527	7281
277	8017	7283
278	8148	8771
279	8268	7290
280	7478	7292
281	7522	7297
282	3945	7304
283	9532	8330
284	7170	7971
285	8214	7316
286	6909	7317
287	6307	7317
288	7448	7317
289	8546	4325
290	7230	7320
291	8054	7326
292	3746	7327
293	6671	7329
294	7400	7331
295	8455	7334
296	4055	7336
297	3367	7344
298	6600	7344
299	7023	7345
300	9425	7345
301	3490	7346
302	8928	7347
303	3899	7350
304	3449	5972
305	8102	7354
306	3967	4333
307	3779	7367
308	8742	7367
309	7311	4371
310	9131	7376
311	7742	7378
312	6540	7380
313	6382	7381
314	8498	7382
315	7256	7390
316	7102	7391
317	7293	7394
318	9266	8345
319	7245	7402
320	7500	8347
321	3615	7408
322	6784	8347
323	7097	7417
324	7767	7426
325	3810	7428
326	5979	7440
327	6952	7451
328	8328	7461
329	7965	8356
330	8979	7472
331	8652	7474
332	7678	7478
333	8365	7480
334	6469	7481
335	9024	7494
336	3999	4356
337	6541	7502
338	9628	7502
339	8682	7512
340	8259	7513
341	6799	7516
342	3775	7520
343	4165	4360
344	6547	7528
345	6795	7530
346	5981	7531
347	8260	7541
348	8424	7548
349	8056	8372
350	2418	4366
351	7700	7563
352	9299	7563
353	3785	7564
354	5696	7980
355	8612	7567
356	3914	7570
357	6256	7570
358	8547	7571
359	3733	7572
360	7253	7573
361	6770	7579
362	8449	7583
363	9667	7584
364	6815	2367
365	6887	7589
366	4386	7590
367	7763	7592
368	4310	4372
369	5984	8261
370	7823	7601
371	6389	7609
372	7300	7612
373	7305	7616
374	3908	7618
375	6194	7618
376	7727	7623
377	4336	6380
378	8549	7628
379	6507	7633
380	6850	7641
381	7525	7654
382	9098	7659
383	8035	7667
384	372	2818
385	7059	7692
386	6740	7696
387	8389	7699
388	7525	7701
389	7080	7704
390	9723	8785
391	8374	7715
392	5292	7716
393	7228	7717
394	4161	7720
395	7523	7720
396	7043	4392
397	8572	7723
398	7121	7727
399	5921	7729
400	5816	7731
401	4498	7743
402	8167	7751
403	8167	7755
404	6699	7756
405	4084	7758
406	7180	7757
407	3624	4403
408	6652	6406
409	3530	7785
410	7088	7791
411	6625	7797
412	8277	7806
413	6963	7815
414	5683	7826
415	8414	7831
416	4425	4412
417	8825	7834
418	5358	7841
419	3648	4414
420	5585	7847
421	4059	7849
422	8405	7856
423	5380	7857
424	8403	7862
425	7351	7870
426	8795	8424
427	5293	7873
428	6036	7875
429	8300	7876
430	6747	7878
431	6993	7883
432	7384	7885
433	7453	7888
434	6480	7902
435	7123	7911
436	7296	7912
437	6875	7921
438	6800	7923
439	6496	7930
440	8071	7937
441	6904	7938
442	6454	7942
443	5399	7944
444	6647	7949
445	5472	7951
446	6117	7957
447	7142	7958
448	4263	5591
449	5440	7964
450	5680	7966
451	6236	7967
452	6260	7967
453	6771	7971
454	6955	7973
455	9704	7975
456	6127	7977
457	7422	7978
458	8636	4435
459	5995	7984
460	8823	4260
461	8654	7998
462	5920	8003
463	8549	8004
464	4297	4441
465	7829	8448
466	5898	8020
467	8219	8022
468	6338	8024
469	9453	8026
470	7261	8027
471	9276	8030
472	8324	8034
473	7317	8037
474	3460	4446
475	5561	8040
476	7331	8046
477	7878	8047
478	6888	8051
479	5971	8052
480	3539	8057
481	6120	8058
482	7161	8069
483	7075	8078
484	7667	8088
485	7712	8093
486	3987	3995
487	9984	8101
488	9628	8103
489	8627	8109
490	7306	8110
491	7289	8113
492	7221	4459
493	6064	8121
494	7077	8124
495	6210	8134
496	6093	8138
497	8131	4462
498	4690	3596
499	7581	8143
500	5563	8146
501	6943	8149
502	7487	8149
503	6143	8471
504	6920	8157
505	6300	8159
506	7701	8163
507	7232	8164
508	5861	8168
509	5447	8171
510	8904	8171
511	9332	8172
512	6909	8180
513	9730	8188
514	7054	8193
515	7301	8204
516	5736	8480
517	5961	8208
518	5985	8215
519	8979	8228
520	8830	8230
521	6615	8231
522	6472	8233
523	7544	8234
524	7505	4478
525	8803	8239
526	6278	8249
527	6307	8255
528	6443	8262
529	6500	8276
530	7153	8278
531	5405	8282
532	9600	8294
533	7327	8294
534	6962	8296
535	5902	8302
536	9977	8302
537	4923	4490
538	5927	8497
539	6469	8308
540	5391	8312
541	7556	8318
542	7930	8405
543	7699	6497
544	5471	8331
545	7752	8348
546	5589	8349
547	7634	8349
548	9335	8353
549	7722	8360
550	8073	6503
551	5467	8372
552	5352	8384
553	3673	8387
554	8093	8389
555	8186	8390
556	5861	8397
557	8412	8397
558	5600	8401
559	6636	8401
560	5341	4406
561	6653	8415
562	3877	8418
563	7578	8420
564	7715	6512
565	8200	8422
566	6372	3525
567	6381	8424
568	6180	8429
569	8318	8429
570	3837	8432
571	6334	8437
572	5835	8446
573	8864	8461
574	6504	8464
575	8461	8465
576	5406	8466
577	6672	8469
578	7873	8471
579	7161	8477
580	7010	8479
581	7838	8480
582	3868	8482
583	6018	8485
584	8238	4664
585	6269	8490
586	5747	8493
587	6696	8494
588	7042	8501
589	7368	8501
590	6886	8503
591	7335	8505
592	3886	8508
593	7741	8510
594	3684	8516
595	6865	8516
596	7834	8517
597	7714	8518
598	6484	8538
599	9552	8539
600	7210	8551
601	5760	8553
602	6679	8539
603	8528	8566
604	6041	8573
605	3948	8575
606	7376	8577
607	8044	8580
608	6396	6539
609	6814	8582
610	5427	8584
611	9131	6013
612	7622	8608
613	7654	8610
614	6166	8621
615	6391	8625
616	5464	8626
617	6454	8626
618	3940	8635
619	7794	8637
620	8441	8637
621	7360	8640
622	8437	8640
623	8515	8643
624	8266	8643
625	9270	8647
626	9987	8650
627	8218	8657
628	7520	8657
629	6278	8670
630	5651	8671
631	7737	4551
632	6799	8559
633	9267	8678
634	6109	8681
635	8273	8681
636	5331	4554
637	8277	8691
638	6514	8692
639	4586	2414
640	6897	8699
641	6313	8700
642	7680	8702
643	5966	8707
644	7736	8716
645	5737	8722
646	7466	8566
647	7392	8731
648	7222	8737
649	5776	8740
650	5612	8743
651	5683	8747
652	5404	8752
653	6321	8753
654	5509	8757
655	7764	8763
656	6624	8764
657	5998	8765
658	7672	8774
659	7480	8774
660	5649	8775
661	5586	8781
662	6924	8785
663	7723	8802
664	6006	8815
665	8947	6020
666	6602	8819
667	8103	8828
668	5796	8831
669	6045	8847
670	5861	8851
671	7564	8855
672	7739	8872
673	9402	8874
674	6918	8874
675	8383	4585
676	6119	8894
677	5928	8899
678	7069	8905
679	5875	8909
680	4792	2588
681	5847	8924
682	5382	8927
683	5728	8826
684	7903	8954
685	5973	8965
686	9782	8970
687	7529	8971
688	7190	8972
689	3750	8611
690	8802	8997
691	7531	8998
692	6871	9000
693	7735	9001
694	5816	9002
695	7100	9003
696	7795	9012
697	7888	9019
698	7965	9022
699	6250	8616
700	7453	9023
701	6062	9024
702	5726	9032
703	8086	9036
704	9656	9039
705	3820	4614
706	6442	9053
707	6324	9063
708	8201	9064
709	5694	9067
710	6818	9067
711	8070	9074
712	8002	9074
713	7931	9079
714	7739	9089
715	6703	9090
716	6893	8831
717	7675	9095
718	6827	9099
719	6565	9101
720	6358	9104
721	6924	9106
722	6072	9107
723	7816	5629
724	3424	2621
725	8074	9112
726	8192	9232
727	6860	6628
728	7739	5229
729	7170	9121
730	6048	9127
731	8335	9133
732	7675	9136
733	8123	8635
734	6550	9141
735	8832	9156
736	7118	9166
737	8586	9168
738	8561	4633
739	9737	8641
740	6040	9179
741	7661	9185
742	9315	9198
743	6879	9200
744	7455	9202
745	6334	9203
746	7913	4032
747	7928	9209
748	7631	9212
749	8229	9213
750	8384	9213
751	6407	9218
752	5159	3632
753	6685	9223
754	8633	9223
755	6336	9237
756	6182	9241
757	7384	9244
758	8041	9246
759	7212	9250
760	8861	9268
761	6299	9275
762	7879	9275
763	6206	2649
764	8683	9283
765	6420	9295
766	7767	9300
767	7515	9306
768	8064	9311
769	8930	9314
770	8951	9321
771	8010	9323
772	8315	6663
773	7082	9327
774	6373	9330
775	8207	6664
776	8790	6665
777	9096	9341
778	7195	9341
779	7116	9342
780	9288	9346
781	6966	9353
782	7074	9359
783	8978	9361
784	8146	9366
785	7991	6673
786	6597	9383
787	9043	9385
788	6447	9394
789	4579	2668
790	3681	6676
791	8307	9398
792	8389	9414
793	9059	9415
794	7006	9424
795	9122	9424
796	4059	4678
797	8593	9433
798	7898	9435
799	7591	8686
800	8491	9461
801	6681	9464
802	9189	9464
803	8619	9468
804	7203	9470
805	8995	9471
806	2564	4441
807	8391	9478
808	6718	9487
809	9114	9490
810	6741	9501
811	9170	9505
812	7951	9506
813	9209	9509
814	8474	6043
815	8302	9512
816	6809	9513
817	9176	9517
818	8427	4693
819	6674	9524
820	8602	9527
821	8442	9528
822	7665	9535
823	9199	9540
824	7928	9549
825	8885	9550
826	7264	9553
827	5608	2694
828	7817	9573
829	8286	9586
830	2737	2703
831	6598	9603
832	4934	9612
833	8057	9613
834	7282	9626
835	7819	9626
836	8495	9631
837	8167	9657
838	8018	9667
839	5118	9676
840	7901	9686
841	8110	4721
842	8948	8728
843	7412	9719
844	8656	9739
845	6458	2742
846	6042	9864
847	6207	9865
848	8551	4750
849	4752	4751
850	6453	9874
851	4894	4762
852	7417	4764
853	7802	6058
854	4228	4771
855	7371	9995
856	7352	10000
857	7323	8781
858	7127	8862
859	2567	2779
860	6882	6792
861	5901	8800
862	5069	2796
863	8620	4801
864	5581	4807
865	4818	4814
866	7939	6818
867	4061	4816
868	6507	8831
869	7233	8833
870	8478	4852
871	4707	4475
872	2427	2853
873	8392	4875
874	2556	2860
875	3688	4077
876	6169	7680
877	3854	4869
878	1879	2873
879	7609	4875
880	5445	2890
881	4182	2894
882	2788	4905
883	8746	4905
884	4180	2902
885	8837	4887
886	8064	4916
887	4046	2933
888	5003	2890
889	7457	6943
890	2977	4944
891	8490	6947
892	8774	6144
893	7935	6950
894	9501	7643
895	7483	6955
896	3027	2894
897	7076	2956
898	3892	2958
899	8784	4961
900	4320	6966
901	3529	2963
902	4273	4498
903	8374	6099
904	8731	4983
905	5805	2980
906	8627	4988
907	1776	2991
908	3954	5008
909	7124	5010
910	8545	5014
911	3815	5015
912	8997	7028
913	8171	5028
914	7124	9488
915	5960	5031
916	7574	5031
917	7004	5036
918	5293	3037
919	8042	9056
920	8446	5055
921	3885	4115
922	4181	7060
923	3969	5058
924	7780	9066
925	7119	5967
926	9044	5067
927	6688	3066
928	3231	5078
929	6805	9084
930	5915	3076
931	9007	5085
932	7621	9097
933	6441	9104
934	8140	5216
935	4676	3104
936	6459	24
937	7845	7121
938	6688	58
939	8168	4127
940	8616	5120
941	6355	73
942	6536	79
943	6375	128
944	4539	3129
945	5409	3131
946	6551	164
947	7067	5143
948	6959	5144
949	4282	5148
950	6471	265
951	6809	6537
952	3115	3161
953	6415	9175
954	6755	358
955	8462	5169
956	7560	4370
957	8643	7175
958	6662	380
959	7048	9184
960	6535	409
961	7694	6541
962	9098	5186
963	8142	5186
964	6096	468
965	6592	469
966	7731	9198
967	6860	4543
968	8228	6144
969	6488	538
970	6648	543
971	7777	9207
972	7797	9207
973	6165	555
974	5361	8147
975	6526	582
976	6433	613
977	8492	5212
978	2923	3215
979	8296	5221
980	4238	7229
981	8334	7228
982	7400	5229
983	5504	3227
984	8373	9238
985	8271	6151
986	6732	770
987	6195	801
988	7098	7247
989	6679	6955
990	8498	9254
991	7400	5250
992	7353	7259
993	6479	936
994	7410	5265
995	4176	3268
996	8848	9281
997	8135	5275
998	6772	1021
999	6956	7284
1000	7307	7290
1001	7842	5287
1002	7021	7298
1003	6380	1148
1004	6256	8567
1005	3519	4164
1006	4293	7307
1007	6733	1168
1008	3574	3305
1009	6476	1195
1010	8933	5308
1011	7863	7312
1012	6421	1215
1013	6605	9320
1014	7399	9323
1015	8447	4967
1016	4263	7326
1017	6461	6170
1018	9049	7332
1019	6936	3326
1020	8548	9338
1021	6463	1351
1022	2980	5335
1023	6483	3338
1024	9266	9352
1025	8452	5348
1026	6800	1462
1027	3850	7359
1028	5811	3356
1029	3984	3357
1030	7037	5362
1031	7682	4576
1032	6937	1551
1033	6410	1558
1034	8510	9381
1035	5075	5372
1036	7046	5372
1037	6367	1593
1038	3509	7380
1039	6301	1616
1040	6813	1620
1041	6203	1627
1042	6482	1639
1043	6726	1653
1044	6721	1657
1045	6521	1661
1046	6747	1678
1047	5796	3386
1048	6821	9401
1049	3140	4984
1050	6461	1741
1051	5571	3397
1052	6840	1753
1053	5668	5402
1054	8452	5785
1055	6238	3401
1056	1267	3404
1057	6841	1813
1058	6947	3386
1059	8107	5415
1060	7737	7419
1061	6392	1844
1062	7127	1854
1063	8114	5418
1064	4024	5421
1065	6817	1872
1066	6743	1877
1067	7358	8191
1068	3769	5390
1069	6810	1889
1070	6782	1893
1071	7110	1902
1072	7669	9433
1073	1504	1918
1074	0	1922
1075	78	1955
1076	5375	1970
1077	1855	1992
1078	1023	1995
1079	7018	7445
1080	837	2005
1081	6385	2006
1082	6738	2010
1083	6671	2014
1084	8196	8624
1085	6458	2050
1086	6237	2063
1087	5913	2068
1088	405	2069
1089	5719	2086
1090	4246	3454
1091	7155	2089
1092	6097	2095
1093	850	2096
1094	6077	2101
1095	6099	2108
1096	5737	2116
1097	6510	2118
1098	5119	2120
1099	824	2124
1100	5295	2129
1101	5861	2130
1102	6297	2134
1103	5743	2134
1104	4852	2136
1105	6702	2150
1106	4699	2152
1107	6318	2152
1108	5127	2154
1109	849	2157
1110	6059	2157
1111	6482	2161
1112	6517	2171
1113	4618	2175
1114	3517	6200
1115	4845	2184
1116	3303	3471
1117	6085	2191
1118	6339	2191
1119	4763	2195
1120	320	2201
1121	6518	2201
1122	6010	2202
1123	5907	2207
1124	7789	5478
1125	6068	2220
1126	6309	2221
1127	4850	2222
1128	5781	2223
1129	5227	2237
1130	6382	2244
1131	5400	2244
1132	6426	2248
1133	4846	2257
1134	4651	2260
1135	6942	5487
1136	5037	2267
1137	5015	2277
1138	6272	2278
1139	4842	2284
1140	6537	2297
1141	6403	2302
1142	1573	2309
1143	5113	2317
1144	6310	2325
1145	4569	2331
1146	2043	2355
1147	9359	5502
1148	4954	2367
1149	6094	2372
1150	4879	2379
1151	6841	7511
1152	5089	2390
1153	6813	5510
1154	2517	2407
1155	6342	2417
1156	7785	5512
1157	6030	2422
1158	3682	2442
1159	6878	2448
1160	5016	2457
1161	6239	2459
1162	2022	2469
1163	6888	7525
1164	1120	2476
1165	6271	2482
1166	3963	2499
1167	6790	2499
1168	3903	2503
1169	6850	7530
1170	4539	2507
1171	3117	2508
1172	5067	2539
1173	5019	2546
1174	3037	2551
1175	3845	2554
1176	3253	2566
1177	6663	2567
1178	6934	7542
1179	4241	2577
1180	3385	2580
1181	4438	3537
1182	1468	2591
1183	3279	2595
1184	2741	2599
1185	6641	2604
1186	2660	2607
1187	4674	2608
1188	4159	2611
1189	4600	2627
1190	2769	2643
1191	6291	2645
1192	2845	2653
1193	4975	2655
1194	2902	2656
1195	4592	2657
1196	6730	2658
1197	2881	2659
1198	6644	2664
1199	4863	2665
1200	4106	2668
1201	7271	2668
1202	3938	2678
1203	3322	2684
1204	4893	2694
1205	3918	2697
1206	4201	2698
1207	4791	2699
1208	6254	2700
1209	2598	2701
1210	7407	7562
1211	2691	2712
1212	3240	2715
1213	3822	2716
1214	6641	2728
1215	2841	2740
1216	8700	5565
1217	3615	2741
1218	5666	2753
1219	3415	2753
1220	462	2760
1221	8879	5569
1222	3637	2765
1223	5484	3567
1224	549	2772
1225	4954	2774
1226	393	2783
1227	4457	2784
1228	6165	2787
1229	5893	2791
1230	4087	2799
1231	2421	2799
1232	5859	2801
1233	5235	2803
1234	4216	2807
1235	2581	2809
1236	7417	2810
1237	308	2819
1238	6002	2823
1239	7105	2830
1240	4073	2832
1241	4673	2836
1242	8105	7822
1243	4947	2844
1244	5757	2847
1245	327	2861
1246	3698	2865
1247	2482	2868
1248	709	2873
1249	744	2875
1250	6072	2877
1251	2502	2883
1252	3327	2890
1253	3219	2892
1254	2308	2894
1255	2579	2905
1256	5856	2911
1257	6493	2912
1258	7040	2914
1259	5061	2918
1260	5436	5023
1261	2517	2932
1262	3421	2943
1263	5625	2951
1264	6495	7604
1265	2990	2953
1266	5917	2954
1267	4144	2958
1268	5958	2959
1269	1913	2960
1270	5149	2971
1271	2976	2971
1272	4080	3601
1273	3157	2977
1274	4633	2982
1275	6630	2984
1276	5725	2985
1277	6864	2994
1278	5526	3001
1279	8507	5611
1280	9754	8228
1281	6448	3014
1282	5169	3017
1283	5745	3022
1284	6287	3024
1285	5560	3033
1286	5598	3034
1287	6474	3035
1288	5884	3036
1289	6813	3050
1290	3870	3052
1291	6611	3055
1292	4957	3057
1293	3409	3058
1294	6465	3060
1295	5005	3060
1296	2293	3061
1297	4753	3061
1298	4990	3065
1299	6647	3068
1300	5911	3075
1301	4133	3076
1302	5940	3079
1303	6077	3082
1304	5978	3083
1305	6333	3088
1306	6547	3090
1307	3073	3096
1308	5011	3097
1309	6599	3102
1310	4544	3102
1311	6360	3106
1312	5979	3117
1313	2685	3119
1314	4851	3122
1315	5527	3127
1316	3159	3131
1317	3747	3133
1318	5385	3138
1319	6705	3140
1320	8119	7636
1321	6308	3142
1322	3429	3152
1323	5934	3157
1324	4652	3160
1325	4781	3163
1326	7014	3172
1327	4874	3174
1328	6339	3178
1329	4624	5641
1330	4283	3199
1331	5410	3202
1332	4552	3207
1333	6166	3218
1334	4558	3221
1335	9627	8636
1336	6609	3237
1337	6511	3239
1338	6685	3241
1339	1530	3242
1340	6071	3646
1341	3696	3245
1342	6560	3246
1343	3043	3251
1344	3482	3252
1345	5626	3258
1346	5259	3260
1347	7130	3263
1348	6421	3263
1349	3999	3264
1350	5626	3264
1351	6003	3266
1352	3527	3268
1353	6346	3272
1354	5268	3277
1355	5138	3278
1356	6522	3280
1357	6426	3285
1358	2898	3293
1359	5434	3298
1360	4918	3299
1361	3724	3302
1362	6380	3316
1363	7074	3320
1364	5532	3323
1365	3761	3332
1366	6530	3335
1367	6435	3336
1368	4206	3336
1369	5169	3339
1370	6413	3344
1371	1587	3345
1372	5673	3347
1373	5557	3349
1374	5430	3355
1375	6545	3356
1376	4738	3362
1377	4108	3365
1378	7283	5670
1379	4158	3374
1380	5346	3377
1381	8749	7440
1382	5569	3388
1383	5579	3391
1384	6228	3397
1385	6284	7679
1386	5437	3405
1387	5230	3408
1388	2828	3410
1389	4053	3412
1390	2110	3416
1391	5576	3432
1392	3793	3448
1393	5269	3448
1394	4581	3456
1395	5344	3460
1396	6355	3469
1397	7150	7692
1398	5481	3481
1399	6381	3486
1400	6623	3492
1401	4511	3494
1402	9028	5691
1403	4487	3500
1404	3970	3502
1405	1263	3504
1406	3584	3505
1407	6341	3513
1408	5964	3516
1409	4675	3517
1410	5686	3519
1411	4872	3519
1412	5819	4243
1413	1855	3527
1414	1247	3529
1415	3034	3538
1416	7610	5699
1417	9532	5844
1418	4222	3568
1419	4354	3569
1420	4710	3570
1421	4724	3577
1422	6627	3582
1423	6316	3703
1424	6154	3586
1425	4754	3589
1426	5395	3598
1427	4888	3707
1428	5833	3617
1429	5983	3622
1430	6061	3629
1431	5942	3630
1432	5866	3632
1433	4368	3640
1434	6544	3654
1435	5475	3654
1436	4432	3656
1437	5118	3663
1438	4954	3671
1439	4401	3679
1440	6814	3684
1441	4779	3686
1442	4662	3689
1443	5987	3689
1444	8028	5449
1445	4444	3703
1446	5224	3704
1447	6156	3708
1448	2057	3712
1449	4007	5730
1450	4473	3728
1451	2363	3735
1452	9177	5732
1453	6428	3743
1454	5520	3746
1455	6768	3747
1456	6079	3748
1457	5794	3753
1458	4648	3765
1459	4942	3771
1460	5171	3776
1461	5194	3780
1462	2974	3783
1463	1739	3785
1464	4934	3786
1465	4794	3795
1466	5342	3796
1467	5563	3805
1468	5792	3741
1469	5754	3820
1470	4449	3832
1471	2641	3833
1472	5696	3845
1473	5344	3846
1474	1432	3870
1475	3992	5055
1476	4434	3873
1477	1312	3885
1478	5432	3887
1479	1546	3895
1480	5904	3905
1481	2135	3922
1482	2357	3927
1483	5185	3940
1484	5857	3941
1485	2097	3956
1486	4912	3957
1487	5937	3970
1488	5444	3972
1489	2174	3979
1490	4816	3980
1491	3988	3981
1492	4737	3983
1493	3916	3988
1494	3709	3991
1495	6938	3995
1496	3817	3996
1497	5587	4000
1498	2232	4006
1499	5072	4010
1500	6143	4013
1501	6743	4014
1502	2056	4023
1503	4664	4028
1504	7732	4028
1505	7830	4029
1506	4779	4032
1507	3440	4033
1508	8039	7785
1509	7009	4035
1510	3044	3781
1511	3571	4052
1512	2018	4062
1513	8784	4260
1514	3893	4067
1515	4850	4073
1516	5770	4080
1517	1929	4085
1518	4730	4086
1519	8888	5790
1520	5257	4092
1521	4048	4094
1522	3758	4100
1523	1855	4101
1524	5232	4111
1525	4125	4113
1526	3871	4115
1527	8244	4121
1528	4193	4125
1529	4196	4128
1530	7026	6665
1531	4107	4133
1532	3515	4138
1533	6330	4144
1534	5868	4146
1535	4076	4147
1536	3337	4148
1537	3580	4156
1538	4237	4157
1539	4599	4162
1540	5781	4164
1541	8309	4164
1542	7549	8337
1543	6820	4167
1544	3688	4172
1545	6738	4174
1546	4402	4176
1547	3474	4177
1548	4074	4179
1549	3633	4180
1550	3209	4183
1551	3535	4184
1552	8927	7809
1553	7912	4186
1554	3466	4189
1555	5009	4196
1556	5497	4197
1557	4297	4202
1558	4794	4217
1559	4390	4218
1560	8167	4226
1561	3607	4227
1562	3426	4229
1563	8112	4237
1564	8106	4239
1565	4205	4241
1566	4480	4243
1567	7104	4246
1568	8300	4247
1569	3702	4251
1570	8180	4251
1571	8764	4254
1572	8463	4260
1573	4962	4265
1574	5089	4269
1575	6304	4275
1576	4390	4278
1577	8663	4279
1578	2383	4282
1579	4624	4282
1580	8702	4285
1581	4280	4286
1582	4813	4292
1583	6222	4296
1584	6071	4301
1585	3827	4304
1586	8117	4304
1587	8784	5826
1588	7325	7830
1589	8504	4308
1590	4712	4313
1591	8258	4316
1592	8299	4319
1593	7861	5829
1594	7603	5870
1595	4395	4324
1596	8524	4327
1597	5396	4332
1598	3998	4340
1599	6020	4344
1600	3737	4345
1601	3957	4345
1602	6289	4347
1603	4039	4348
1604	8589	4351
1605	6309	4352
1606	5384	4357
1607	4681	4368
1608	2506	4373
1609	7291	4377
1610	4158	4379
1611	8766	4385
1612	6089	4391
1613	8903	4392
1614	2481	4398
1615	7079	4398
1616	4467	4401
1617	4644	4403
1618	3431	4405
1619	2402	4407
1620	8529	4411
1621	2698	3841
1622	6748	4417
1623	5215	4420
1624	7048	7849
1625	3837	4423
1626	4603	4431
1627	3982	4433
1628	8237	5073
1629	7735	4435
1630	9054	4440
1631	8570	4442
1632	8958	4445
1633	7931	4449
1634	3617	4450
1635	8606	4459
1636	8999	4468
1637	8677	4471
1638	8115	4471
1639	2656	4475
1640	3489	4477
1641	3518	4482
1642	7960	4482
1643	5850	4487
1644	4198	4489
1645	3386	4492
1646	5034	4493
1647	8074	4495
1648	4221	4497
1649	6904	4501
1650	5957	8679
1651	5810	4510
1652	3931	4512
1653	4794	4514
1654	3592	4516
1655	2459	4520
1656	2387	4529
1657	3418	4530
1658	5014	3076
1659	5387	4532
1660	4755	4533
1661	7510	4536
1662	5218	4538
1663	8844	4539
1664	7209	4540
1665	2387	4542
1666	5793	4543
1667	4855	4545
1668	6839	4551
1669	7709	4552
1670	7928	4553
1671	4875	4559
1672	8568	4564
1673	4097	4568
1674	7703	4567
1675	4595	4571
1676	4368	4573
1677	3633	4574
1678	8802	4586
1679	4179	4588
1680	7554	4588
1681	3709	4590
1682	8563	4593
1683	4225	4596
1684	8321	4597
1685	4269	4602
1686	7565	4605
1687	8260	4607
1688	5246	4621
1689	4931	4622
1690	8427	4622
1691	8578	4631
1692	8438	4634
1693	8854	5881
1694	8426	4635
1695	5202	4638
1696	8533	4642
1697	7805	4643
1698	8295	4645
1699	8795	4647
1700	8399	4655
1701	7869	4655
1702	7756	4662
1703	8472	4663
1704	3846	4679
1705	8589	4682
1706	7411	4685
1707	7756	4686
1708	8226	4693
1709	7606	4695
1710	8399	4697
1711	7987	4698
1712	8143	4702
1713	7808	4707
1714	6262	8001
1715	8036	4723
1716	8388	4723
1717	3863	4728
1718	4050	4728
1719	8356	4729
1720	5125	5897
1721	8598	4733
1722	5462	4734
1723	3857	4736
1724	8085	4739
1725	8094	4742
1726	8013	4746
1727	4121	4750
1728	7235	4750
1729	8375	4752
1730	8446	4762
1731	7426	4763
1732	8687	4770
1733	8152	4773
1734	3972	4775
1735	6926	5486
1736	7702	4789
1737	3831	4797
1738	5513	4806
1739	4709	4809
1740	4887	4810
1741	8118	4814
1742	8589	4817
1743	5469	4819
1744	7237	4820
1745	7709	4821
1746	8120	4823
1747	7820	4826
1748	5390	4830
1749	5333	4836
1750	5644	4838
1751	4226	4848
1752	3773	4849
1753	3557	4854
1754	3648	4855
1755	4733	4860
1756	3733	4861
1757	7004	8690
1758	3657	4864
1759	3832	4865
1760	8760	4868
1761	7539	4870
1762	8778	4881
1763	3513	4883
1764	4245	4889
1765	3566	4894
1766	8639	4897
1767	8421	4913
1768	3173	4916
1769	3216	4917
1770	7981	4920
1771	8467	4921
1772	7258	4922
1773	5441	4924
1774	7562	4927
1775	2951	4928
1776	8697	4929
1777	8778	4931
1778	7209	4936
1779	4777	4936
1780	8673	4938
1781	8522	4944
1782	3400	4945
1783	5634	4945
1784	4264	4953
1785	8844	5934
1786	8905	7938
1787	3843	4958
1788	3606	4959
1789	8173	4962
1790	3770	4966
1791	5430	4966
1792	3488	4972
1793	2600	4973
1794	2891	4976
1795	8646	4980
1796	3646	4982
1797	5522	4983
1798	8566	4987
1799	3225	4991
1800	3413	4994
1801	7788	4994
1802	3764	4995
1803	3036	4999
1804	6011	5001
1805	3005	5004
1806	3810	5006
1807	7248	5019
1808	8484	5019
1809	7903	5026
1810	4447	5028
1811	9029	5028
1812	7978	5031
1813	5575	5035
1814	8181	5038
1815	7583	5040
1816	8280	5041
1817	7318	8296
1818	5304	5052
1819	3953	5055
1820	3734	3949
1821	9014	5058
1822	7545	5060
1823	8414	5064
1824	4583	5068
1825	3826	5073
1826	8697	5074
1827	5526	5075
1828	8748	5077
1829	3794	5082
1830	7817	5083
1831	5503	5084
1832	4186	5085
1833	8107	5088
1834	5456	5091
1835	7301	5096
1836	2834	4696
1837	9043	5097
1838	5404	5099
1839	7332	5104
1840	7497	5107
1841	4654	5111
1842	2730	5115
1843	4643	5115
1844	8675	5117
1845	5610	5963
1846	5068	3959
1847	8303	5127
1848	4555	5128
1849	4553	5130
1850	3411	5130
1851	7106	5131
1852	3382	5132
1853	5481	5133
1854	7596	5133
1855	9132	5134
1856	8056	5139
1857	8112	5139
1858	3213	5144
1859	4486	5145
1860	3304	5148
1861	8953	5202
1862	8759	5153
1863	5090	5156
1864	6829	9501
1865	4033	5165
1866	8138	5165
1867	8609	5169
1868	6997	5170
1869	8916	5171
1870	8156	5172
1871	2758	5175
1872	3458	5176
1873	7034	5180
1874	8623	5183
1875	8552	5185
1876	7750	5186
1877	9081	5186
1878	3152	5188
1879	7851	5190
1880	9037	5190
1881	8190	5192
1882	7027	5196
1883	9245	5197
1884	7922	5203
1885	5195	5208
1886	8434	5208
1887	3956	5210
1888	3971	5211
1889	3206	5212
1890	4179	5214
1891	8460	5216
1892	4264	5218
1893	5020	5221
1894	5090	1973
1895	8752	5227
1896	7692	5228
1897	7110	5230
1898	1838	3978
1899	7751	5235
1900	7094	5241
1901	8507	5241
1902	8181	5242
1903	7015	5244
1904	8183	5249
1905	7129	5251
1906	7363	5254
1907	7382	5262
1908	4142	5263
1909	7413	5272
1910	8030	5272
1911	8176	5277
1912	3189	5281
1913	8197	5284
1914	5632	8305
1915	4148	5294
1916	8471	5299
1917	4185	5301
1918	4146	5303
1919	7329	5304
1920	9352	5306
1921	5211	5307
1922	7391	5309
1923	3801	3992
1924	1918	3992
1925	8470	5322
1926	8151	5323
1927	3004	5328
1928	3092	5335
1929	7979	5337
1930	8626	5339
1931	8246	5340
1932	4298	5343
1933	3492	5347
1934	4226	5348
1935	3902	5104
1936	3786	5351
1937	3667	4304
1938	5158	5354
1939	5268	5356
1940	4276	5360
1941	3457	5364
1942	7584	5366
1943	7985	5368
1944	3447	5370
1945	8035	5371
1946	8270	5524
1947	8259	5380
1948	8319	5381
1949	7160	7507
1950	8847	5392
1951	7207	5393
1952	8077	5393
1953	7515	8012
1954	4239	5398
1955	7229	5399
1956	2188	4007
1957	7541	5401
1958	7807	5402
1959	5040	5404
1960	7582	5410
1961	7564	5413
1962	5820	5416
1963	4233	5418
1964	4965	4009
1965	8126	5421
1966	8638	5425
1967	9061	5425
1968	5076	5426
1969	6944	5430
1970	3061	5431
1971	3920	5435
1972	7819	5436
1973	7942	5440
1974	7638	5445
1975	8314	5446
1976	4233	5450
1977	5176	5450
1978	9184	5456
1979	7084	5457
1980	8352	5460
1981	7757	5460
1982	8869	5464
1983	8174	5466
1984	8756	6020
1985	4361	5467
1986	4550	5468
1987	8690	5474
1988	8645	5477
1989	8518	5478
1990	8280	5482
1991	6997	5487
1992	7994	5491
1993	4198	5497
1994	7816	5497
1995	8272	5504
1996	7108	5509
1997	4106	5510
1998	4035	5511
1999	7758	5511
2000	4962	5515
2001	4363	5524
2002	3919	5530
2003	4293	5538
2004	7074	5538
2005	7799	5542
2006	7163	5547
2007	8294	5553
2008	4204	5566
2009	9053	6037
2010	3931	5571
2011	4246	5580
2012	6869	5585
2013	8031	5598
2014	8092	5604
2015	7354	5613
2016	4442	5617
2017	7324	5626
2018	7149	5627
2019	8528	5629
2020	9120	5629
2021	4309	5633
2022	6765	5637
2023	7649	5645
2024	7466	5646
2025	9570	5647
2026	7582	5648
2027	7057	5649
2028	7621	5654
2029	7633	6052
2030	7422	4314
2031	8471	5660
2032	8525	5670
2033	7675	5674
2034	7846	5681
2035	9095	5681
2036	5238	5682
2037	6790	5689
2038	4598	5690
2039	4430	5694
2040	8110	5695
2041	8624	5697
2042	7770	5710
2043	4004	5711
2044	7917	5717
2045	7927	5720
2046	7600	5729
2047	7118	5730
2048	7384	5730
2049	9142	5731
2050	4424	5732
2051	9126	6064
2052	9207	5733
2053	4522	5735
2054	7898	5740
2055	9519	5743
2056	7291	5746
2057	7513	5747
2058	9158	5751
2059	6930	5759
2060	7761	5759
2061	8185	5763
2062	7704	5769
2063	8320	4646
2064	8155	5790
2065	3588	4072
2066	6759	5803
2067	7002	5805
2068	7561	5811
2069	7843	5815
2070	3290	5818
2071	7674	5818
2072	8813	5826
2073	8204	5826
2074	8279	5832
2075	9079	5834
2076	6933	5840
2077	8906	5840
2078	5907	4080
2079	7116	5849
2080	9044	5851
2081	7737	5855
2082	9370	5858
2083	9079	5862
2084	9166	5866
2085	7496	5870
2086	7562	5871
2087	7297	5872
2088	7574	5875
2089	9077	5876
2090	9331	5882
2091	3440	5883
2092	8804	5885
2093	9610	5886
2094	9297	5891
2095	9580	5895
2096	9020	5898
2097	8316	5910
2098	7004	5916
2099	7528	5919
2100	4181	4094
2101	8307	5936
2102	7918	5937
2103	7833	5941
2104	8835	5944
2105	9008	5945
2106	7772	5947
2107	7109	5952
2108	9374	5955
2109	8955	5956
2110	7517	4967
2111	8417	5962
2112	7496	5966
2113	7497	8108
2114	8897	6104
2115	9200	5975
2116	7503	5979
2117	8757	5981
2118	9129	5984
2119	8965	6106
2120	8944	5991
2121	7070	6001
2122	9480	6004
2123	8786	6008
2124	6814	7928
2125	9402	6023
2126	8652	6026
2127	9439	6032
2128	8939	6032
2129	7654	6035
2130	9097	6036
2131	9150	6115
2132	4175	6044
2133	7815	6043
2134	8649	6045
2135	9565	6049
2136	7290	6053
2137	9375	6057
2138	9012	6059
2139	8162	6066
2140	7354	6072
2141	9178	6073
2142	7789	6121
2143	8981	6076
2144	7775	6078
2145	5293	6081
2146	3532	6083
2147	8426	6087
2148	5919	6090
2149	9056	6091
2150	9446	6093
2151	6002	6094
2152	8630	6094
2153	9252	6095
2154	9074	6102
2155	3351	6103
2156	9454	6105
2157	8511	6108
2158	7656	6109
2159	7993	6116
2160	9075	6116
2161	9197	6119
2162	8068	6129
2163	8173	6127
2164	8900	6130

REQUESTS = 2500
1	1429	60	61	2	5	1
2	870	43	45	2	2	3
3	2141	29	31	1	3	1
4	263	56	57	2	4	2
5	800	14	15	3	4	3
6	258	35	38	1	4	3
7	263	46	48	2	2	2
8	30	43	44	1	4	2
9	678	29	31	2	5	3
10	1120	26	27	2	2	3
11	1484	53	55	2	2	2
12	1156	27	28	1	3	2
13	940	36	38	1	1	3
14	1986	53	55	1	4	3
15	869	9	12	1	2	2
16	652	53	55	3	5	3
17	1373	63	64	3	3	2
18	1179	8	10	3	2	2
19	1441	52	54	2	5	3
20	111	56	58	1	5	3
21	1025	52	55	1	3	1
22	76	16	18	3	4	2
23	433	53	55	3	2	3
24	949	7	9	3	1	3
25	441	33	36	1	5	2
26	654	53	56	3	4	3
27	850	21	23	2	4	1
28	591	23	25	1	3	2
29	2162	35	37	2	1	3
30	1853	28	29	1	3	2
31	1785	41	42	2	1	1
32	438	21	23	2	1	3
33	199	58	59	2	4	1
34	501	32	33	3	1	3
35	644	32	34	1	5	1
36	653	21	23	3	3	2
37	366	11	12	3	5	1
38	751	56	59	2	4	2
39	974	37	38	1	5	1
40	1844	5	7	3	1	1
41	336	20	21	2	5	1
42	977	51	54	3	1	2
43	1787	21	23	3	1	1
44	416	10	13	1	5	3
45	414	27	28	1	5	3
46	278	44	47	2	4	1
47	2120	45	46	1	3	2
48	1902	20	22	2	2	2
49	1045	14	16	3	4	2
50	1908	53	55	1	5	3
51	1208	3	4	2	5	1
52	797	32	33	3	1	2
53	215	47	50	2	2	3
54	1893	31	33	2	2	3
55	502	58	59	1	1	1
56	53	22	25	2	2	3
57	546	39	41	2	3	1
58	564	23	26	2	2	3
59	2074	25	27	1	3	2
60	1124	41	44	2	3	2
61	1436	24	25	2	2	2
62	1222	47	50	1	3	1
63	1060	14	15	2	3	2
64	2121	39	42	1	1	3
65	1643	48	49	1	5	3
66	1070	12	13	2	4	2
67	406	28	31	2	1	3
68	414	46	48	2	3	1
69	1112	66	67	2	3	2
70	1113	21	23	1	5	2
71	385	24	26	1	5	3
72	444	39	42	3	4	3
73	372	32	34	3	5	1
74	1272	59	62	3	4	3
75	261	5	6	1	5	1
76	1544	14	15	1	1	1
77	1144	54	56	3	2	3
78	502	33	36	1	5	3
79	935	44	45	1	1	2
80	1698	48	51	1	2	2
81	1068	11	14	3	5	1
82	509	42	44	3	4	3
83	1802	27	28	2	2	3
84	277	43	45	2	5	3
85	2153	50	52	2	1	2
86	1288	59	61	2	5	2
87	2138	8	10	1	1	2
88	2058	28	31	2	3	2
89	445	18	21	3	2	3
90	2092	64	65	2	4	1
91	2044	10	11	1	5	1
92	617	52	54	1	2	1
93	1266	29	30	1	4	2
94	1012	24	25	2	2	3
95	1880	8	10	2	1	3
96	1777	45	46	1	1	2
97	1796	61	64	2	1	3
98	1298	28	29	3	1	2
99	317	26	27	1	3	1
100	68	56	57	1	4	3
101	1875	14	17	3	3	2
102	981	56	58	2	5	3
103	884	30	31	3	3	2
104	947	27	29	1	3	1
105	522	22	24	1	3	2
106	1212	43	45	1	4	2
107	108	42	44	1	3	1
108	29	53	54	1	4	3
109	1587	46	47	3	2	1
110	1219	41	42	3	1	1
111	1654	56	58	3	1	1
112	568	43	44	1	1	1
113	530	46	49	2	4	3
114	1984	40	41	2	2	1
115	1478	13	16	2	2	3
116	19	6	9	3	4	3
117	1568	40	42	3	2	3
118	1014	64	65	1	4	2
119	909	15	18	2	3	2
120	1762	11	13	1	2	1
121	751	28	30	2	1	2
122	1163	67	68	2	4	1
123	533	27	28	3	5	1
124	1791	2	4	1	3	1
125	10	34	36	2	3	2
126	1609	61	62	1	4	1
127	762	11	13	2	1	2
128	649	18	21	2	4	2
129	1369	31	32	3	3	2
130	918	11	12	1	2	2
131	1962	23	24	3	1	3
132	777	64	66	3	2	1
133	1253	12	14	1	3	2
134	685	10	13	2	5	1
135	1860	63	64	3	1	3
136	487	25	27	2	2	3
137	1081	46	48	1	5	2
138	1743	9	11	1	1	1
139	1271	15	18	3	5	3
140	1198	42	43	2	2	1
141	1225	38	40	3	4	3
142	1559	9	11	2	4	2
143	1425	13	16	2	4	1
144	252	67	68	1	2	2
145	1024	14	17	3	4	1
146	1990	64	66	1	4	2
147	2099	20	22	1	1	1
148	1041	18	20	3	1	3
149	1217	60	62	3	2	1
150	1531	47	50	2	3	2
151	741	50	53	2	1	1
152	814	55	58	2	2	3
153	1503	40	42	1	4	2
154	105	49	51	3	1	1
155	153	46	49	2	4	2
156	353	5	7	2	3	2
157	1395	14	17	1	3	1
158	851	42	43	3	2	2
159	1044	37	39	1	5	1
160	1475	1	3	1	5	1
161	1166	21	23	3	2	3
162	1712	9	11	3	2	3
163	1550	35	36	2	4	2
164	1300	29	31	2	1	1
165	879	33	35	2	1	2
166	1794	47	49	3	2	2
167	1372	13	14	2	3	1
168	816	29	31	1	3	1
169	838	14	16	1	2	2
170	397	20	21	2	3	1
171	2123	47	48	2	4	1
172	1857	43	44	2	3	1
173	826	46	48	2	3	2
174	1043	1	2	2	3	1
175	177	59	61	3	4	1
176	143	21	23	1	5	3
177	958	32	35	1	2	1
178	1818	21	22	2	5	3
179	776	37	40	3	1	2
180	349	18	21	2	4	1
181	401	38	40	2	1	3
182	910	8	10	2	1	3
183	830	10	11	2	5	3
184	328	62	64	1	5	2
185	770	46	47	1	3	1
186	1940	35	36	3	3	1
187	1143	18	21	1	2	2
188	1476	22	23	1	2	1
189	15	40	41	3	2	2
190	674	54	56	3	3	1
191	1283	5	6	1	2	3
192	665	17	20	1	1	1
193	2129	67	69	1	1	3
194	987	43	45	3	2	1
195	1448	55	58	2	1	1
196	542	42	45	3	5	1
197	107	11	13	3	3	1
198	1041	57	58	3	3	1
199	27	38	41	3	2	2
200	685	12	15	2	1	1
201	517	53	55	3	3	2
202	16	18	21	3	1	2
203	1466	9	10	3	4	3
204	132	11	13	1	1	2
205	1171	43	44	3	5	1
206	1650	43	45	3	3	1
207	607	22	25	3	1	3
208	62	28	31	1	5	2
209	1595	8	9	2	4	3
210	2038	60	62	2	4	3
211	1150	26	28	1	5	3
212	849	34	37	3	1	3
213	798	6	9	3	4	2
214	872	39	40	3	3	2
215	12	62	65	1	2	1
216	994	7	9	2	5	3
217	1363	43	45	1	4	3
218	1473	45	46	1	2	3
219	1145	11	14	1	5	2
220	924	22	25	2	4	3
221	1674	32	35	2	1	1
222	1768	51	52	1	4	3
223	1967	11	12	3	5	3
224	748	23	24	1	2	1
225	1512	28	30	3	4	3
226	1621	46	48	3	4	3
227	2059	59	60	1	5	3
228	1431	31	33	2	2	1
229	1439	20	23	2	3	2
230	507	6	7	1	4	2
231	1351	4	5	1	4	3
232	212	33	35	1	4	3
233	1008	56	58	1	2	1
234	1281	46	48	1	2	1
235	1393	36	39	3	3	2
236	1882	63	65	2	4	3
237	693	31	34	3	5	3
238	1422	57	59	3	3	2
239	960	53	56	1	3	1
240	89	49	52	1	4	2
241	2110	41	42	2	4	3
242	2091	52	55	2	2	1
243	861	61	63	1	2	2
244	1385	61	62	2	3	2
245	1242	24	25	3	2	1
246	686	51	52	1	5	3
247	992	1	3	3	1	1
248	2101	16	18	2	3	1
249	1536	6	8	3	1	2
250	1852	18	19	3	2	3
251	1531	47	49	2	2	3
252	1443	58	59	3	4	2
253	1846	15	18	1	5	2
254	2158	4	6	3	4	1
255	1815	4	5	1	1	3
256	921	35	38	3	4	1
257	2103	12	14	2	3	1
258	858	37	40	3	2	2
259	399	40	43	2	2	2
260	661	38	40	3	5	2
261	1588	20	21	1	1	1
262	2161	33	36	1	2	1
263	166	62	65	2	2	1
264	72	2	3	3	3	2
265	655	19	21	2	5	3
266	387	62	63	3	4	3
267	813	11	12	2	5	3
268	1645	48	50	3	5	1
269	1622	61	63	3	5	3
270	1708	20	21	3	1	3
271	1247	58	61	3	5	2
272	379	27	29	2	4	1
273	1634	11	12	1	3	1
274	447	21	22	1	3	2
275	579	18	21	3	3	2
276	917	24	26	3	3	2
277	1746	57	60	2	1	3
278	531	52	55	2	2	2
279	1254	23	24	3	5	3
280	1408	44	46	2	5	2
281	733	29	31	3	3	1
282	995	4	6	2	5	1
283	1523	44	45	3	5	2
284	396	16	19	3	1	3
285	803	56	59	1	1	2
286	1152	15	18	3	5	3
287	1036	31	34	3	2	1
288	1935	29	32	2	1	3
289	1293	33	34	2	2	2
290	1486	49	50	1	4	3
291	303	34	36	3	4	2
292	342	14	15	1	3	1
293	2152	24	25	3	3	1
294	234	57	58	3	5	3
295	1346	54	56	3	1	1
296	1911	13	14	3	2	3
297	1722	9	12	1	1	3
298	1961	47	48	2	5	3
299	365	31	32	1	2	3
300	133	8	11	2	3	2
301	1134	65	67	3	3	2
302	463	53	56	3	5	1
303	1241	20	23	3	1	3
304	312	58	61	2	1	3
305	1680	48	49	2	2	1
306	1789	23	25	3	3	1
307	951	6	7	1	2	2
308	417	22	25	1	4	3
309	807	37	39	3	2	3
310	225	18	21	2	5	3
311	296	10	13	2	3	1
312	1696	18	21	3	2	1
313	66	29	32	1	1	3
314	1695	23	25	2	5	1
315	446	43	46	3	2	3
316	929	53	56	2	2	2
317	2040	30	32	1	2	3
318	1260	25	26	3	3	1
319	1277	31	34	1	5	2
320	142	5	6	1	5	2
321	22	64	65	1	5	2
322	1843	17	18	2	1	3
323	543	32	34	2	2	1
324	2102	26	29	3	4	3
325	1754	59	62	2	1	1
326	1312	34	35	3	5	3
327	331	14	17	1	3	1
328	746	39	41	1	1	1
329	339	18	20	3	2	2
330	110	64	65	2	3	2
331	2011	30	32	3	1	2
332	1648	35	37	1	2	1
333	2054	14	16	1	4	2
334	2113	28	30	2	4	1
335	1442	20	22	2	4	2
336	122	33	35	1	3	1
337	45	26	29	2	4	1
338	103	22	24	2	2	2
339	1529	54	55	2	2	2
340	1812	2	3	3	4	1
341	1817	39	40	3	5	2
342	707	38	40	1	1	3
343	2048	49	51	3	4	1
344	2128	12	13	1	1	1
345	1810	52	55	3	5	3
346	452	49	50	1	1	1
347	309	28	30	1	2	1
348	1167	54	56	3	4	3
349	63	24	25	3	3	2
350	51	65	68	2	1	2
351	451	49	50	1	3	1
352	1775	55	57	2	4	1
353	627	30	32	2	3	1
354	956	20	22	3	2	3
355	359	33	35	2	1	1
356	1013	27	28	3	1	1
357	367	12	15	3	1	2
358	214	13	16	2	1	3
359	1059	24	25	3	5	3
360	781	63	66	2	2	3
361	241	33	35	2	5	3
362	2089	11	12	1	2	1
363	183	41	44	1	4	3
364	1701	46	49	2	3	2
365	151	19	22	3	4	1
366	1754	26	29	3	5	3
367	829	4	6	1	1	3
368	1887	30	32	3	3	1
369	977	19	21	2	2	1
370	697	8	10	3	3	1
371	1019	51	53	3	4	2
372	1616	58	59	1	2	1
373	2029	24	27	3	4	2
374	802	47	50	1	5	3
375	2136	36	39	3	2	2
376	538	2	3	1	2	1
377	1639	51	54	3	4	3
378	979	26	29	2	4	3
379	858	54	55	2	3	2
380	8	34	36	3	2	2
381	1521	66	68	2	5	1
382	2144	52	55	1	4	2
383	1656	58	60	1	4	3
384	1308	27	28	2	1	1
385	449	42	45	3	2	2
386	1404	49	51	1	1	1
387	963	45	47	2	5	2
388	141	27	30	2	5	1
389	412	23	24	2	5	3
390	1603	48	49	2	3	1
391	1233	2	5	3	5	1
392	826	11	14	1	3	1
393	786	24	26	2	2	3
394	1672	62	65	3	4	1
395	604	46	47	2	3	2
396	1736	36	39	1	5	2
397	1807	28	31	3	3	1
398	1514	45	47	1	5	3
399	906	42	44	3	4	3
400	1344	1	2	3	4	2
401	1042	51	53	3	2	2
402	1976	1	2	2	2	1
403	1397	2	4	1	3	1
404	1334	38	41	2	1	1
405	1499	19	22	3	4	3
406	1318	3	6	3	5	1
407	1128	37	38	1	2	1
408	695	45	46	1	3	2
409	2008	20	23	2	5	2
410	791	24	26	2	3	2
411	1572	39	41	3	5	1
412	613	7	8	1	1	1
413	352	1	2	2	5	2
414	218	20	22	3	1	1
415	1440	60	63	3	1	3
416	1360	52	53	3	1	2
417	1877	49	51	1	1	3
418	90	44	46	1	4	1
419	831	2	3	1	3	1
420	2001	26	29	1	3	1
421	1297	25	27	2	3	2
422	267	23	26	2	5	1
423	1892	29	31	1	3	1
424	797	50	52	1	4	2
425	1073	65	67	2	3	1
426	1348	56	59	2	5	2
427	1413	61	63	1	4	2
428	718	53	55	2	2	2
429	1864	48	51	3	4	1
430	1418	23	26	1	1	2
431	1125	46	48	3	2	3
432	764	43	46	1	5	2
433	2004	17	20	3	3	2
434	355	23	24	3	3	2
435	761	59	62	2	3	1
436	1234	7	8	3	2	2
437	1953	34	35	3	5	3
438	1047	45	46	3	4	2
439	1591	18	20	1	4	2
440	1635	2	4	1	1	2
441	523	52	54	3	4	2
442	862	45	48	1	1	2
443	49	59	60	2	2	2
444	1846	36	38	1	3	2
445	367	7	9	1	3	1
446	578	45	48	1	5	3
447	558	22	24	1	1	2
448	1131	21	24	2	5	1
449	483	55	58	2	4	2
450	1032	18	20	3	2	2
451	1310	53	56	1	1	2
452	1684	2	4	3	2	1
453	292	64	67	2	2	1
454	1317	26	29	2	2	1
455	84	65	67	2	1	3
456	621	57	59	1	1	2
457	889	10	12	1	4	2
458	2010	54	56	2	2	1
459	926	43	46	2	4	1
460	237	24	27	3	5	2
461	821	33	36	1	3	1
462	478	43	46	1	2	2
463	1912	25	28	3	4	1
464	823	48	50	1	5	1
465	889	17	20	1	5	3
466	672	30	31	2	4	1
467	1276	53	56	2	4	2
468	1106	65	66	3	3	1
469	1790	62	65	1	2	1
470	722	27	28	2	1	2
471	1970	47	48	2	5	2
472	2011	21	23	3	2	3
473	1992	52	53	2	2	3
474	1099	25	26	2	3	1
475	1162	33	34	3	1	3
476	811	46	48	3	1	1
477	1660	14	16	1	5	1
478	622	56	57	2	3	1
479	948	26	28	2	5	1
480	2146	39	42	1	4	2
481	104	31	34	3	1	1
482	1759	15	18	2	5	1
483	1752	27	30	1	3	1
484	525	39	40	3	4	3
485	459	22	24	2	3	2
486	1381	34	36	1	4	1
487	565	48	49	3	5	3
488	539	46	48	2	3	2
489	1918	22	24	2	1	3
490	2150	30	33	1	5	2
491	12	44	47	3	3	2
492	98	51	52	1	1	2
493	1854	56	59	1	2	2
494	1866	64	67	3	5	2
495	2027	30	31	3	4	2
496	1659	51	54	3	2	1
497	2064	52	53	2	4	3
498	554	36	39	3	4	2
499	1087	40	41	2	4	1
500	2028	61	63	3	1	1
501	279	1	2	2	5	3
502	749	58	59	2	5	2
503	815	28	30	2	3	2
504	1295	52	53	3	2	2
505	844	46	48	3	5	3
506	651	56	57	1	1	1
507	1555	26	29	3	3	1
508	876	26	27	3	5	3
509	1492	9	12	2	2	2
510	2145	63	66	3	4	1
511	1314	65	67	3	5	2
512	2149	61	62	1	2	2
513	1330	12	14	3	1	1
514	2002	59	62	2	4	3
515	1993	17	18	1	5	1
516	1548	31	33	2	3	1
517	1398	4	7	2	3	2
518	847	22	24	1	1	1
519	2018	33	36	2	1	2
520	539	2	3	3	4	3
521	834	65	67	1	5	3
522	402	67	69	1	3	2
523	427	31	33	1	3	1
524	2158	35	38	3	5	1
525	257	16	17	2	3	2
526	1920	52	53	3	1	3
527	200	48	49	3	4	2
528	1505	6	9	3	3	1
529	986	14	17	2	2	1
530	1214	23	24	2	4	2
531	1474	33	36	1	4	2
532	1827	13	16	3	3	2
533	356	53	56	1	1	1
534	882	11	14	1	5	1
535	1361	18	19	2	3	1
536	1126	28	30	3	5	1
537	664	39	40	3	3	1
538	1560	42	44	3	5	1
539	933	18	20	2	5	3
540	594	16	18	1	3	2
541	40	22	24	1	3	1
542	1565	10	12	2	5	1
543	681	30	33	3	5	1
544	1816	56	58	1	2	3
545	1676	17	20	2	1	2
546	931	50	51	1	5	2
547	1088	32	34	2	3	1
548	1540	65	66	2	5	1
549	2046	35	37	3	4	3
550	1452	21	23	1	2	2
551	692	45	48	2	5	1
552	187	1	4	3	5	1
553	2063	37	40	1	1	1
554	914	55	58	2	4	3
555	1138	32	33	2	1	2
556	1368	36	39	2	2	2
557	93	1	2	3	3	1
558	1703	61	64	1	4	2
559	2060	15	17	2	5	1
560	1657	56	58	1	1	3
561	582	53	54	3	3	2
562	169	40	42	1	5	3
563	2156	28	29	3	5	3
564	1459	20	21	2	1	3
565	1592	33	34	3	5	2
566	1626	37	40	1	5	1
567	1582	44	45	3	2	2
568	2039	32	34	2	4	1
569	129	31	34	3	5	1
570	1841	56	57	3	4	3
571	2087	6	7	3	2	1
572	626	47	49	3	5	1
573	732	5	8	2	2	3
574	2053	22	24	1	5	3
575	1064	50	53	3	3	1
576	1823	27	30	2	3	2
577	326	28	30	3	5	1
578	264	2	5	2	2	2
579	2021	15	18	3	5	2
580	847	40	43	2	1	2
581	552	57	58	2	4	1
582	117	15	18	1	5	2
583	841	62	63	3	4	1
584	527	57	58	2	3	2
585	443	26	27	3	3	2
586	144	22	25	1	3	1
587	1239	46	49	2	4	1
588	1051	35	37	2	3	1
589	1869	23	26	2	5	2
590	1562	4	5	1	4	3
591	900	36	39	3	4	2
592	1627	62	64	3	1	3
593	2036	54	57	1	1	1
594	82	30	32	2	1	2
595	1649	47	48	3	1	2
596	1683	28	31	3	5	2
597	464	21	22	1	2	2
598	1697	39	40	1	4	3
599	976	46	49	3	3	2
600	544	3	5	3	5	3
601	1894	33	35	1	3	1
602	1930	7	8	1	5	3
603	54	17	19	3	5	2
604	87	18	19	1	4	3
605	1267	42	45	3	5	1
606	863	25	27	3	5	2
607	392	16	17	1	4	3
608	1996	26	28	1	1	1
609	1632	63	66	2	3	2
610	605	53	54	3	3	1
611	1834	31	34	1	2	1
612	2094	58	59	2	4	1
613	1424	19	22	3	1	2
614	26	50	51	3	3	1
615	1737	16	19	2	1	3
616	403	5	7	1	5	2
617	691	34	37	3	4	2
618	1418	15	18	1	4	3
619	126	22	23	1	3	1
620	877	41	43	3	2	2
621	124	49	50	3	5	2
622	886	47	48	3	1	2
623	2082	57	58	1	3	2
624	2015	53	55	1	2	1
625	167	49	51	3	5	1
626	273	57	58	1	1	3
627	126	1	4	3	3	1
628	1030	38	39	3	5	1
629	1310	9	10	2	4	3
630	211	14	17	2	4	3
631	146	36	38	2	3	1
632	2163	59	60	1	1	1
633	1537	54	57	3	1	1
634	934	53	54	3	1	3
635	113	8	11	3	2	2
636	404	1	2	1	3	1
637	421	38	40	2	1	3
638	839	9	12	3	4	3
639	1211	23	26	2	3	1
640	1392	53	55	1	3	1
641	952	41	44	3	2	1
642	583	60	62	2	2	3
643	440	25	28	3	3	2
644	1261	42	43	3	3	2
645	1194	64	67	3	1	1
646	439	39	41	2	4	3
647	875	54	57	1	3	2
648	1485	37	40	2	3	2
649	1798	7	10	2	1	2
650	473	48	51	3	1	2
651	1200	46	49	2	2	1
652	1415	5	7	3	2	2
653	1900	60	63	3	1	3
654	634	48	49	3	4	1
655	804	32	35	3	3	2
656	372	60	62	2	4	1
657	505	14	15	1	3	1
658	771	61	62	3	1	2
659	207	44	46	3	3	2
660	436	20	22	2	3	2
661	138	38	40	3	2	1
662	1263	29	32	1	1	2
663	537	38	40	1	2	2
664	289	66	69	1	1	3
665	2150	40	43	2	4	2
666	1338	24	26	1	5	3
667	1204	7	9	1	1	1
668	189	16	19	1	1	1
669	978	53	54	3	3	2
670	1462	3	4	3	3	2
671	43	22	25	2	1	2
672	1858	17	20	1	2	2
673	300	43	44	1	3	2
674	227	2	4	1	5	1
675	125	27	28	1	2	2
676	181	7	10	1	5	1
677	1305	36	38	3	2	3
678	1504	42	43	1	2	2
679	1340	61	64	3	3	1
680	1322	61	62	1	4	2
681	243	56	58	2	3	1
682	1492	19	20	3	5	1
683	930	35	38	3	2	3
684	231	16	19	3	5	3
685	760	49	51	3	1	1
686	1034	48	50	2	4	1
687	1828	10	12	3	1	3
688	61	25	26	3	4	2
689	638	37	40	1	3	2
690	1711	42	43	3	3	2
691	137	32	33	1	4	2
692	1465	29	30	1	5	1
693	1835	48	50	1	2	3
694	1275	15	17	3	3	2
695	390	66	68	2	3	2
696	1886	49	50	2	3	1
697	2108	50	53	1	3	1
698	2083	3	5	2	5	1
699	2114	52	55	1	4	3
700	336	65	67	2	5	1
701	710	64	65	2	3	2
702	923	59	60	2	1	3
703	1264	39	40	2	4	1
704	6	14	16	2	5	3
705	91	41	43	3	1	3
706	927	31	32	1	4	3
707	11	14	16	1	5	1
708	1464	15	16	3	1	3
709	2079	3	4	2	1	3
710	1793	44	46	3	2	1
711	1535	15	17	3	5	1
712	156	35	37	1	4	3
713	1002	26	29	3	3	2
714	779	62	64	2	4	3
715	1968	65	67	3	3	2
716	904	56	58	1	3	1
717	1831	34	37	2	4	2
718	152	48	51	1	3	2
719	1644	28	30	3	5	1
720	944	24	25	3	5	3
721	529	67	69	1	2	1
722	2025	36	38	1	4	1
723	351	65	66	3	4	2
724	168	23	25	3	1	2
725	428	52	54	1	5	3
726	936	60	63	3	5	2
727	1925	32	35	2	3	1
728	1516	44	47	3	4	2
729	80	64	67	2	4	3
730	1566	1	2	2	4	1
731	38	28	29	1	3	1
732	1991	41	43	1	5	3
733	1053	17	19	3	2	1
734	499	20	22	1	1	1
735	1388	8	9	2	3	2
736	1472	54	56	2	2	3
737	368	67	68	1	2	2
738	2070	58	59	3	5	2
739	492	47	49	3	1	1
740	471	63	65	2	2	3
741	518	66	68	2	2	3
742	883	5	7	2	1	2
743	943	52	54	1	5	3
744	301	3	4	3	1	3
745	1326	5	6	1	5	1
746	1457	26	28	3	3	2
747	540	48	49	3	5	2
748	1777	61	63	1	2	1
749	1133	37	39	2	5	2
750	871	27	28	1	1	3
751	1218	29	30	3	2	1
752	616	63	66	3	2	1
753	1855	14	17	3	1	1
754	449	35	38	1	4	2
755	1331	37	39	3	1	1
756	1710	11	12	2	4	3
757	1958	45	47	2	5	2
758	1665	23	24	2	2	1
759	689	3	4	2	2	2
760	1915	42	44	1	5	3
761	244	40	43	1	5	1
762	1286	3	6	2	2	2
763	254	47	50	3	5	2
764	1889	27	28	2	1	2
765	920	26	28	1	4	1
766	298	44	46	1	3	2
767	945	65	67	1	1	1
768	1776	47	50	2	3	2
769	2016	50	51	3	2	3
770	447	11	14	2	5	2
771	624	42	44	1	1	2
772	660	40	41	1	5	3
773	396	12	14	2	5	1
774	1282	7	8	2	3	1
775	1289	11	13	3	2	2
776	1352	14	15	3	5	3
777	1376	41	44	3	3	2
778	1500	22	23	2	1	2
779	2081	51	54	3	2	3
780	1187	52	54	3	2	3
781	466	5	7	1	4	1
782	178	63	64	3	4	2
783	7	27	28	3	3	2
784	792	45	47	1	2	2
785	424	35	37	2	5	3
786	1534	65	66	1	2	2
787	1409	39	40	3	2	2
788	1471	55	57	3	3	1
789	1232	16	19	1	2	1
790	662	55	56	1	1	1
791	1798	53	55	2	5	2
792	1085	31	34	2	4	2
793	1336	1	2	3	4	3
794	1508	45	48	1	3	1
795	2012	51	52	1	5	1
796	2071	37	40	3	4	3
797	1206	51	53	1	1	2
798	1443	3	4	1	1	3
799	1401	5	8	3	1	2
800	570	42	43	1	4	3
801	1928	30	32	2	4	2
802	1237	7	8	3	2	3
803	1983	59	62	1	3	1
804	1730	61	63	2	2	3
805	1019	64	66	2	1	1
806	358	60	62	2	2	2
807	723	17	20	3	4	1
808	971	60	61	2	2	1
809	1344	11	12	3	1	3
810	121	45	47	2	5	3
811	1315	42	43	1	2	3
812	135	52	53	1	4	2
813	1489	36	37	2	1	1
814	1412	11	14	1	5	2
815	186	43	46	1	3	1
816	1277	31	32	3	1	1
817	1598	20	23	3	1	1
818	878	22	25	3	5	1
819	1686	45	46	3	4	2
820	274	59	62	2	1	2
821	1756	16	18	3	2	2
822	1252	62	64	1	5	3
823	1885	27	29	3	1	1
824	1668	43	45	3	2	1
825	2120	3	4	1	5	3
826	1274	51	53	1	3	2
827	2095	59	61	2	2	2
828	1357	25	27	3	2	3
829	319	62	63	1	5	3
830	1916	65	66	2	3	1
831	1910	61	64	2	3	2
832	1686	62	63	3	1	1
833	892	9	10	3	1	3
834	161	30	32	1	2	2
835	193	45	47	2	5	2
836	1933	54	55	1	5	3
837	1689	3	5	1	4	1
838	708	60	63	1	2	3
839	2088	50	52	1	4	1
840	1430	19	20	2	4	3
841	1332	56	59	2	4	3
842	1861	56	58	2	2	3
843	128	62	65	2	4	3
844	1390	37	38	3	2	3
845	1495	46	47	2	4	2
846	1006	11	14	3	2	3
847	740	60	62	3	1	3
848	915	18	21	1	3	1
849	314	6	7	3	1	1
850	957	51	53	3	1	2
851	1114	9	10	3	4	3
852	859	49	51	1	4	1
853	1803	10	13	2	4	2
854	55	55	57	3	3	2
855	769	51	54	3	1	2
856	467	5	6	2	3	2
857	675	14	17	1	2	1
858	174	60	63	1	2	3
859	1076	47	49	2	4	1
860	1262	5	6	3	3	2
861	1168	22	25	3	4	1
862	1231	14	16	3	1	2
863	2053	45	47	3	2	1
864	1033	47	48	1	5	3
865	832	8	11	2	1	3
866	393	6	8	3	4	3
867	894	39	40	1	2	1
868	1932	65	68	2	5	2
869	578	59	62	3	4	1
870	1210	46	48	3	1	3
871	989	8	9	3	3	2
872	1374	29	32	1	5	3
873	983	32	34	1	2	2
874	329	36	38	2	1	2
875	683	37	38	1	5	2
876	1527	60	63	2	2	1
877	405	27	30	3	1	3
878	677	57	60	3	1	3
879	775	53	56	1	4	3
880	1590	58	59	2	1	3
881	1035	15	17	3	5	2
882	2022	41	44	2	4	3
883	468	61	62	3	1	1
884	238	24	26	3	4	1
885	323	10	13	2	1	3
886	783	21	24	1	4	1
887	898	44	46	2	2	1
888	1941	56	57	1	4	1
889	1059	61	62	2	5	2
890	574	28	29	3	4	3
891	1400	59	60	1	5	2
892	2058	33	36	3	2	1
893	1278	20	23	1	4	3
894	1830	21	22	3	1	2
895	912	5	7	3	2	3
896	339	10	11	3	4	2
897	470	4	7	1	3	2
898	799	24	26	2	3	2
899	2051	23	26	2	3	1
900	2093	2	4	3	4	2
901	1079	61	63	2	2	3
902	1205	42	43	1	5	1
903	1877	26	27	3	3	2
904	411	25	26	1	5	1
905	130	31	32	2	3	1
906	916	53	55	2	1	2
907	13	67	68	2	4	3
908	131	46	48	3	3	1
909	1259	26	28	1	1	1
910	490	57	58	1	2	1
911	1876	30	33	2	2	3
912	743	64	65	2	2	1
913	310	18	20	2	4	3
914	690	58	61	1	5	3
915	1496	24	25	3	5	1
916	2009	38	39	2	5	1
917	255	48	51	1	1	3
918	1920	4	6	2	2	2
919	1838	18	19	2	2	3
920	407	45	46	1	2	2
921	1248	12	13	1	3	1
922	1589	46	48	2	4	3
923	1826	49	50	2	2	2
924	270	58	60	2	1	1
925	873	45	47	1	1	1
926	429	18	20	3	4	2
927	757	11	14	3	1	3
928	1333	17	19	1	1	1
929	1985	55	57	2	1	1
930	528	37	38	3	5	3
931	874	64	65	3	4	2
932	1473	32	35	3	4	2
933	486	23	25	2	3	2
934	2100	29	30	1	5	3
935	511	45	47	2	4	1
936	1974	60	61	1	1	1
937	1490	1	4	1	5	2
938	532	9	10	3	3	1
939	938	10	11	1	5	3
940	217	28	31	1	2	2
941	1938	23	26	2	2	2
942	1391	17	19	2	5	3
943	1039	10	11	3	4	2
944	1914	61	62	2	1	2
945	445	60	63	2	4	1
946	1641	39	40	3	2	2
947	1663	36	37	3	2	1
948	286	65	67	1	5	2
949	1031	18	21	2	3	2
950	852	43	44	3	5	2
951	1989	32	33	1	1	2
952	707	3	5	3	3	2
953	1339	48	50	1	5	1
954	150	52	53	3	5	3
955	340	28	31	1	3	1
956	485	49	52	2	5	3
957	547	39	40	1	5	2
958	1161	28	29	2	2	3
959	1747	55	57	2	5	2
960	453	31	33	2	2	2
961	1176	17	18	3	4	3
962	2117	9	10	1	5	2
963	1619	28	31	1	4	3
964	388	18	19	3	5	1
965	1177	4	7	1	1	3
966	1551	2	5	2	2	2
967	1754	25	28	3	1	3
968	545	8	9	2	3	2
969	563	48	50	2	3	1
970	1942	8	11	3	3	1
971	737	53	56	1	2	1
972	2000	19	20	1	3	1
973	534	50	53	1	2	2
974	1847	6	8	1	5	1
975	1515	29	30	2	2	1
976	383	12	15	2	2	3
977	932	52	55	2	1	1
978	1362	17	20	1	5	2
979	1108	62	65	3	2	3
980	1132	10	12	2	1	2
981	1104	48	49	1	3	2
982	1354	56	58	3	3	2
983	1678	13	15	1	4	3
984	1706	49	50	3	3	2
985	1936	16	19	1	5	2
986	679	43	45	3	4	2
987	115	1	4	2	2	3
988	587	55	56	1	5	3
989	1236	64	65	1	5	3
990	1115	53	55	2	1	2
991	1433	48	51	2	1	3
992	1876	58	60	1	3	2
993	1947	64	66	3	4	3
994	923	66	67	1	5	3
995	426	42	44	3	4	1
996	79	55	57	2	2	2
997	955	46	49	1	5	1
998	171	48	50	1	5	2
999	1667	40	42	2	5	3
1000	248	1	3	3	2	2
1001	1463	64	66	3	5	2
1002	1631	5	8	3	3	1
1003	294	63	65	2	1	2
1004	1763	46	47	1	2	2
1005	398	16	18	3	3	1
1006	1246	36	37	1	3	2
1007	646	63	64	3	2	2
1008	1679	19	22	1	3	1
1009	265	17	20	2	1	2
1010	420	31	34	2	3	1
1011	1374	49	52	2	3	2
1012	1758	12	15	1	4	1
1013	119	56	58	2	1	3
1014	837	42	44	2	4	2
1015	222	35	38	3	3	2
1016	666	39	42	3	5	2
1017	578	10	11	3	5	3
1018	148	40	43	2	3	2
1019	2134	66	67	1	5	3
1020	1526	37	40	1	4	1
1021	920	37	38	2	2	1
1022	943	65	66	1	2	2
1023	1642	35	38	3	1	3
1024	669	53	55	3	3	2
1025	65	48	49	1	2	2
1026	1038	20	23	2	4	1
1027	1245	21	24	3	1	1
1028	1825	9	11	1	5	2
1029	1010	62	63	3	5	2
1030	1801	16	18	2	1	1
1031	1786	35	37	1	2	1
1032	280	35	38	3	4	3
1033	1160	49	52	3	2	3
1034	2068	65	66	2	1	3
1035	1169	50	52	1	1	2
1036	120	59	62	2	1	2
1037	1294	62	63	3	3	2
1038	1614	58	61	2	3	1
1039	1421	42	45	1	5	2
1040	284	54	55	3	5	2
1041	1909	10	11	3	1	3
1042	2023	10	13	1	5	3
1043	1946	16	19	2	3	1
1044	753	34	36	3	2	3
1045	1543	63	64	1	1	2
1046	369	22	23	1	5	2
1047	747	54	55	3	5	2
1048	822	42	45	3	3	1
1049	784	64	67	1	4	3
1050	94	64	66	2	3	1
1051	728	3	5	1	3	1
1052	1975	43	44	1	1	2
1053	966	23	25	2	3	2
1054	855	46	47	1	2	2
1055	1833	33	34	3	3	1
1056	754	26	27	2	1	1
1057	2005	66	68	2	5	2
1058	391	55	58	1	2	2
1059	474	42	44	1	4	2
1060	1075	1	4	3	2	2
1061	1303	26	29	2	5	1
1062	2087	9	10	1	1	1
1063	2035	37	39	1	5	2
1064	500	26	29	1	1	2
1065	1213	1	3	1	4	1
1066	785	33	34	1	4	3
1067	1046	10	12	2	1	1
1068	2135	46	49	2	4	1
1069	2023	40	42	3	4	1
1070	221	44	46	1	3	1
1071	219	55	58	1	2	1
1072	362	5	8	3	2	2
1073	1081	48	49	2	3	1
1074	647	54	57	3	4	2
1075	264	10	12	2	5	3
1076	1259	31	34	1	1	2
1077	1096	62	63	1	1	3
1078	1980	17	19	3	2	3
1079	755	48	51	1	4	2
1080	462	48	51	3	2	3
1081	302	13	16	3	4	2
1082	1508	34	35	2	5	2
1083	736	59	61	3	2	3
1084	516	45	46	1	3	2
1085	966	3	5	2	4	3
1086	1688	26	29	3	5	3
1087	717	26	29	3	4	1
1088	1904	39	41	3	1	1
1089	1957	31	33	2	3	2
1090	2052	32	35	1	1	1
1091	484	24	26	3	1	3
1092	1599	55	58	2	2	1
1093	1341	56	57	1	5	1
1094	1788	32	35	2	5	2
1095	1779	19	22	1	4	1
1096	1402	44	47	2	1	3
1097	993	18	20	3	5	3
1098	1233	26	28	3	5	3
1099	1243	10	12	3	2	3
1100	1951	54	55	3	5	3
1101	885	2	5	1	1	2
1102	1901	56	57	3	2	3
1103	1944	63	65	2	5	1
1104	1480	35	37	3	1	1
1105	1074	9	11	3	1	2
1106	239	11	12	3	4	3
1107	1080	64	67	3	5	1
1108	1481	39	41	2	1	3
1109	136	7	10	3	5	1
1110	642	47	50	3	3	2
1111	1966	52	55	1	5	1
1112	1136	18	21	3	4	2
1113	1027	58	61	1	1	1
1114	1578	4	7	2	4	3
1115	1449	22	24	1	2	2
1116	519	5	7	2	2	2
1117	235	37	40	3	5	2
1118	325	20	22	3	5	1
1119	195	19	20	2	5	1
1120	295	40	41	3	4	1
1121	179	22	25	1	5	1
1122	1375	6	9	2	3	2
1123	1575	17	18	2	3	2
1124	633	57	58	1	2	1
1125	1405	3	6	1	5	2
1126	711	64	65	1	1	3
1127	588	50	52	2	5	3
1128	1832	3	6	2	5	3
1129	1153	10	13	1	1	1
1130	1341	61	63	2	5	2
1131	888	33	35	1	3	1
1132	1002	8	9	2	2	1
1133	727	43	44	2	5	1
1134	1532	32	34	2	3	2
1135	201	51	54	2	2	3
1136	1797	60	62	1	2	3
1137	1586	23	25	3	4	2
1138	1804	22	24	2	1	2
1139	334	35	38	1	2	1
1140	730	10	12	1	1	3
1141	1433	18	20	2	1	2
1142	271	35	38	3	2	1
1143	492	59	61	3	5	1
1144	1963	23	26	1	4	1
1145	2054	65	67	3	4	2
1146	188	37	40	1	2	1
1147	726	65	67	3	3	2
1148	350	25	26	1	4	2
1149	287	3	6	2	4	1
1150	1673	3	6	2	5	2
1151	1420	32	35	2	3	2
1152	1385	34	37	1	3	1
1153	1530	4	6	3	3	2
1154	99	7	8	3	5	1
1155	512	62	63	3	2	1
1156	1895	63	64	2	5	2
1157	996	17	18	1	4	1
1158	341	11	12	2	4	3
1159	460	17	18	2	3	2
1160	573	9	12	3	3	1
1161	180	44	45	1	1	3
1162	1811	3	5	2	4	2
1163	2027	49	51	3	2	2
1164	1140	52	55	2	3	1
1165	1086	19	21	1	3	1
1166	887	47	50	2	1	2
1167	2014	7	9	2	3	2
1168	1728	58	61	3	4	3
1169	1596	65	66	1	1	2
1170	596	38	40	3	1	3
1171	1872	66	68	1	2	1
1172	410	37	38	1	4	2
1173	2053	23	26	1	2	1
1174	101	39	41	1	3	1
1175	1477	3	5	2	1	3
1176	1690	15	16	3	3	2
1177	363	66	69	1	3	1
1178	246	58	59	2	3	2
1179	908	8	10	3	1	2
1180	2001	17	19	3	3	1
1181	1434	10	12	1	1	2
1182	694	11	14	3	2	2
1183	759	17	19	1	4	2
1184	1874	55	56	2	1	3
1185	577	3	5	2	1	1
1186	880	64	66	2	2	3
1187	2097	46	48	2	1	1
1188	1669	67	69	1	4	3
1189	467	49	51	3	3	2
1190	1068	3	4	2	5	1
1191	1573	39	40	2	3	1
1192	1055	1	4	3	5	3
1193	2098	32	35	3	1	3
1194	224	17	18	3	5	1
1195	644	30	33	1	3	1
1196	994	52	53	1	5	3
1197	1247	47	50	3	4	1
1198	139	16	18	3	2	1
1199	2155	15	18	1	5	2
1200	886	59	61	1	5	3
1201	1356	60	63	3	2	2
1202	1366	33	35	3	2	3
1203	1710	9	11	1	2	3
1204	1725	40	41	2	4	3
1205	1685	60	63	2	2	2
1206	1606	56	57	2	2	2
1207	1323	8	10	1	4	1
1208	1800	58	61	3	1	2
1209	1585	9	11	2	2	2
1210	1244	30	33	3	4	1
1211	102	3	6	2	3	2
1212	434	20	23	1	3	2
1213	494	26	28	2	5	2
1214	250	45	46	2	4	2
1215	1428	19	22	2	3	2
1216	1587	65	66	1	2	2
1217	556	36	38	3	5	3
1218	1584	25	27	2	5	1
1219	1337	53	55	1	4	1
1220	1841	53	55	2	1	3
1221	208	57	58	3	2	1
1222	997	48	49	3	2	3
1223	1460	9	11	2	5	3
1224	81	19	22	3	1	2
1225	1576	53	55	1	5	1
1226	149	63	66	2	2	1
1227	197	58	61	2	4	2
1228	658	39	40	3	5	3
1229	648	31	34	3	4	2
1230	1202	28	29	1	5	2
1231	378	37	39	1	2	2
1232	1771	25	27	1	1	1
1233	2116	41	43	1	2	3
1234	780	22	24	3	2	1
1235	343	37	38	3	2	2
1236	1640	40	41	2	5	3
1237	2049	43	46	3	1	1
1238	951	53	55	3	1	1
1239	1501	42	44	3	1	2
1240	165	28	31	1	4	3
1241	1749	68	69	1	3	2
1242	489	58	61	3	1	1
1243	988	26	27	1	2	1
1244	1593	5	6	2	4	1
1245	1270	67	69	1	5	3
1246	417	10	13	3	3	2
1247	2124	7	10	3	5	1
1248	2138	19	21	2	4	2
1249	619	34	35	2	2	1
1250	1001	39	42	1	4	2
1251	1005	52	53	1	1	2
1252	890	37	38	1	5	2
1253	1552	13	15	1	1	2
1254	35	36	38	2	5	3
1255	1978	61	64	3	5	3
1256	499	47	50	2	3	1
1257	1396	12	14	1	2	1
1258	589	20	21	3	4	2
1259	1309	56	58	1	2	1
1260	1403	45	48	1	4	2
1261	941	47	49	1	3	2
1262	2111	50	53	3	1	1
1263	374	61	62	2	5	3
1264	630	12	15	3	5	2
1265	1702	46	48	2	3	1
1266	671	28	31	2	1	3
1267	50	16	18	1	2	2
1268	1427	17	18	1	1	1
1269	1302	31	32	1	4	1
1270	1704	16	17	3	1	1
1271	1383	34	37	1	2	1
1272	1840	47	50	2	1	3
1273	1724	12	13	2	4	3
1274	1971	54	55	1	5	2
1275	307	25	28	1	4	3
1276	47	27	29	1	3	1
1277	369	12	13	1	5	1
1278	712	59	61	2	1	1
1279	118	65	66	2	4	2
1280	1558	20	22	2	4	3
1281	1071	53	55	2	1	3
1282	1267	50	51	1	3	1
1283	704	33	35	1	5	3
1284	919	15	17	1	4	1
1285	1082	34	35	1	1	3
1286	1423	29	30	1	4	2
1287	2031	42	44	1	3	2
1288	2107	67	68	2	1	1
1289	1182	65	66	3	3	1
1290	173	17	20	1	4	3
1291	1806	45	46	3	1	3
1292	2105	2	3	1	3	1
1293	1255	9	11	3	5	3
1294	2013	21	22	2	2	3
1295	1219	50	52	3	5	1
1296	709	10	13	1	4	2
1297	1678	19	22	2	5	3
1298	1077	65	66	1	5	2
1299	1777	19	22	1	1	2
1300	1597	5	6	1	5	3
1301	687	62	65	2	2	3
1302	721	4	7	1	3	1
1303	881	58	59	1	4	3
1304	2159	54	57	2	5	3
1305	1694	28	29	3	4	1
1306	1903	5	7	3	3	2
1307	580	21	24	2	4	2
1308	394	14	16	2	1	1
1309	1229	29	32	1	1	1
1310	1067	41	44	2	2	2
1311	649	27	29	1	5	1
1312	1907	46	49	3	1	3
1313	1349	6	7	2	3	2
1314	990	17	19	3	5	1
1315	504	27	29	3	5	1
1316	1618	38	41	2	4	2
1317	1792	39	42	3	2	1
1318	2033	61	64	1	5	2
1319	899	45	48	1	1	1
1320	712	34	36	1	4	2
1321	1896	24	27	2	2	1
1322	186	57	58	2	4	3
1323	2026	33	36	1	2	2
1324	1849	54	56	3	1	3
1325	998	62	64	3	4	2
1326	2104	63	64	2	2	3
1327	787	63	64	3	1	2
1328	1335	65	67	2	3	1
1329	584	39	41	2	2	3
1330	1951	24	27	1	5	1
1331	763	62	65	1	4	2
1332	1221	17	19	1	2	3
1333	2106	8	11	3	2	1
1334	645	33	36	3	4	3
1335	2035	48	49	1	5	2
1336	1761	1	3	3	5	1
1337	561	11	13	3	5	1
1338	1069	47	48	3	4	2
1339	2084	21	24	3	1	2
1340	33	49	52	2	3	2
1341	750	54	55	2	3	2
1342	623	60	61	1	1	2
1343	1691	12	15	1	3	1
1344	498	27	29	2	4	3
1345	1890	3	4	2	3	2
1346	354	35	38	3	1	1
1347	435	49	51	1	4	2
1348	1483	34	35	2	2	3
1349	1823	26	27	3	2	3
1350	866	8	11	2	1	2
1351	1279	45	48	2	1	1
1352	591	14	16	3	4	1
1353	211	62	63	3	3	2
1354	567	47	50	1	3	1
1355	789	48	51	2	3	2
1356	1954	61	64	1	3	2
1357	724	29	30	2	4	3
1358	864	11	14	2	2	2
1359	1525	54	57	3	3	1
1360	2077	59	61	1	2	3
1361	2020	32	34	1	1	3
1362	1780	10	11	1	3	1
1363	765	30	33	3	5	3
1364	959	63	64	2	4	1
1365	772	19	21	1	3	2
1366	1018	59	62	1	3	1
1367	199	17	20	1	1	1
1368	1653	37	40	1	3	2
1369	1220	44	46	1	2	2
1370	915	54	56	1	2	2
1371	1347	61	63	3	4	1
1372	725	5	7	1	1	3
1373	1583	23	24	3	2	3
1374	659	55	56	1	2	3
1375	521	67	69	1	2	3
1376	124	29	32	3	5	3
1377	1290	63	64	3	4	3
1378	1513	33	36	2	5	1
1379	1681	47	48	2	5	1
1380	297	56	57	1	1	2
1381	1188	31	34	1	1	2
1382	1812	36	39	3	2	3
1383	703	1	4	3	3	1
1384	475	28	29	1	1	1
1385	1868	51	52	2	5	2
1386	1030	26	29	3	5	1
1387	1056	35	36	3	1	1
1388	1058	32	33	2	5	3
1389	1556	20	22	1	5	1
1390	1078	15	16	3	2	1
1391	1734	68	69	1	4	3
1392	2151	65	67	1	4	3
1393	100	4	6	3	5	1
1394	2090	9	11	3	4	2
1395	261	36	39	3	3	2
1396	88	15	16	3	1	3
1397	1753	8	10	3	5	3
1398	1839	15	18	3	5	3
1399	1748	53	55	1	5	2
1400	1319	51	52	3	3	2
1401	1722	37	39	1	3	2
1402	172	6	9	1	3	2
1403	1380	41	43	3	5	1
1404	1102	54	55	3	1	1
1405	817	9	10	1	4	2
1406	1862	26	27	1	2	1
1407	1533	5	8	1	5	1
1408	1284	29	32	3	2	3
1409	423	53	55	3	3	2
1410	1765	5	6	2	5	2
1411	1884	18	19	2	3	2
1412	1506	13	14	2	3	2
1413	1983	45	47	2	5	1
1414	1387	52	53	1	4	1
1415	1510	5	6	3	4	2
1416	767	52	55	2	3	2
1417	1799	46	48	2	5	2
1418	2019	46	49	1	2	1
1419	1581	10	12	1	1	1
1420	1379	61	63	2	3	2
1421	1612	6	9	2	4	2
1422	1744	35	38	1	1	3
1423	1414	45	48	2	1	3
1424	1109	39	42	2	4	3
1425	1729	41	43	2	5	3
1426	514	27	29	2	1	2
1427	1281	8	10	1	4	3
1428	1487	35	37	3	4	1
1429	1230	40	41	1	4	2
1430	1859	56	57	1	4	1
1431	1062	21	23	2	2	1
1432	696	66	68	2	5	2
1433	976	1	4	3	2	3
1434	903	10	12	2	5	2
1435	1973	56	59	2	4	2
1436	1718	26	29	1	5	1
1437	1	4	6	3	3	1
1438	1276	10	11	2	1	3
1439	1304	46	49	2	1	2
1440	469	65	67	1	4	2
1441	2042	21	22	3	1	3
1442	1502	61	64	3	2	2
1443	1343	53	55	2	3	1
1444	1394	45	47	1	2	2
1445	1454	64	67	3	2	2
1446	2080	48	49	1	5	1
1447	1625	63	66	2	1	2
1448	503	41	43	2	5	3
1449	272	48	49	3	2	2
1450	882	65	68	2	3	1
1451	184	17	18	2	3	2
1452	163	61	62	3	5	3
1453	2122	33	36	3	4	2
1454	348	54	56	3	5	1
1455	1727	16	19	1	1	2
1456	836	63	65	3	1	3
1457	2143	13	15	1	4	2
1458	1148	25	28	1	4	3
1459	1026	34	35	3	5	2
1460	925	20	22	1	3	2
1461	2034	9	11	2	1	1
1462	1004	21	24	2	2	2
1463	322	32	33	1	2	3
1464	1296	2	5	3	5	3
1465	1867	7	9	1	3	2
1466	67	64	66	2	5	2
1467	1181	58	60	1	5	2
1468	1364	11	12	2	3	2
1469	1760	53	55	2	2	1
1470	306	45	47	1	5	1
1471	1350	9	11	2	3	2
1472	2041	46	47	1	4	2
1473	1921	50	52	2	1	1
1474	2006	60	62	3	3	1
1475	2009	66	68	1	2	1
1476	1147	43	46	1	1	1
1477	2057	23	24	2	5	3
1478	1463	41	43	2	3	2
1479	853	7	9	3	3	2
1480	805	48	51	2	3	1
1481	706	7	10	1	4	1
1482	1226	56	57	1	5	2
1483	313	58	59	3	4	3
1484	758	28	30	1	2	1
1485	1646	17	19	2	1	3
1486	1842	18	19	2	2	1
1487	1825	15	17	2	4	3
1488	1400	5	8	1	4	3
1489	2112	7	9	3	4	3
1490	891	64	66	3	4	1
1491	1648	65	66	2	5	2
1492	513	7	9	2	1	3
1493	795	55	56	2	1	2
1494	1922	60	63	3	1	1
1495	1879	15	17	3	2	3
1496	946	1	4	3	2	3
1497	793	47	48	1	1	3
1498	373	9	10	2	1	3
1499	1719	7	8	1	1	3
1500	1582	26	29	1	3	2
1501	975	63	64	1	1	3
1502	56	22	23	3	1	3
1503	601	3	5	2	4	1
1504	714	38	41	1	2	1
1505	1114	55	58	3	5	2
1506	606	31	32	2	2	3
1507	74	35	38	1	4	1
1508	1201	49	50	1	2	1
1509	1250	17	19	3	1	2
1510	1813	52	55	1	4	1
1511	1524	15	17	1	4	2
1512	1577	62	63	1	1	3
1513	330	13	14	2	3	2
1514	1920	48	51	3	3	1
1515	557	25	28	2	5	3
1516	790	33	34	3	1	1
1517	497	3	4	3	1	2
1518	851	32	35	2	2	1
1519	1751	45	46	1	3	2
1520	1280	46	49	3	4	1
1521	538	28	29	2	2	3
1522	867	7	9	1	5	1
1523	364	34	37	3	1	1
1524	1810	30	33	3	1	3
1525	1511	51	54	3	1	2
1526	1193	28	31	1	5	1
1527	942	10	12	3	1	3
1528	1146	27	29	2	3	2
1529	77	25	28	1	1	3
1530	134	19	20	1	5	3
1531	1299	39	42	2	3	2
1532	873	57	60	2	4	1
1533	17	33	34	2	5	2
1534	1822	22	24	1	4	3
1535	449	19	22	3	4	2
1536	1453	9	10	2	5	2
1537	1959	29	31	2	5	1
1538	106	23	24	2	4	3
1539	680	45	47	2	5	1
1540	1923	29	30	2	4	3
1541	112	60	61	1	4	1
1542	1662	36	39	3	5	3
1543	576	42	43	3	2	2
1544	759	47	50	2	3	1
1545	670	66	67	1	4	3
1546	1101	35	36	1	5	2
1547	1965	43	44	2	4	3
1548	2045	48	50	1	3	2
1549	1653	1	4	1	4	3
1550	535	67	69	1	1	3
1551	1482	27	30	2	5	3
1552	999	3	5	3	4	3
1553	4	23	24	2	2	1
1554	3	59	61	2	3	2
1555	1174	56	57	1	1	1
1556	865	23	24	2	2	3
1557	629	41	42	2	1	1
1558	1154	48	49	2	3	1
1559	194	24	27	2	5	3
1560	780	57	60	2	1	1
1561	39	45	46	1	2	2
1562	1682	29	30	3	4	2
1563	291	29	32	3	5	1
1564	1175	29	30	1	2	1
1565	97	58	60	1	2	2
1566	2063	34	37	2	5	3
1567	1871	7	8	3	5	3
1568	1235	3	5	3	5	3
1569	419	4	7	1	4	3
1570	1249	29	31	3	5	2
1571	2061	23	24	2	4	2
1572	496	20	22	2	3	1
1573	1189	58	60	3	5	1
1574	1367	63	65	3	4	2
1575	637	9	12	2	4	1
1576	824	32	34	3	4	1
1577	842	12	14	3	4	1
1578	1979	22	23	3	5	1
1579	1407	40	42	2	3	2
1580	1301	16	19	3	3	1
1581	1196	10	11	1	4	3
1582	1324	17	18	2	1	1
1583	868	29	31	1	2	3
1584	253	63	66	3	1	3
1585	488	36	38	3	1	2
1586	1121	58	61	2	5	3
1587	1707	20	23	2	2	2
1588	1358	14	16	3	4	2
1589	742	51	53	2	2	2
1590	1049	46	47	1	4	1
1591	436	27	29	3	5	1
1592	702	29	32	2	1	2
1593	1493	6	9	3	1	2
1594	1554	19	20	2	2	2
1595	1215	30	33	3	5	2
1596	676	30	32	2	5	3
1597	2	18	21	3	1	1
1598	984	28	30	3	4	2
1599	571	25	28	1	5	2
1600	1223	35	37	2	4	3
1601	1130	46	47	3	4	3
1602	1009	34	36	2	4	2
1603	1410	62	64	1	4	1
1604	1093	27	30	3	5	3
1605	1209	10	12	1	2	3
1606	2133	23	24	1	3	2
1607	1563	10	11	1	2	2
1608	233	27	28	2	1	1
1609	1948	54	55	1	3	2
1610	299	27	30	1	3	2
1611	1321	65	67	3	3	1
1612	634	29	30	1	2	2
1613	433	28	30	3	2	3
1614	581	17	18	3	4	2
1615	1139	2	3	1	5	3
1616	198	67	68	2	5	1
1617	1058	47	50	1	2	1
1618	1610	63	65	3	2	1
1619	160	46	48	1	4	3
1620	1784	7	8	2	5	2
1621	386	13	14	2	5	3
1622	281	20	22	3	5	3
1623	116	30	32	2	1	1
1624	401	67	68	2	3	2
1625	1481	29	31	1	3	1
1626	1675	64	67	3	3	2
1627	384	46	48	1	4	3
1628	1488	32	35	2	5	2
1629	381	41	44	2	5	1
1630	1073	48	50	1	4	3
1631	1363	52	53	2	5	3
1632	164	37	40	3	2	3
1633	1960	28	29	3	4	1
1634	1454	2	3	3	1	2
1635	2108	13	16	3	4	2
1636	1370	10	13	3	4	1
1637	2067	61	63	3	5	3
1638	1478	5	6	1	1	1
1639	9	26	29	3	2	1
1640	1557	28	31	2	4	3
1641	593	11	14	2	2	3
1642	397	37	38	1	2	1
1643	776	55	58	2	3	2
1644	194	10	11	2	4	3
1645	147	37	38	3	3	2
1646	1054	7	9	2	3	1
1647	1535	39	42	1	4	3
1648	836	1	3	3	1	3
1649	1782	20	23	2	2	2
1650	608	20	22	2	5	3
1651	1745	18	21	1	1	3
1652	2137	34	35	1	1	2
1653	1820	19	22	3	2	2
1654	1998	41	43	1	5	1
1655	968	20	21	1	5	1
1656	1917	22	23	3	3	1
1657	973	15	17	3	1	2
1658	333	44	46	3	2	2
1659	1539	22	25	2	1	1
1660	1950	45	47	2	2	3
1661	1329	31	34	1	2	1
1662	884	52	54	3	4	1
1663	1075	18	20	1	2	1
1664	1065	5	8	2	2	1
1665	939	38	40	1	5	3
1666	1783	18	19	2	1	2
1667	2030	4	7	3	2	3
1668	338	28	30	1	5	1
1669	1509	43	46	2	5	1
1670	1003	30	32	2	3	2
1671	456	2	4	1	5	1
1672	1194	47	49	2	2	2
1673	582	42	43	3	3	1
1674	2055	47	48	2	2	1
1675	1063	48	50	1	2	2
1676	1291	9	12	2	2	3
1677	1117	4	5	2	3	1
1678	1324	66	67	3	3	1
1679	192	1	3	2	1	3
1680	73	59	62	2	5	3
1681	1164	12	14	1	4	2
1682	1127	65	67	3	5	2
1683	451	49	52	1	1	1
1684	114	23	25	1	3	2
1685	1369	30	32	1	4	3
1686	964	65	66	2	4	3
1687	1769	6	7	1	5	3
1688	913	4	6	2	1	3
1689	1881	4	5	2	4	3
1690	1638	16	18	3	1	2
1691	1950	58	59	2	3	2
1692	954	4	5	2	5	2
1693	337	27	30	2	2	2
1694	993	2	5	1	5	1
1695	1050	48	49	3	4	3
1696	1305	20	21	3	5	1
1697	827	33	36	3	3	2
1698	425	26	28	2	5	1
1699	332	17	20	1	4	2
1700	506	19	21	1	4	2
1701	1972	50	51	1	4	2
1702	1829	27	29	3	3	1
1703	1603	19	21	3	3	1
1704	1110	25	28	3	3	1
1705	1197	47	49	3	4	2
1706	668	27	29	3	4	1
1707	2066	32	33	1	5	1
1708	1630	56	58	3	3	2
1709	155	10	13	1	2	2
1710	597	66	68	2	1	1
1711	782	9	11	2	1	3
1712	2069	12	13	2	4	2
1713	764	50	52	1	4	3
1714	41	12	15	1	4	2
1715	1699	11	12	2	1	3
1716	1328	2	4	3	4	2
1717	318	36	37	1	4	1
1718	480	54	57	2	5	3
1719	1939	24	27	2	5	3
1720	1929	20	23	1	3	1
1721	1385	23	25	2	2	2
1722	1945	29	30	3	3	1
1723	632	18	21	2	4	3
1724	1159	31	33	2	1	2
1725	1705	11	12	3	4	1
1726	458	57	60	1	3	2
1727	1840	12	14	3	1	2
1728	1061	4	5	3	3	2
1729	520	46	48	1	1	1
1730	1411	34	36	1	4	3
1731	114	43	45	3	2	1
1732	635	60	61	3	1	3
1733	64	13	15	3	5	1
1734	1365	37	39	1	2	2
1735	216	58	59	1	1	1
1736	2041	36	38	3	2	1
1737	35	6	7	3	4	1
1738	941	50	52	2	4	1
1739	720	13	14	3	4	3
1740	417	30	31	3	3	1
1741	982	20	23	3	1	3
1742	1282	13	15	3	2	3
1743	448	33	35	3	2	1
1744	360	54	55	2	1	3
1745	1456	53	54	3	1	1
1746	78	48	51	1	2	2
1747	1679	40	41	2	4	3
1748	950	41	44	3	1	3
1749	1427	36	38	2	2	3
1750	202	18	20	3	4	2
1751	885	35	36	3	2	2
1752	24	16	18	1	4	3
1753	1090	55	56	3	2	3
1754	1842	33	35	3	1	1
1755	2072	17	20	2	1	2
1756	1831	13	14	2	2	3
1757	491	3	4	1	2	1
1758	521	58	61	3	1	3
1759	457	40	42	3	3	2
1760	36	64	65	2	2	1
1761	555	63	64	2	2	2
1762	1155	32	33	1	4	1
1763	311	42	44	2	4	1
1764	1884	9	10	3	1	1
1765	412	57	60	1	2	1
1766	1710	28	29	2	3	2
1767	1791	28	29	3	5	2
1768	206	41	44	2	3	1
1769	268	10	13	1	2	2
1770	684	49	51	1	1	1
1771	1903	20	21	3	3	1
1772	618	15	16	1	5	3
1773	857	40	42	3	3	2
1774	1322	13	15	2	1	3
1775	260	5	7	1	3	1
1776	893	21	23	2	2	1
1777	220	26	28	3	1	1
1778	614	18	21	1	3	1
1779	1805	11	13	3	4	1
1780	357	57	59	3	3	2
1781	1942	10	13	1	4	1
1782	170	50	53	3	1	3
1783	240	65	68	2	1	2
1784	1850	30	33	1	5	3
1785	610	39	42	3	4	3
1786	2131	62	65	2	3	1
1787	1741	23	25	3	5	2
1788	1952	24	26	1	5	1
1789	965	47	49	1	3	2
1790	1048	58	59	2	2	3
1791	433	15	18	2	4	1
1792	113	46	47	3	2	2
1793	2148	64	67	2	2	1
1794	2075	63	66	1	3	1
1795	1862	36	39	2	4	1
1796	321	6	9	1	1	2
1797	631	44	45	3	4	3
1798	818	41	42	3	5	3
1799	1870	29	30	2	3	1
1800	628	45	48	2	5	3
1801	368	58	59	3	5	2
1802	37	34	37	2	5	1
1803	1016	28	31	2	4	3
1804	1417	55	56	3	3	1
1805	42	43	44	2	5	3
1806	304	40	41	2	4	1
1807	1015	16	19	1	1	3
1808	1611	24	27	3	1	1
1809	1999	19	21	2	2	1
1810	1494	43	45	2	3	2
1811	1717	32	35	3	5	3
1812	598	8	11	1	1	3
1813	1238	41	44	1	3	2
1814	611	8	9	2	2	2
1815	698	63	64	2	1	3
1816	213	52	54	2	4	2
1817	1721	38	39	2	3	2
1818	1122	10	13	2	5	3
1819	1571	23	26	2	3	2
1820	276	34	35	3	2	3
1821	1795	49	52	3	5	2
1822	247	15	17	2	3	2
1823	1781	33	34	2	2	3
1824	1405	56	57	3	3	2
1825	1382	24	26	1	4	1
1826	1170	25	26	3	1	1
1827	1224	59	62	1	4	2
1828	801	1	3	1	3	1
1829	515	50	53	1	1	2
1830	1172	45	48	2	5	3
1831	1510	50	51	3	4	3
1832	123	13	15	2	4	3
1833	324	22	24	2	2	3
1834	330	54	56	3	1	1
1835	1520	62	65	3	2	2
1836	219	38	39	1	1	3
1837	1103	16	19	1	3	1
1838	985	25	28	1	1	1
1839	95	9	12	2	2	1
1840	2119	13	16	3	4	3
1841	1037	48	49	2	4	1
1842	663	50	53	3	5	1
1843	2164	16	17	1	1	1
1844	1338	5	6	3	4	2
1845	806	35	37	3	1	1
1846	1129	40	42	3	3	2
1847	1467	56	57	2	2	3
1848	835	7	9	1	3	2
1849	1316	31	32	3	4	1
1850	2147	22	24	2	2	2
1851	1605	61	62	2	2	2
1852	32	31	32	2	5	2
1853	83	2	4	3	2	1
1854	1809	41	44	2	3	2
1855	432	18	19	2	5	1
1856	1873	41	43	1	3	1
1857	630	41	42	3	5	3
1858	1522	56	58	3	4	2
1859	1560	59	60	2	5	1
1860	1956	64	66	2	1	1
1861	856	36	37	2	5	2
1862	465	63	66	2	5	1
1863	1292	57	59	1	2	2
1864	1733	12	13	2	2	3
1865	1755	63	66	3	2	2
1866	58	51	54	3	3	2
1867	1497	62	65	3	3	2
1868	970	36	39	3	5	2
1869	550	36	38	1	2	3
1870	1228	40	43	3	1	1
1871	536	31	32	1	2	3
1872	907	3	6	2	1	3
1873	1098	62	63	2	4	2
1874	1371	24	26	3	3	1
1875	1735	20	22	3	3	2
1876	1580	50	51	3	4	1
1877	653	28	31	2	2	3
1878	290	6	7	1	1	1
1879	1084	29	32	1	1	3
1880	229	8	11	1	4	3
1881	924	59	61	1	4	1
1882	609	44	45	1	4	2
1883	316	4	6	1	1	1
1884	1216	28	31	1	5	1
1885	1031	56	58	2	2	3
1886	1207	41	42	1	2	1
1887	510	8	10	2	3	1
1888	409	9	11	2	4	1
1889	541	29	31	3	4	1
1890	967	1	2	2	3	2
1891	844	63	64	2	5	3
1892	650	24	26	1	5	3
1893	1995	12	14	2	4	3
1894	1022	25	26	1	3	2
1895	2047	37	40	3	3	2
1896	1851	19	20	1	5	2
1897	1203	8	11	3	2	2
1898	1135	10	11	3	5	2
1899	928	53	56	1	5	1
1900	1919	45	48	3	1	1
1901	461	64	65	3	2	2
1902	603	30	33	3	2	3
1903	768	26	28	1	4	3
1904	1257	58	60	3	5	2
1905	2096	38	39	3	5	2
1906	1330	25	28	3	2	1
1907	1507	47	50	3	3	2
1908	911	39	42	2	5	2
1909	2085	29	30	2	4	2
1910	1715	25	28	2	5	1
1911	1706	18	19	2	4	2
1912	395	14	15	2	5	1
1913	2062	44	45	3	1	1
1914	774	58	61	1	2	2
1915	226	24	26	2	3	1
1916	1652	33	35	1	2	3
1917	1353	37	38	1	1	2
1918	1399	58	60	1	1	1
1919	620	53	56	3	1	3
1920	700	36	38	3	5	1
1921	1083	61	63	1	2	2
1922	840	50	51	2	5	1
1923	2076	40	43	1	1	3
1924	1671	51	53	1	4	1
1925	1546	64	65	2	2	2
1926	1981	24	26	3	5	3
1927	228	4	7	3	2	3
1928	431	15	16	2	2	2
1929	413	34	36	1	3	2
1930	745	1	4	3	4	1
1931	1542	5	8	1	1	1
1932	1770	1	4	1	1	2
1933	889	21	23	3	2	1
1934	14	18	20	1	1	1
1935	232	58	59	2	2	3
1936	1574	58	60	1	4	2
1937	508	18	21	2	3	2
1938	1772	37	38	2	3	1
1939	70	54	57	2	2	2
1940	641	1	4	3	1	3
1941	902	57	60	1	2	1
1942	1926	1	4	2	5	2
1943	586	28	31	2	5	1
1944	835	52	53	3	2	2
1945	23	31	32	1	5	3
1946	1432	5	6	2	5	2
1947	1894	48	49	2	5	2
1948	239	41	43	3	3	2
1949	1969	46	48	2	4	1
1950	1142	29	32	3	2	3
1951	1496	65	68	2	4	2
1952	1738	61	62	1	3	2
1953	361	13	15	1	4	1
1954	1819	57	58	3	1	2
1955	477	47	49	1	3	1
1956	1046	62	65	1	3	1
1957	382	13	16	2	2	3
1958	2007	56	59	3	4	2
1959	652	25	26	3	4	1
1960	1406	67	68	2	5	2
1961	643	41	43	2	2	3
1962	1221	51	54	2	1	2
1963	1553	14	15	3	2	1
1964	1931	12	14	3	2	1
1965	1151	14	16	1	5	3
1966	922	10	11	1	2	3
1967	1199	40	41	2	1	2
1968	1491	37	38	1	5	1
1969	1283	2	5	2	5	3
1970	524	39	40	1	5	2
1971	1149	14	15	3	5	3
1972	2024	8	9	2	5	1
1973	1995	9	11	1	1	1
1974	1029	2	4	3	3	1
1975	1396	28	31	3	3	1
1976	25	43	45	3	3	1
1977	1836	16	17	1	4	2
1978	1183	16	18	1	2	3
1979	229	48	51	2	4	2
1980	430	40	41	2	2	3
1981	269	3	5	2	5	1
1982	549	19	22	1	5	2
1983	1726	21	22	2	1	3
1984	2043	37	39	1	3	1
1985	58	2	4	1	3	1
1986	85	24	25	3	1	3
1987	44	7	9	2	1	1
1988	1191	60	62	1	2	2
1989	642	33	36	3	2	2
1990	1561	18	21	3	4	1
1991	828	44	45	1	3	2
1992	699	13	15	1	2	2
1993	283	21	22	1	5	3
1994	1617	15	16	3	5	3
1995	602	8	9	1	1	2
1996	282	19	22	2	2	3
1997	1987	48	49	3	3	1
1998	1469	64	67	2	5	3
1999	1184	58	60	3	4	3
2000	1253	6	8	1	5	2
2001	779	51	53	1	1	1
2002	34	28	31	2	4	2
2003	1897	50	51	3	1	2
2004	479	3	6	3	4	3
2005	1594	51	54	2	4	1
2006	1883	18	21	1	5	1
2007	1245	21	24	2	2	1
2008	1107	53	55	3	5	3
2009	191	64	67	2	2	2
2010	1541	64	66	2	4	2
2011	641	34	36	2	4	2
2012	380	63	66	1	5	1
2013	325	33	35	2	1	1
2014	1178	52	54	2	4	1
2015	673	14	15	2	1	2
2016	1620	49	52	1	3	2
2017	1604	39	41	3	4	2
2018	23	42	44	3	1	2
2019	1535	63	65	2	4	2
2020	1205	10	12	1	2	1
2021	320	47	50	2	1	1
2022	1655	4	6	2	5	1
2023	2142	32	35	2	2	2
2024	715	33	34	2	4	2
2025	327	3	6	2	1	1
2026	548	29	31	3	1	3
2027	1311	31	32	3	5	2
2028	895	15	18	1	3	2
2029	1913	41	42	2	1	3
2030	1518	12	14	3	5	3
2031	2078	33	35	1	1	1
2032	1355	20	21	3	5	3
2033	1232	65	67	1	1	1
2034	1647	16	18	1	1	2
2035	1137	4	6	3	5	3
2036	854	36	39	1	4	2
2037	606	8	11	1	5	1
2038	1320	32	33	3	3	1
2039	210	34	37	1	5	2
2040	686	24	25	3	4	3
2041	1629	24	25	1	2	1
2042	1374	60	63	2	4	2
2043	716	15	17	3	1	1
2044	205	9	11	1	4	2
2045	1764	65	67	2	4	1
2046	794	43	45	2	1	2
2047	1384	36	38	2	5	3
2048	994	32	35	3	2	2
2049	1775	18	19	3	4	3
2050	1561	20	21	3	3	1
2051	673	25	27	2	5	1
2052	1547	16	17	2	1	1
2053	1624	20	21	2	3	1
2054	2126	31	33	3	1	1
2055	953	14	15	1	3	2
2056	796	11	14	3	1	3
2057	1905	59	62	3	3	2
2058	1357	26	27	2	1	1
2059	995	20	21	3	1	3
2060	701	48	50	2	1	1
2061	371	9	11	3	2	1
2062	1837	57	59	2	4	1
2063	1633	19	21	1	4	3
2064	1273	52	54	2	1	2
2065	1052	43	45	1	4	3
2066	1302	58	59	2	2	2
2067	2086	36	39	2	4	1
2068	206	32	33	2	3	2
2069	305	43	44	3	1	2
2070	2032	2	4	1	4	2
2071	264	1	3	3	4	3
2072	1517	37	39	2	4	3
2073	597	39	42	1	5	1
2074	476	50	52	1	4	3
2075	455	43	45	3	4	3
2076	1435	49	51	2	4	1
2077	1713	65	66	3	3	1
2078	1020	22	24	3	5	3
2079	495	16	17	3	5	3
2080	443	43	46	2	2	2
2081	37	36	38	3	4	1
2082	1666	57	58	1	3	2
2083	1000	29	31	2	1	2
2084	1160	9	12	2	1	3
2085	266	52	53	3	2	1
2086	158	6	7	2	3	2
2087	2003	43	44	2	1	1
2088	2127	60	62	1	1	2
2089	1848	22	23	1	5	1
2090	157	66	67	2	4	3
2091	315	15	16	2	5	1
2092	1165	49	50	3	2	3
2093	1732	53	55	1	5	2
2094	449	5	7	2	1	3
2095	1891	22	23	3	4	1
2096	808	19	22	3	3	1
2097	719	56	58	3	2	1
2098	482	51	54	3	2	3
2099	991	9	11	2	4	3
2100	744	40	43	1	3	1
2101	1615	4	7	1	1	2
2102	2050	25	26	1	5	2
2103	1186	13	14	1	3	2
2104	531	12	13	1	4	1
2105	1757	37	40	2	4	2
2106	972	14	16	2	1	1
2107	1011	36	37	3	2	1
2108	1519	38	41	2	2	3
2109	334	64	67	2	4	1
2110	1256	8	10	2	5	3
2111	1157	23	25	2	3	1
2112	2162	40	43	2	5	2
2113	1419	13	16	3	1	3
2114	1070	29	31	3	2	1
2115	75	48	50	2	5	3
2116	548	60	62	2	1	3
2117	308	61	62	1	4	2
2118	896	48	49	1	2	3
2119	846	7	8	3	4	2
2120	731	33	36	1	5	1
2121	418	68	69	1	3	2
2122	176	3	5	3	1	3
2123	1325	2	4	1	3	2
2124	1479	22	25	1	1	3
2125	1327	25	26	1	5	3
2126	1661	64	65	1	2	1
2127	1285	36	37	1	1	1
2128	203	7	10	2	4	1
2129	69	9	12	3	3	1
2130	1640	62	63	2	1	1
2131	845	56	59	2	2	2
2132	1462	50	51	3	2	3
2133	7	8	9	2	5	3
2134	1740	3	4	1	5	3
2135	2036	26	28	3	5	3
2136	1570	45	46	2	3	1
2137	271	7	10	1	1	3
2138	249	40	41	3	1	2
2139	572	55	56	1	5	3
2140	1767	46	48	2	4	3
2141	1845	30	32	3	1	2
2142	1567	18	20	1	3	1
2143	574	1	3	3	1	2
2144	640	26	27	2	5	3
2145	1608	24	27	3	5	1
2146	729	46	48	3	4	3
2147	1197	35	37	3	4	2
2148	1045	8	11	3	2	3
2149	1824	65	67	3	2	1
2150	2105	9	10	3	3	2
2151	1391	14	17	2	4	2
2152	1742	18	20	1	4	1
2153	28	23	26	2	5	2
2154	450	19	22	2	1	1
2155	569	41	43	3	1	1
2156	1461	40	42	3	1	3
2157	127	62	63	3	4	2
2158	1426	2	3	3	1	2
2159	190	56	57	1	4	1
2160	145	5	6	2	1	3
2161	242	42	45	2	2	3
2162	347	27	30	3	5	1
2163	1028	30	31	2	4	1
2164	763	7	9	2	1	2
2165	223	34	37	3	2	3
2166	1636	12	14	3	3	1
2167	337	47	49	2	3	2
2168	584	16	17	2	2	2
2169	496	29	30	2	4	1
2170	819	2	5	2	1	3
2171	1438	61	64	1	1	3
2172	684	12	13	1	3	1
2173	612	9	12	3	5	1
2174	1545	21	22	3	4	1
2175	600	5	6	2	3	2
2176	1359	28	31	1	3	2
2177	2154	9	10	1	2	1
2178	667	56	57	3	3	2
2179	1513	38	39	3	3	1
2180	1021	11	12	1	4	2
2181	810	39	42	1	5	1
2182	1955	37	39	1	4	1
2183	615	42	44	1	5	3
2184	1313	63	66	2	1	2
2185	812	56	58	1	5	1
2186	1177	25	27	1	5	3
2187	809	16	17	2	1	3
2188	688	55	57	2	5	3
2189	1240	56	57	2	3	1
2190	2037	59	61	2	3	1
2191	1450	42	43	1	4	1
2192	154	21	23	2	2	1
2193	2157	54	55	3	3	1
2194	1307	24	26	1	2	3
2195	657	27	30	3	5	2
2196	843	32	33	3	3	1
2197	1549	14	15	2	5	2
2198	1943	36	38	3	5	2
2199	1856	39	40	1	1	3
2200	1072	13	15	2	1	3
2201	1391	4	5	2	3	1
2202	1774	44	45	2	3	2
2203	1352	35	37	2	2	3
2204	1089	17	18	3	4	2
2205	1782	55	58	2	5	2
2206	639	6	8	3	2	1
2207	1687	58	59	3	2	3
2208	185	62	64	1	1	3
2209	752	54	56	1	2	3
2210	262	60	61	1	4	2
2211	375	45	47	1	1	2
2212	1565	31	34	2	5	3
2213	20	32	35	2	1	2
2214	1470	66	68	1	5	3
2215	2125	56	59	3	3	1
2216	31	28	30	3	1	2
2217	860	14	17	2	5	3
2218	118	15	18	3	3	2
2219	1445	58	61	1	2	3
2220	633	66	68	1	2	1
2221	1612	65	67	2	3	2
2222	1610	24	26	2	4	2
2223	345	51	52	3	3	2
2224	1670	37	40	3	5	3
2225	1949	63	66	1	2	3
2226	1100	29	30	1	3	2
2227	1118	44	46	2	5	2
2228	1677	16	19	1	5	2
2229	1602	56	59	1	5	1
2230	1538	25	28	3	3	2
2231	1376	26	27	3	2	1
2232	625	9	10	1	4	1
2233	1927	23	25	2	2	1
2234	1447	61	63	3	4	1
2235	196	13	16	3	5	2
2236	903	43	46	3	1	3
2237	562	46	47	2	3	2
2238	92	12	13	2	1	3
2239	209	12	15	2	5	3
2240	735	56	59	1	4	2
2241	1997	24	27	3	1	2
2242	1066	37	40	1	2	3
2243	48	36	37	1	4	2
2244	1579	64	67	2	3	2
2245	736	22	24	1	5	1
2246	465	56	57	2	5	3
2247	493	58	61	1	2	1
2248	773	32	35	3	4	3
2249	140	51	53	3	1	1
2250	969	60	61	2	1	2
2251	1528	5	8	2	2	1
2252	1017	27	29	2	3	2
2253	1416	54	56	1	3	2
2254	1878	26	27	1	1	2
2255	1468	19	20	2	5	3
2256	636	52	55	3	3	2
2257	1306	20	22	2	1	2
2258	833	23	25	1	4	3
2259	788	32	34	1	5	2
2260	2065	29	32	2	2	1
2261	595	33	35	2	5	2
2262	1821	44	46	1	1	2
2263	1116	53	55	1	5	1
2264	1690	61	63	1	1	1
2265	415	3	6	1	2	2
2266	1097	61	62	2	3	2
2267	1180	67	68	2	1	2
2268	1192	23	26	1	1	3
2269	1151	32	34	2	2	2
2270	1731	21	23	1	2	3
2271	1120	56	59	3	4	1
2272	2017	46	48	2	4	3
2273	46	22	25	3	3	1
2274	1007	7	9	1	5	3
2275	5	24	25	3	2	1
2276	376	40	43	2	5	2
2277	1865	58	61	3	4	1
2278	1766	27	29	1	4	3
2279	109	28	30	3	3	1
2280	237	31	32	2	2	3
2281	820	41	43	3	1	1
2282	982	18	21	1	3	1
2283	1920	50	52	1	5	2
2284	1977	3	4	1	2	3
2285	1444	37	38	2	3	1
2286	335	30	33	1	2	1
2287	778	36	37	2	5	1
2288	204	25	27	2	1	1
2289	1498	11	13	2	5	3
2290	1720	34	37	1	4	1
2291	1378	31	32	2	3	1
2292	2109	28	29	3	4	3
2293	1455	18	21	2	1	2
2294	551	60	61	1	3	1
2295	236	35	38	2	5	2
2296	1613	29	31	3	1	3
2297	1987	41	42	1	4	1
2298	1377	52	53	3	2	1
2299	1977	55	56	2	5	3
2300	2163	49	52	2	2	1
2301	756	28	31	3	3	2
2302	1750	41	42	1	1	2
2303	321	13	16	3	4	1
2304	1311	16	18	1	2	1
2305	1628	35	37	2	3	2
2306	1814	32	33	2	3	1
2307	1600	33	36	2	5	3
2308	1345	63	66	1	5	2
2309	408	53	54	2	1	3
2310	603	31	32	1	5	2
2311	585	1	2	3	5	2
2312	259	51	52	2	2	2
2313	1190	66	68	1	4	2
2314	682	15	18	1	3	1
2315	469	16	17	2	3	1
2316	162	51	54	1	2	2
2317	1268	55	56	2	5	3
2318	568	26	27	2	5	2
2319	1258	17	20	1	2	2
2320	1906	50	53	3	5	1
2321	897	45	47	2	1	2
2322	1700	10	12	3	4	1
2323	1601	24	26	3	5	2
2324	997	64	67	1	2	2
2325	293	13	16	2	4	1
2326	698	68	69	1	1	2
2327	1389	9	10	3	5	3
2328	245	33	35	1	5	1
2329	454	5	8	1	1	1
2330	59	5	8	3	4	1
2331	2112	44	46	2	1	2
2332	1141	60	61	1	3	1
2333	599	36	38	1	5	3
2334	1597	10	12	2	5	3
2335	905	14	15	2	5	2
2336	2140	12	15	1	4	1
2337	1714	29	32	3	2	1
2338	21	5	6	3	5	2
2339	2130	41	43	3	2	1
2340	1899	43	44	2	5	3
2341	2139	54	56	3	4	3
2342	553	34	37	2	1	3
2343	1693	9	12	1	4	3
2344	1091	52	53	2	2	3
2345	55	30	33	2	5	1
2346	1994	20	23	3	5	3
2347	337	33	36	1	3	2
2348	1058	20	21	3	2	1
2349	177	42	44	3	5	1
2350	526	56	59	3	3	1
2351	86	1	3	1	2	3
2352	1956	66	68	1	5	3
2353	559	50	51	3	4	1
2354	1651	15	17	3	5	1
2355	245	51	53	2	2	3
2356	1057	20	21	2	5	2
2357	408	5	6	1	5	3
2358	60	15	16	1	2	2
2359	1036	68	69	1	5	1
2360	388	9	10	3	2	3
2361	1269	36	38	1	3	2
2362	1569	17	18	1	4	1
2363	472	9	12	1	4	2
2364	1564	35	37	2	2	1
2365	288	15	18	3	5	2
2366	643	48	51	3	5	2
2367	96	40	41	2	2	2
2368	1863	24	26	2	5	3
2369	1251	4	6	3	2	2
2370	1958	6	9	1	2	3
2371	1185	60	62	2	3	1
2372	1360	35	36	2	5	2
2373	1386	28	31	3	1	3
2374	962	37	38	3	5	1
2375	566	40	43	2	4	3
2376	2056	58	60	2	3	1
2377	1178	53	54	1	1	3
2378	159	45	48	2	3	1
2379	848	60	62	2	5	1
2380	1532	46	48	3	1	3
2381	1417	6	9	2	4	2
2382	1377	16	18	1	5	1
2383	1971	21	23	1	5	1
2384	191	36	37	1	5	2
2385	1723	59	61	1	2	1
2386	1123	56	57	2	4	2
2387	1850	9	11	1	5	2
2388	1119	39	42	1	1	3
2389	52	20	23	2	3	1
2390	400	50	53	1	4	1
2391	508	36	37	3	3	1
2392	937	29	30	1	4	2
2393	57	2	4	1	3	1
2394	305	40	42	1	4	3
2395	251	47	50	2	3	1
2396	2161	33	35	3	4	1
2397	370	31	32	3	3	2
2398	796	65	68	2	3	2
2399	592	49	51	1	2	2
2400	2132	35	36	2	5	1
2401	766	57	59	3	4	1
2402	1195	7	8	1	3	2
2403	389	15	16	1	1	3
2404	1105	40	43	1	2	1
2405	560	3	6	3	4	1
2406	575	12	15	3	1	1
2407	1739	1	4	1	2	1
2408	1342	54	55	3	4	2
2409	1709	51	53	1	3	1
2410	277	2	5	2	2	1
2411	713	64	67	3	4	3
2412	422	46	48	3	3	2
2413	1888	18	21	1	5	2
2414	1235	23	26	3	2	1
2415	739	46	48	2	4	3
2416	1092	1	2	3	3	2
2417	275	3	5	3	5	2
2418	1094	40	42	1	5	1
2419	1134	47	49	3	3	1
2420	1040	67	68	2	1	2
2421	20	17	19	2	3	2
2422	1265	7	8	3	1	2
2423	1999	1	4	2	3	1
2424	437	60	62	2	5	1
2425	1829	45	48	1	5	2
2426	1096	2	5	2	4	2
2427	344	21	24	1	3	2
2428	320	56	59	3	2	1
2429	873	58	59	2	5	1
2430	1664	49	50	2	3	1
2431	1838	52	53	3	1	1
2432	1773	37	38	2	3	1
2433	1773	60	63	1	5	2
2434	285	16	19	3	3	1
2435	861	18	20	3	5	1
2436	901	22	24	1	5	2
2437	1982	26	28	1	1	3
2438	1173	13	14	1	3	2
2439	182	57	60	1	3	2
2440	1402	35	36	2	3	1
2441	1287	12	13	2	4	3
2442	1158	49	51	2	1	3
2443	1451	49	50	1	5	1
2444	1461	13	15	3	2	3
2445	738	6	8	3	4	1
2446	1924	35	37	3	1	3
2447	1934	26	28	3	5	1
2448	2073	59	60	1	5	3
2449	230	23	24	2	5	3
2450	2118	11	12	3	3	2
2451	1808	4	5	3	4	2
2452	1227	16	19	2	1	2
2453	442	57	60	3	5	1
2454	990	61	64	2	5	1
2455	1637	37	38	3	2	3
2456	980	1	2	2	2	3
2457	1458	67	68	2	4	3
2458	256	20	22	1	4	2
2459	1792	61	63	3	5	1
2460	71	29	30	2	5	1
2461	1893	35	36	3	4	2
2462	961	36	38	1	1	1
2463	315	56	59	1	2	2
2464	481	43	46	1	2	3
2465	1988	26	29	2	4	3
2466	171	50	51	3	1	1
2467	346	8	10	1	3	2
2468	110	57	60	2	4	1
2469	2101	12	15	3	2	1
2470	212	20	21	1	3	2
2471	175	3	6	1	5	1
2472	825	64	67	1	1	2
2473	377	34	35	3	1	2
2474	705	46	47	3	1	1
2475	2160	49	50	2	1	3
2476	656	17	18	1	2	2
2477	1865	27	30	3	4	3
2478	1937	3	4	1	4	1
2479	1601	19	21	2	2	1
2480	590	17	19	2	3	2
2481	1446	12	15	1	2	1
2482	1692	46	49	2	5	3
2483	1607	55	58	1	4	1
2484	1623	16	17	1	1	3
2485	18	45	48	2	3	2
2486	2115	9	11	2	4	1
2487	1898	25	28	2	1	2
2488	1023	30	32	1	3	2
2489	1111	3	5	3	5	1
2490	1964	65	67	2	4	2
2491	2115	16	18	2	3	2
2492	734	26	28	2	3	1
2493	226	55	57	3	3	1
2494	1437	54	56	1	5	1
2495	1095	58	61	3	4	1
2496	1716	15	16	1	3	2
2497	1778	43	44	3	1	3
2498	1948	29	30	2	4	2
2499	201	12	14	2	4	1
2500	1658	22	24	3	1	2

