DATASET = ORTEC-hidden instance set VeRoLog competition
NAME = tools over vehicles over vehicle days over distance with 2500 requests over 75 days

DAYS = 75
CAPACITY = 40
MAX_TRIP_DISTANCE = 15000
DEPOT_COORDINATE = 0

VEHICLE_COST = 100000
VEHICLE_DAY_COST = 2000
DISTANCE_COST = 1

TOOLS = 4
1	15	44	10000000
2	12	66	40000000
3	6	80	40000000
4	12	62	50000000

COORDINATES = 2161
0	3917	6819
1	8284	6131
2	9080	6131
3	8838	6142
4	8073	6145
5	9397	6149
6	8311	6151
7	8803	6151
8	8209	6152
9	7946	6158
10	9327	6163
11	9134	6173
12	5889	6188
13	7321	6189
14	9092	6192
15	8172	6195
16	8317	6142
17	8244	6197
18	7642	6198
19	8565	6203
20	3979	5133
21	7528	6208
22	6031	8149
23	8220	6223
24	3615	6225
25	7650	6229
26	8929	6147
27	8934	6232
28	7543	6232
29	8805	6237
30	4148	6243
31	9491	6245
32	7256	6253
33	7231	6257
34	8582	6262
35	7679	6273
36	4187	6277
37	7526	6281
38	7323	6284
39	5361	4335
40	6046	6301
41	8183	6309
42	8263	6321
43	3410	6163
44	7465	6331
45	4058	6337
46	8385	6345
47	6700	6347
48	9472	6167
49	8280	6352
50	8547	6356
51	7959	6359
52	8235	6363
53	7549	6364
54	4118	6170
55	8269	6368
56	7651	6376
57	3939	6380
58	3500	6386
59	7491	6386
60	8344	6390
61	4837	2169
62	6698	6406
63	3989	6407
64	3572	6410
65	5912	6413
66	6918	6441
67	7451	6442
68	8496	6446
69	6852	6456
70	8240	6457
71	4437	6459
72	6812	6463
73	8567	6467
74	7538	6188
75	6142	6480
76	4382	6485
77	7574	6485
78	4286	6490
79	8330	6491
80	6084	6495
81	3929	6497
82	8592	6497
83	6919	6500
84	8683	6504
85	7572	6508
86	6460	6518
87	8445	6519
88	7733	6519
89	3777	6522
90	7676	6527
91	3529	6537
92	8212	6547
93	8680	6552
94	3754	6559
95	8262	6560
96	6748	6560
97	4435	4200
98	7954	6566
99	8665	6569
100	7287	6576
101	6960	6588
102	7461	6589
103	7863	6590
104	7055	6604
105	8343	6614
106	6967	6618
107	8495	6624
108	8872	6631
109	7055	6633
110	6978	6633
111	3543	6639
112	3667	6639
113	8587	6639
114	7176	6649
115	8669	6661
116	3411	6663
117	3983	6665
118	7414	6666
119	8803	6673
120	4066	6676
121	4236	6223
122	8004	6696
123	8111	6709
124	7743	6715
125	7950	6720
126	7186	8233
127	3567	6727
128	8331	6741
129	4020	6748
130	8583	6750
131	3508	6757
132	6771	6758
133	7552	6761
134	4180	6765
135	3847	6783
136	3702	6786
137	7687	6788
138	3708	4752
139	8747	6798
140	7348	6801
141	3639	6805
142	8598	6808
143	8761	4240
144	7574	6812
145	3755	6814
146	3917	6819
147	4245	6835
148	8737	6842
149	8479	6842
150	8307	6843
151	3492	6847
152	3847	6851
153	8062	6851
154	6885	6862
155	8726	6874
156	7749	6876
157	8352	6887
158	7016	6889
159	8538	4254
160	7715	6899
161	8043	6900
162	9547	6913
163	8681	6921
164	8750	6934
165	4676	6935
166	7745	6265
167	7452	6940
168	7828	6943
169	7458	6946
170	7481	6950
171	7478	6951
172	3835	6956
173	3365	6959
174	8138	6958
175	4289	6963
176	9024	6963
177	3649	4267
178	7514	6970
179	9267	6971
180	9110	6976
181	7259	6981
182	7724	6983
183	7550	6992
184	8559	4273
185	6313	7009
186	6907	7012
187	9155	7015
188	9168	7020
189	4107	7023
190	4709	7025
191	7729	7027
192	6890	7028
193	6395	4278
194	7672	7035
195	7839	7037
196	8743	7048
197	8157	7058
198	7540	7063
199	8858	7065
200	5985	7070
201	4012	7073
202	6458	7074
203	3995	7081
204	6793	7082
205	7800	7085
206	7533	7091
207	8742	7094
208	8766	7097
209	7642	7100
210	8492	7102
211	6749	7114
212	4419	7115
213	8923	7121
214	8750	7131
215	4316	7136
216	8491	7135
217	4382	7144
218	7929	7147
219	8805	7151
220	7531	7155
221	8138	7158
222	4230	7160
223	7292	7163
224	7379	7170
225	7774	7170
226	8764	7171
227	8709	7190
228	7493	7196
229	6726	7197
230	7759	7198
231	3882	7199
232	3936	7201
233	4353	7203
234	6720	7219
235	4433	7225
236	2288	4310
237	4097	7228
238	8998	7231
239	6839	7232
240	6153	4367
241	7594	7240
242	3345	7245
243	4219	7248
244	8108	4313
245	8764	7251
246	4102	7253
247	8539	7256
248	8798	7261
249	4591	4317
250	4918	7264
251	4140	7267
252	8542	7267
253	6029	7271
254	7236	7272
255	7388	7274
256	4458	7277
257	7255	7280
258	3527	7281
259	5851	7285
260	7478	7292
261	7006	7311
262	5631	4324
263	6693	7312
264	8546	4325
265	7230	7320
266	6998	7323
267	4062	7325
268	8054	7326
269	7695	7326
270	6622	7329
271	5406	4327
272	8166	7335
273	4055	7336
274	7826	8336
275	8264	4329
276	3367	7344
277	7596	7344
278	7023	7345
279	9425	7345
280	8048	7348
281	8102	7354
282	7829	7363
283	7220	7365
284	3779	7367
285	8742	7367
286	6301	7373
287	7280	7376
288	9131	7376
289	7742	7378
290	6382	7381
291	6583	7389
292	8268	7391
293	7276	7401
294	8351	7401
295	7500	8347
296	6784	8347
297	6325	7414
298	7097	7417
299	8083	7420
300	9741	8349
301	4309	7427
302	3810	7428
303	8895	5974
304	3841	7443
305	9015	7445
306	3547	7448
307	3928	4348
308	8328	7461
309	7678	7478
310	6588	7487
311	7095	7489
312	6362	4354
313	9024	7494
314	3999	4356
315	3775	7520
316	4165	4360
317	9533	7527
318	5981	7531
319	7018	7533
320	8781	7536
321	6794	7537
322	6030	7537
323	3542	7541
324	7043	7544
325	8424	7548
326	7099	7553
327	9315	7569
328	7253	7573
329	8770	7573
330	6770	7579
331	4513	7581
332	3750	7588
333	4386	7590
334	7763	7592
335	7109	7594
336	4310	4372
337	7548	7605
338	6389	7609
339	6194	7618
340	6941	7620
341	7727	7623
342	6785	7625
343	7400	8386
344	7400	7643
345	10000	8386
346	7286	7656
347	5698	7661
348	6734	7663
349	5712	7665
350	8057	7666
351	7864	7676
352	5733	7684
353	8389	7699
354	9723	8785
355	5346	7713
356	8374	7715
357	7228	7717
358	7196	7725
359	7583	7731
360	5806	7737
361	8410	7741
362	4498	7743
363	5820	7749
364	5856	7751
365	7102	7752
366	5950	7754
367	6378	7758
368	7282	7760
369	8782	7763
370	6472	7765
371	8364	7777
372	6575	7797
373	6625	7797
374	8968	7799
375	5648	7809
376	6782	7819
377	6816	7820
378	5900	7822
379	7019	7824
380	5248	7826
381	8287	7828
382	6771	7830
383	7157	7832
384	6025	7865
385	3700	2414
386	6747	7878
387	7453	7888
388	7400	7892
389	6222	7892
390	5419	7894
391	5359	7895
392	8811	7898
393	6907	7911
394	7296	7912
395	6875	7921
396	7322	7937
397	5478	8436
398	6482	7956
399	4263	5591
400	4328	7959
401	5334	7965
402	7477	7966
403	6260	7967
404	7372	7970
405	6771	7971
406	6127	7977
407	5364	7980
408	5445	7982
409	8312	6440
410	6603	7997
411	7136	7998
412	8654	7998
413	8549	8004
414	9419	8007
415	8445	8010
416	4297	4441
417	6281	8012
418	5399	8015
419	6402	8016
420	3644	6447
421	9453	8026
422	9276	8030
423	3460	4446
424	5591	8039
425	5448	8042
426	7331	8046
427	5489	8048
428	6888	8051
429	6370	8066
430	8417	8073
431	8891	8458
432	7634	8077
433	8029	7997
434	5543	8082
435	7932	8461
436	3704	5196
437	8143	8099
438	7429	8108
439	7306	8110
440	5469	8117
441	6064	8121
442	4999	4459
443	5562	8126
444	6210	8134
445	6022	8135
446	5454	8140
447	5896	8147
448	7487	8149
449	6023	3996
450	8949	8151
451	7639	8156
452	6487	8171
453	8904	8171
454	7266	8179
455	8492	8184
456	7508	8185
457	5908	8186
458	8097	5142
459	9048	8192
460	6272	8193
461	7717	8197
462	5695	8198
463	7301	8204
464	7370	8205
465	5736	8480
466	6406	8207
467	6847	8210
468	8442	4475
469	9802	8218
470	7265	8224
471	7482	8226
472	7180	8231
473	8803	8239
474	6842	8246
475	5538	8253
476	5329	8490
477	5492	8268
478	5746	8277
479	7153	8278
480	5405	8282
481	7106	8288
482	6085	8293
483	7327	8294
484	6742	8297
485	6537	8302
486	5565	8335
487	3097	2492
488	3746	5068
489	7694	8344
490	7791	8346
491	6499	8347
492	2549	4498
493	9335	8353
494	3641	8356
495	5685	8361
496	9351	8361
497	7696	8506
498	5467	8372
499	6537	8376
500	7616	8378
501	4017	6506
502	9358	8387
503	8391	8388
504	8093	8389
505	5861	8397
506	6636	8401
507	3578	8402
508	7756	8405
509	7859	8405
510	7619	8407
511	7212	8514
512	7302	8419
513	6856	8421
514	7406	8426
515	8318	8429
516	6868	8436
517	6334	8437
518	6678	8439
519	6123	8442
520	8423	8459
521	5729	8460
522	8864	8461
523	6504	8464
524	8461	8465
525	6672	8469
526	7501	8473
527	4094	5209
528	6483	8484
529	6018	8485
530	8887	8486
531	8238	4664
532	8754	8488
533	7296	8495
534	7664	8496
535	5786	8497
536	7581	8498
537	7335	8505
538	6128	8509
539	3684	8516
540	6865	8516
541	7714	8518
542	7797	8520
543	7092	8522
544	5943	8525
545	8209	8536
546	6484	8538
547	6846	8539
548	9552	8539
549	6475	8542
550	6223	8542
551	6135	8545
552	6272	8546
553	4521	4010
554	4002	3610
555	6217	8559
556	7780	8565
557	9659	8571
558	3948	8575
559	6814	8582
560	7663	8586
561	5809	8591
562	8211	8595
563	3933	8596
564	6593	8600
565	8515	8602
566	6697	8605
567	9131	6013
568	7622	8608
569	7654	8610
570	8534	8624
571	6391	8625
572	5464	8626
573	7489	8628
574	6283	8630
575	5651	8631
576	3940	8635
577	4177	2541
578	8407	8636
579	8441	8637
580	5661	8641
581	8092	4546
582	9047	8646
583	6976	8647
584	6190	8654
585	6508	8654
586	6305	8656
587	9667	8656
588	8218	8657
589	6165	8658
590	5862	8558
591	6937	8678
592	6173	8685
593	6390	8686
594	5634	8686
595	4058	4554
596	6514	8692
597	7625	8693
598	7680	8702
599	5966	8707
600	7496	8720
601	7048	8720
602	6742	8724
603	5664	8727
604	6866	8728
605	7540	8738
606	3796	4564
607	5509	8757
608	5992	2562
609	6211	8759
610	5828	8761
611	6624	8764
612	7360	8765
613	5998	8765
614	4097	4567
615	7215	8767
616	7686	4567
617	6924	8785
618	6967	8801
619	7304	8580
620	8947	6020
621	6552	8820
622	8103	8828
623	6644	8830
624	5915	8831
625	6765	8833
626	7774	8835
627	7338	8838
628	9834	8850
629	6941	8852
630	7564	8855
631	5921	8867
632	6119	8894
633	7080	8895
634	9854	8897
635	9051	8898
636	5928	8899
637	7394	8902
638	7069	8905
639	5568	8909
640	4189	4591
641	6692	8918
642	6103	8919
643	3764	6597
644	5382	8927
645	6979	6597
646	6720	8932
647	7373	8935
648	5714	8936
649	5728	8826
650	7622	8944
651	7903	8954
652	5571	8957
653	5824	8960
654	8017	8960
655	7628	8963
656	9709	8965
657	7374	8967
658	7711	8969
659	9782	8970
660	7502	8971
661	7277	5068
662	7252	8977
663	9179	8986
664	3750	8611
665	6852	8990
666	7531	8998
667	7330	9006
668	9921	9006
669	7888	9019
670	7453	9023
671	8086	9036
672	7801	9040
673	8201	9064
674	6818	9067
675	5791	9069
676	7766	9077
677	5600	9085
678	7360	9085
679	5171	4620
680	7739	9089
681	6703	9090
682	7792	4620
683	8185	9094
684	2658	4622
685	8548	9096
686	7963	9100
687	8141	9105
688	6136	9113
689	8192	9232
690	2474	4430
691	7414	9133
692	6401	9142
693	8749	9144
694	7590	9146
695	7751	9147
696	8027	9157
697	6326	9161
698	5966	9163
699	8269	9174
700	8168	9174
701	9737	8641
702	7535	9181
703	6678	9183
704	6150	9188
705	6635	9195
706	5844	9196
707	6061	9199
708	6360	9200
709	6316	9204
710	7501	9205
711	9270	9211
712	6407	9218
713	8555	9221
714	7202	9235
715	8756	9235
716	6674	9242
717	8967	9242
718	7574	9247
719	9298	5234
720	7212	9250
721	9142	9250
722	6916	9258
723	7213	4649
724	7860	9261
725	8861	9268
726	6348	9281
727	6206	2649
728	7512	9288
729	8732	9290
730	6436	9291
731	8998	4434
732	8313	9297
733	9272	9298
734	8272	9304
735	9638	8272
736	8930	9314
737	8745	9320
738	7464	9323
739	7968	4659
740	6725	9329
741	8625	9329
742	8183	9331
743	8754	9332
744	8207	6664
745	6462	9336
746	6389	9338
747	6973	9360
748	6550	9360
749	8146	9366
750	6655	9373
751	8707	9376
752	6420	9382
753	6597	9383
754	7120	9383
755	6447	9394
756	7693	6675
757	6556	9396
758	3681	6676
759	8467	9408
760	8165	9419
761	7006	9424
762	9122	9424
763	8564	9426
764	8691	9427
765	8593	9433
766	8797	9433
767	7498	4678
768	7754	9442
769	7189	9460
770	6162	8690
771	7203	9470
772	8995	9471
773	8418	9476
774	8391	9478
775	7813	9492
776	7242	9493
777	7784	9501
778	7102	9504
779	7951	9506
780	9209	9509
781	8474	6043
782	8302	9512
783	8500	4431
784	9176	9517
785	6778	9519
786	8122	8699
787	6809	9521
788	8945	9521
789	9087	9523
790	8427	4693
791	8393	9531
792	7665	9535
793	3878	4696
794	7040	9539
795	7928	9549
796	8466	9561
797	6909	9562
798	4078	6704
799	8563	9572
800	9167	9580
801	6872	9595
802	2737	2703
803	6796	9621
804	7819	9626
805	3191	2709
806	5045	9642
807	6844	9643
808	5037	9648
809	8569	9651
810	8793	9658
811	8018	9667
812	5118	9676
813	8110	4721
814	8948	8728
815	3790	5249
816	8656	9739
817	8632	9780
818	5162	2737
819	6264	9855
820	4722	5074
821	6435	9858
822	8551	4750
823	6391	9876
824	3502	2757
825	4876	2757
826	4078	2758
827	6585	2759
828	6238	8773
829	8912	7259
830	7351	9976
831	4228	4771
832	7371	9995
833	5667	4776
834	6901	8785
835	5486	4780
836	6119	8790
837	5108	2786
838	7429	4790
839	5901	8800
840	5581	4807
841	2864	4820
842	7520	4820
843	6962	8830
844	6507	8831
845	8467	6833
846	7658	8073
847	7398	8337
848	3848	4472
849	5710	4844
850	3257	2842
851	3820	8478
852	5429	4855
853	2427	2853
854	6936	8870
855	3688	4077
856	6913	8480
857	6169	7680
858	5827	2877
859	6519	6888
860	7714	4890
861	8786	4882
862	8626	8899
863	7885	6084
864	2023	2893
865	7767	9287
866	3564	4899
867	6503	2902
868	6160	2903
869	8840	4907
870	5585	7873
871	5319	4916
872	3894	2915
873	7304	2919
874	8748	4931
875	8457	4892
876	7774	6094
877	8490	6947
878	4065	4945
879	7935	6950
880	3972	4950
881	5910	2950
882	7500	6962
883	8125	8967
884	4320	6966
885	8125	4965
886	8624	4965
887	8728	4966
888	7575	4972
889	7932	4980
890	7025	4981
891	8731	4983
892	5805	2980
893	5795	2983
894	7608	7304
895	3971	4994
896	1776	2991
897	9142	7004
898	5499	3003
899	7124	5010
900	8604	7015
901	8134	7016
902	8545	5014
903	8817	5014
904	8019	5308
905	7903	6109
906	7960	5021
907	5610	5022
908	8929	6109
909	3559	7029
910	8171	5028
911	4766	7035
912	5960	5031
913	7004	5036
914	8835	5920
915	3419	4125
916	8404	5046
917	3969	5058
918	9044	5067
919	6688	3066
920	4159	5076
921	7066	3319
922	4060	7084
923	2717	5083
924	8001	9091
925	2848	3091
926	3894	5105
927	6098	3102
928	5389	5106
929	4676	3104
930	3899	5109
931	3968	5112
932	5176	4128
933	6459	24
934	6677	3113
935	8081	9128
936	6356	3120
937	7599	5125
938	6506	112
939	8670	5129
940	4286	5131
941	3165	5133
942	6465	164
943	8893	9144
944	6470	167
945	4598	7143
946	7225	7147
947	6438	208
948	6850	241
949	6471	265
950	7499	9166
951	6467	306
952	6786	9169
953	6451	319
954	6755	358
955	8462	5169
956	6320	364
957	8643	7175
958	8472	5173
959	6844	3170
960	7523	5175
961	8700	5176
962	6878	7742
963	6519	435
964	8142	5186
965	9225	7192
966	7601	9346
967	8228	6144
968	7515	7199
969	8374	9204
970	7657	6145
971	5361	8147
972	2500	3199
973	4199	5205
974	6433	613
975	7649	6147
976	4238	7229
977	8470	9232
978	5504	3227
979	6680	738
980	7131	5238
981	9052	7245
982	3324	3241
983	6083	9253
984	4591	5248
985	7202	5248
986	8378	5249
987	9333	5253
988	6416	890
989	9576	9265
990	6479	936
991	5312	3263
992	8652	5272
993	8782	5274
994	5356	3272
995	3718	3280
996	9413	5284
997	4682	3360
998	8120	9298
999	5618	3292
1000	3519	4164
1001	6560	1158
1002	6602	1166
1003	8636	5365
1004	7567	7311
1005	6476	1195
1006	8933	5308
1007	8525	9327
1008	5250	5769
1009	6885	1288
1010	6903	1317
1011	6846	3496
1012	2980	5335
1013	7111	5337
1014	6613	1371
1015	7346	9347
1016	7013	1399
1017	8141	5344
1018	6648	3341
1019	9266	9352
1020	7877	4574
1021	6800	1462
1022	3850	7359
1023	6576	7359
1024	5811	3356
1025	3984	3357
1026	7037	5362
1027	7682	4576
1028	5603	3361
1029	6486	1602
1030	6971	1606
1031	6301	1616
1032	6813	1620
1033	8730	5379
1034	6203	1627
1035	6335	1636
1036	8815	4981
1037	6726	1653
1038	7576	5386
1039	5938	1668
1040	6747	1678
1041	4247	5390
1042	5796	3386
1043	5138	4182
1044	6458	1685
1045	7638	5783
1046	6821	9401
1047	6939	1741
1048	5571	3397
1049	6961	1751
1050	8452	5785
1051	6450	1786
1052	6529	1813
1053	6938	7417
1054	6479	1831
1055	5990	1832
1056	5762	1839
1057	7872	6589
1058	1853	1860
1059	4024	5421
1060	67	1875
1061	7149	1876
1062	3769	5390
1063	7110	1902
1064	6535	1906
1065	5847	1908
1066	1796	2589
1067	6401	1936
1068	3615	3430
1069	8148	4590
1070	5114	1949
1071	5375	1970
1072	3634	4243
1073	8166	5438
1074	6403	1980
1075	5166	1982
1076	1023	1995
1077	7018	7445
1078	6385	2006
1079	8055	5446
1080	5344	2034
1081	1909	2058
1082	6237	2063
1083	5701	2084
1084	5522	2085
1085	6213	2088
1086	7155	2089
1087	4634	2093
1088	5325	2094
1089	6104	3455
1090	6077	2101
1091	6510	2118
1092	5119	2120
1093	6202	2127
1094	5489	2130
1095	5861	2130
1096	4656	4197
1097	4852	2136
1098	6896	2137
1099	9451	5466
1100	6059	2157
1101	6175	2158
1102	6482	2161
1103	756	2163
1104	5091	2165
1105	6517	2171
1106	7566	7475
1107	4618	2175
1108	5017	2185
1109	6319	2204
1110	6068	2220
1111	5781	2223
1112	5724	2251
1113	6272	2278
1114	5731	2280
1115	5374	2291
1116	5089	2297
1117	6894	2301
1118	6363	2302
1119	6403	2302
1120	8820	7497
1121	5113	2317
1122	5380	2329
1123	4569	2331
1124	6579	2335
1125	6518	7502
1126	9166	5499
1127	5041	2343
1128	5057	2344
1129	5125	2357
1130	5027	2359
1131	7723	5504
1132	4879	2379
1133	4675	2384
1134	6841	7511
1135	4812	2394
1136	4674	2399
1137	3713	2406
1138	7352	2410
1139	5501	2432
1140	7012	2437
1141	4921	2454
1142	7621	5520
1143	2044	2473
1144	1837	2478
1145	4908	2481
1146	9553	5809
1147	4988	2491
1148	2622	2503
1149	6850	7530
1150	4539	2507
1151	5982	2528
1152	3126	2532
1153	5950	2538
1154	5067	2539
1155	5019	2546
1156	6911	2548
1157	3869	2553
1158	3845	2554
1159	6086	3532
1160	6523	9415
1161	6003	2570
1162	3917	2575
1163	4241	2577
1164	4889	2584
1165	1468	2591
1166	2741	2599
1167	4674	2608
1168	5622	3812
1169	4220	2615
1170	1184	2621
1171	8064	5545
1172	7105	2633
1173	3318	2635
1174	7042	2637
1175	6259	2641
1176	7299	7553
1177	6658	2654
1178	6730	2658
1179	2881	2659
1180	6756	2680
1181	2657	2691
1182	4832	3555
1183	2598	2701
1184	5661	2702
1185	531	2705
1186	4958	2706
1187	6168	7564
1188	892	2707
1189	3881	2708
1190	4561	2714
1191	3822	2716
1192	4189	2725
1193	5623	2725
1194	5045	2731
1195	6277	2732
1196	7558	5565
1197	4552	2736
1198	3822	2737
1199	3706	2740
1200	1259	2743
1201	6510	2745
1202	7205	2754
1203	5156	2757
1204	5684	2757
1205	6353	2772
1206	4629	2774
1207	4236	2775
1208	3919	2781
1209	393	2783
1210	4703	2784
1211	2955	2789
1212	6188	2790
1213	5893	2791
1214	3822	2792
1215	4802	2792
1216	2934	2794
1217	3165	2796
1218	3095	2805
1219	4207	5577
1220	4899	2816
1221	6002	2823
1222	3662	2829
1223	3168	2830
1224	7105	2830
1225	4073	2832
1226	430	2835
1227	4673	2836
1228	8105	7822
1229	4864	2840
1230	369	2841
1231	6051	7587
1232	6469	2855
1233	3324	4164
1234	327	2861
1235	5402	2862
1236	5008	2870
1237	4201	2872
1238	709	2873
1239	744	2875
1240	4081	2881
1241	1930	2884
1242	674	2888
1243	6781	2887
1244	4051	2888
1245	3724	2892
1246	3402	2897
1247	4173	2899
1248	4767	2900
1249	3962	2900
1250	6186	2901
1251	669	2908
1252	5424	3590
1253	4832	2910
1254	6493	2912
1255	7040	2914
1256	3365	2918
1257	5061	2918
1258	323	2919
1259	5746	2926
1260	3562	2940
1261	6225	2945
1262	2796	2946
1263	4439	5600
1264	5697	2947
1265	6404	2948
1266	3401	4224
1267	7792	5601
1268	6273	2956
1269	4144	2958
1270	3973	2963
1271	5891	2966
1272	5111	2967
1273	1194	2969
1274	2434	2975
1275	5858	2979
1276	6520	2981
1277	5187	2983
1278	6630	2984
1279	5993	2987
1280	5518	2987
1281	5589	2993
1282	6864	2994
1283	5526	3001
1284	6068	3010
1285	9754	8228
1286	6260	3014
1287	6287	3024
1288	6917	3028
1289	5884	3036
1290	6540	3037
1291	3871	3038
1292	757	3046
1293	6378	3051
1294	5683	3052
1295	6611	3055
1296	4753	3061
1297	2791	3067
1298	6647	3068
1299	5553	3074
1300	4133	3076
1301	2200	3082
1302	6333	3088
1303	5493	3090
1304	4098	3096
1305	3073	3096
1306	5780	3101
1307	4544	3102
1308	5979	3117
1309	6883	3130
1310	3747	3133
1311	5385	3138
1312	6705	3140
1313	6487	3149
1314	3331	3160
1315	4875	3164
1316	6058	3168
1317	4874	3174
1318	4269	3180
1319	6013	3183
1320	6766	3185
1321	1696	3193
1322	4765	3195
1323	4527	3199
1324	6381	3206
1325	5584	3210
1326	3736	3213
1327	5693	3215
1328	6592	3219
1329	1393	3220
1330	4029	3226
1331	6534	3228
1332	6618	3234
1333	6511	3239
1334	6330	3240
1335	6685	3241
1336	1530	3242
1337	6164	3243
1338	3696	3245
1339	5219	4634
1340	6508	3249
1341	2953	3252
1342	3482	3252
1343	5626	3258
1344	6080	3261
1345	7130	3263
1346	3999	3264
1347	3942	3265
1348	5367	3650
1349	3527	3268
1350	2846	3271
1351	4144	3274
1352	7091	5655
1353	5138	3278
1354	3569	3280
1355	6285	3286
1356	4466	3653
1357	5487	5036
1358	3699	3308
1359	5151	3309
1360	7117	3310
1361	4811	3311
1362	3540	3315
1363	2797	3316
1364	5176	3319
1365	3717	3323
1366	5953	3324
1367	4715	3327
1368	5449	3328
1369	6375	3333
1370	1369	3341
1371	7582	8640
1372	1587	3345
1373	5557	3349
1374	4321	3350
1375	1756	3355
1376	4655	3359
1377	4554	3366
1378	2780	3368
1379	5749	3369
1380	5429	3370
1381	4811	3375
1382	5762	3386
1383	5647	3388
1384	3745	3393
1385	4093	3395
1386	6228	3397
1387	6284	7679
1388	5343	3399
1389	6571	3401
1390	7682	5677
1391	4053	3412
1392	5788	3440
1393	6323	3447
1394	1209	3454
1395	8527	5687
1396	7150	7692
1397	5481	3481
1398	5580	3484
1399	5445	3507
1400	3602	3533
1401	6067	3534
1402	4412	3537
1403	4666	3546
1404	4228	3564
1405	4235	3568
1406	4354	3569
1407	4710	3570
1408	4101	3572
1409	3196	3575
1410	4170	3581
1411	6154	3586
1412	6157	3589
1413	4888	3707
1414	4267	3616
1415	4880	3623
1416	8076	7716
1417	4543	3629
1418	7512	5714
1419	4368	3640
1420	8838	5716
1421	6385	3652
1422	6696	3657
1423	4224	3667
1424	7129	5512
1425	6021	3670
1426	4954	3671
1427	6394	3676
1428	4401	3679
1429	4768	3680
1430	4485	3680
1431	4974	3686
1432	4662	3689
1433	6822	3689
1434	4873	3693
1435	4737	3694
1436	4757	3703
1437	6134	3705
1438	3056	3708
1439	4791	3712
1440	4986	3722
1441	4007	5730
1442	5259	3724
1443	3481	3727
1444	4473	3728
1445	4874	3738
1446	9177	5732
1447	6079	3748
1448	5794	3753
1449	6786	3759
1450	5382	3768
1451	5803	3734
1452	6762	3774
1453	5567	3776
1454	4802	3781
1455	6120	3781
1456	2974	3783
1457	1799	3791
1458	5342	3796
1459	4757	4252
1460	6436	3815
1461	5754	3820
1462	6745	3822
1463	9052	5854
1464	5382	3828
1465	4273	3830
1466	4449	3832
1467	4997	3839
1468	5598	3843
1469	5103	3865
1470	4434	3873
1471	1546	3895
1472	4669	3901
1473	1502	3905
1474	5904	3905
1475	4306	3908
1476	2661	3947
1477	4567	3950
1478	9140	5769
1479	5444	3972
1480	4534	3975
1481	6681	3976
1482	5207	3985
1483	4343	3987
1484	9384	7777
1485	3615	3990
1486	6241	3990
1487	7108	5774
1488	9839	7873
1489	6793	3997
1490	3830	4002
1491	2155	4002
1492	7010	4008
1493	5961	4009
1494	7294	4016
1495	7811	4018
1496	7769	4021
1497	4664	4028
1498	3440	4033
1499	8039	7785
1500	7870	4038
1501	3448	4039
1502	5632	4045
1503	3044	3781
1504	5968	4048
1505	4110	4049
1506	3768	4056
1507	5336	4061
1508	3970	4064
1509	4501	4064
1510	5727	4070
1511	3996	4071
1512	4888	4072
1513	6328	4074
1514	3825	4076
1515	3701	4084
1516	4730	4086
1517	4767	4089
1518	4048	4094
1519	4082	4098
1520	3679	4106
1521	4656	4110
1522	3871	4115
1523	8244	4121
1524	8194	4126
1525	4196	4128
1526	3466	4131
1527	2106	4137
1528	5868	4146
1529	5219	4149
1530	3713	4876
1531	6828	4154
1532	4065	4158
1533	4842	4664
1534	4012	4163
1535	8309	4164
1536	3799	4169
1537	3932	4170
1538	4125	4172
1539	6738	4174
1540	4402	4176
1541	3209	4183
1542	8240	4265
1543	3449	4185
1544	3466	4189
1545	3520	4190
1546	3949	4201
1547	4297	4202
1548	3585	4203
1549	6457	4206
1550	6877	4208
1551	4120	4213
1552	6776	4220
1553	8807	4222
1554	7543	5467
1555	4016	4226
1556	5168	4227
1557	8193	4232
1558	4320	4234
1559	7104	4246
1560	8300	4247
1561	7235	4248
1562	3688	4252
1563	3624	4256
1564	8250	4258
1565	3909	4263
1566	8842	4271
1567	4666	4272
1568	4108	4274
1569	8295	5821
1570	8350	4277
1571	8328	4283
1572	4280	4286
1573	4790	4288
1574	5599	4293
1575	6365	4297
1576	8445	4297
1577	4216	4301
1578	8164	4302
1579	3827	4304
1580	5044	4304
1581	7325	7830
1582	5190	4312
1583	8618	4312
1584	6779	4314
1585	3868	4315
1586	8258	4316
1587	5443	4317
1588	8335	4319
1589	6258	4319
1590	8775	4323
1591	6136	4325
1592	3643	4328
1593	3626	4329
1594	4526	4333
1595	6580	4336
1596	4687	4337
1597	3714	4339
1598	6020	4344
1599	3957	4345
1600	6289	4347
1601	4039	4348
1602	4491	4349
1603	6205	4360
1604	3757	4360
1605	8380	4366
1606	8362	4369
1607	2493	4371
1608	8088	4371
1609	8759	4372
1610	8642	4384
1611	8598	4389
1612	4291	4391
1613	7132	4394
1614	4723	4397
1615	2481	4398
1616	7079	4398
1617	4467	4401
1618	4644	4403
1619	8871	4408
1620	6421	4413
1621	2409	4415
1622	8317	4425
1623	7944	4425
1624	3585	4427
1625	2578	4428
1626	2414	4432
1627	7888	4437
1628	8570	4442
1629	6969	4444
1630	2720	4446
1631	2864	4457
1632	3339	4459
1633	8023	4459
1634	8999	4468
1635	7200	4491
1636	3386	4492
1637	4325	4505
1638	4663	4506
1639	3735	4522
1640	5311	4522
1641	5779	4523
1642	8692	4523
1643	8550	4527
1644	5014	3076
1645	5387	4532
1646	4755	4533
1647	7510	4536
1648	5331	4538
1649	5754	4538
1650	5218	4538
1651	7209	4540
1652	5793	4543
1653	7830	4543
1654	6839	4551
1655	4013	4553
1656	8214	4557
1657	4875	4559
1658	8675	4559
1659	6036	8641
1660	8516	4563
1661	6530	7873
1662	8324	4566
1663	8552	4568
1664	8362	4569
1665	4595	4571
1666	4114	4572
1667	4381	4572
1668	3863	4577
1669	4145	4579
1670	4818	4585
1671	4172	4586
1672	7554	4588
1673	8321	4597
1674	4663	4600
1675	4269	4602
1676	4313	4612
1677	7368	4621
1678	4791	4626
1679	8796	4626
1680	7614	4628
1681	8578	4631
1682	7957	4632
1683	8882	5881
1684	8854	5881
1685	8426	4635
1686	3959	4640
1687	7646	4642
1688	7805	4643
1689	7593	4645
1690	8295	4645
1691	8795	4647
1692	4289	4651
1693	8399	4655
1694	8637	4657
1695	8561	4658
1696	8472	4663
1697	5571	4668
1698	8426	4669
1699	4947	4685
1700	4080	4688
1701	5479	4689
1702	3947	4691
1703	4811	4693
1704	8686	5891
1705	7625	4701
1706	4165	4702
1707	4824	4708
1708	4858	4712
1709	8356	4729
1710	8460	4730
1711	8571	4731
1712	8376	4742
1713	7987	4744
1714	4299	4746
1715	8038	4758
1716	8310	4759
1717	8446	4762
1718	4242	4764
1719	8500	4765
1720	4173	4771
1721	7346	4772
1722	8152	4773
1723	7409	4774
1724	4826	4779
1725	8444	4779
1726	8586	4779
1727	5508	4783
1728	3968	5086
1729	7702	4789
1730	4091	4791
1731	8298	4796
1732	5608	4800
1733	5513	4806
1734	4709	4809
1735	4861	4814
1736	8118	4814
1737	8189	4815
1738	7502	4816
1739	8241	4817
1740	7730	4819
1741	7820	4826
1742	5571	4827
1743	3549	4828
1744	5390	4830
1745	8605	4832
1746	5644	4838
1747	2759	4839
1748	8365	4841
1749	3547	4843
1750	7429	4847
1751	3773	4849
1752	8554	4849
1753	7811	4852
1754	3557	4854
1755	7897	4856
1756	3534	4859
1757	3811	4860
1758	4733	4860
1759	3733	4861
1760	3727	4865
1761	8538	4865
1762	6556	7490
1763	3684	4869
1764	7046	4876
1765	3825	4878
1766	7996	4886
1767	4247	4888
1768	5351	4891
1769	2891	4892
1770	8308	4894
1771	8288	4899
1772	8657	4899
1773	4044	4904
1774	7116	4905
1775	7882	4912
1776	3216	4917
1777	3137	4918
1778	7981	4920
1779	8490	4922
1780	9143	5929
1781	7562	4927
1782	8284	4929
1783	7484	4931
1784	7767	4935
1785	5634	4945
1786	5385	4947
1787	5363	4948
1788	5405	4955
1789	7547	4955
1790	7274	4956
1791	3497	4967
1792	8414	4968
1793	8646	4980
1794	3175	4981
1795	5522	4983
1796	5499	4984
1797	4123	4988
1798	5425	4993
1799	3413	4994
1800	3036	4999
1801	7280	4999
1802	3053	5000
1803	6011	5001
1804	8418	5007
1805	9001	5010
1806	8654	5011
1807	7981	5012
1808	4547	5018
1809	9077	5021
1810	7899	5023
1811	3007	5025
1812	4447	5028
1813	9029	5028
1814	9070	5031
1815	7143	5033
1816	5472	5035
1817	5575	5035
1818	7037	5036
1819	4024	5038
1820	4234	5038
1821	8181	5038
1822	8806	5043
1823	7318	8296
1824	8336	5051
1825	5304	5052
1826	3960	5063
1827	8414	5064
1828	8697	5074
1829	3047	5078
1830	7806	5081
1831	5503	5084
1832	9026	5087
1833	8166	5093
1834	7301	5096
1835	9043	5097
1836	7241	5098
1837	8131	5104
1838	4654	5111
1839	8157	5111
1840	5561	5113
1841	3882	5125
1842	5077	5497
1843	7596	5133
1844	8112	5139
1845	6953	5140
1846	8391	5141
1847	3161	5145
1848	4201	5147
1849	7847	5147
1850	3304	5148
1851	4294	5149
1852	8074	5150
1853	9145	5151
1854	4033	5165
1855	8719	5166
1856	8402	5168
1857	8609	5169
1858	8156	5172
1859	7306	5175
1860	3260	5176
1861	3564	5177
1862	8623	5183
1863	8020	5186
1864	7321	5190
1865	9037	5190
1866	4273	5194
1867	8654	5194
1868	8967	5194
1869	8523	5195
1870	7542	5196
1871	7930	5200
1872	9059	5202
1873	3192	5208
1874	3206	5212
1875	8872	5212
1876	3184	5216
1877	7629	5220
1878	5020	5221
1879	4050	5223
1880	7906	5224
1881	8193	5229
1882	4171	5231
1883	7110	5230
1884	3881	5234
1885	8533	5238
1886	7094	5241
1887	3115	5251
1888	4045	5259
1889	7382	5262
1890	4142	5263
1891	7630	5267
1892	8564	5268
1893	7478	4403
1894	4280	5274
1895	3039	5274
1896	8009	5277
1897	8361	5279
1898	7944	5281
1899	8607	5283
1900	8052	5284
1901	9070	5285
1902	3730	5292
1903	7806	5294
1904	8168	4243
1905	8471	5299
1906	8379	5302
1907	5211	5307
1908	8944	5309
1909	8862	5311
1910	3801	3992
1911	8331	5316
1912	1918	3992
1913	4009	5319
1914	5273	5326
1915	6555	8000
1916	2969	5330
1917	7039	5333
1918	4859	3995
1919	7805	5336
1920	3379	5338
1921	7955	5339
1922	8626	5339
1923	8246	5340
1924	4298	5343
1925	3848	5346
1926	3492	5347
1927	7407	5348
1928	8244	5354
1929	8683	5354
1930	8291	5355
1931	7740	5357
1932	7966	5360
1933	8035	5371
1934	8266	5372
1935	4473	5376
1936	7891	5378
1937	8449	5380
1938	8319	5381
1939	7160	7507
1940	5042	5387
1941	8637	5389
1942	4335	5391
1943	8847	5392
1944	7758	5392
1945	4928	5401
1946	2619	3906
1947	8606	5413
1948	5820	5416
1949	4965	4009
1950	3964	5420
1951	7044	5420
1952	8084	5421
1953	5264	4009
1954	8126	5421
1955	8638	5425
1956	9061	5425
1957	9412	5427
1958	6944	5430
1959	3920	5435
1960	7330	5436
1961	3742	5438
1962	6929	5441
1963	8824	5442
1964	7826	6016
1965	7638	5445
1966	4233	5450
1967	8853	5451
1968	8040	5452
1969	8307	5457
1970	4589	5466
1971	8590	5471
1972	4428	5475
1973	7963	5475
1974	4950	5476
1975	3881	5477
1976	3950	5482
1977	6959	5483
1978	4270	5484
1979	7888	5496
1980	7039	5499
1981	4031	5501
1982	5194	5503
1983	4106	5510
1984	8165	5510
1985	4035	5511
1986	8374	5513
1987	3934	5520
1988	8843	5523
1989	8546	5528
1990	3919	5530
1991	8506	5540
1992	4592	5545
1993	7855	5546
1994	7163	5547
1995	7072	5548
1996	7016	3031
1997	6744	5560
1998	4345	5564
1999	6512	2309
2000	7588	5569
2001	3058	5570
2002	7067	5571
2003	4605	5579
2004	6869	5585
2005	8492	5596
2006	4041	5598
2007	6940	5605
2008	7609	5608
2009	6993	5614
2010	8404	5620
2011	8969	5622
2012	7149	5627
2013	7537	5629
2014	9120	5629
2015	9158	5630
2016	6941	5631
2017	7558	5633
2018	6954	5634
2019	6765	5637
2020	4280	5641
2021	8185	5643
2022	7466	5646
2023	7621	5654
2024	7422	4314
2025	8134	5663
2026	7675	5674
2027	8628	5692
2028	4430	5694
2029	8101	5703
2030	8825	5704
2031	7343	5713
2032	9025	5725
2033	4863	4060
2034	7600	5729
2035	9142	5731
2036	4424	5732
2037	4512	5732
2038	7435	5735
2039	9046	5737
2040	7898	5740
2041	9002	5742
2042	6550	8720
2043	7644	5744
2044	8375	5745
2045	9466	5751
2046	7542	5757
2047	8499	5762
2048	8185	5763
2049	8917	5764
2050	7452	5768
2051	8265	5772
2052	7390	5777
2053	8256	5780
2054	7768	5785
2055	9019	5787
2056	7601	5790
2057	7501	5798
2058	6759	5803
2059	8500	5808
2060	9321	5810
2061	7561	5811
2062	7843	5815
2063	9253	6078
2064	9512	5825
2065	8989	5828
2066	8125	5830
2067	8508	5831
2068	8724	5832
2069	7039	5836
2070	3278	5841
2071	8936	5845
2072	7820	5849
2073	9481	5851
2074	7423	5852
2075	8250	5854
2076	7781	5854
2077	8752	5858
2078	9370	5858
2079	9274	5859
2080	8913	5860
2081	9166	5866
2082	9456	5866
2083	7297	5872
2084	7841	5876
2085	9077	5876
2086	3436	5880
2087	9431	5879
2088	9100	5880
2089	9663	5881
2090	9331	5882
2091	7480	5892
2092	9580	5895
2093	7510	5896
2094	9151	5896
2095	7469	5903
2096	8376	5904
2097	9269	5906
2098	9034	5908
2099	8316	5910
2100	8366	5913
2101	9605	5922
2102	8835	5944
2103	5136	5945
2104	9008	5945
2105	8902	5946
2106	7772	5947
2107	9096	5950
2108	9374	5955
2109	7710	5960
2110	9626	5968
2111	5554	5971
2112	5570	4101
2113	9153	5974
2114	9011	5976
2115	8130	5981
2116	9129	5984
2117	9530	5993
2118	9592	6000
2119	9326	6109
2120	8082	6005
2121	7867	6006
2122	7499	6007
2123	8667	6010
2124	8619	6015
2125	8934	6018
2126	5784	6029
2127	8632	6030
2128	4148	6043
2129	8649	6045
2130	6495	8121
2131	8694	6053
2132	8440	6055
2133	9375	6057
2134	7913	6059
2135	7570	6060
2136	7740	6068
2137	9559	6070
2138	7354	6072
2139	3483	6074
2140	7789	6121
2141	8981	6076
2142	7775	6078
2143	4276	6082
2144	8626	6082
2145	5919	6090
2146	8579	6094
2147	9074	6102
2148	3351	6103
2149	4382	6105
2150	7870	6105
2151	9004	6108
2152	9541	6110
2153	8533	6115
2154	9075	6116
2155	9197	6119
2156	8068	6129
2157	9122	6122
2158	8560	6123
2159	8857	6130
2160	8173	6127

REQUESTS = 2500
1	1129	16	17	2	4	3
2	1575	55	58	3	4	2
3	1665	56	57	1	3	1
4	1870	56	58	3	3	2
5	2074	17	20	2	4	2
6	199	12	13	3	1	1
7	1483	21	24	3	1	2
8	1261	37	38	1	4	2
9	586	52	54	1	4	2
10	424	60	62	1	2	3
11	829	40	41	3	2	1
12	634	16	18	3	2	1
13	16	33	34	1	1	1
14	1436	44	47	1	1	2
15	427	38	39	1	3	2
16	2100	22	24	2	3	2
17	474	2	5	2	4	2
18	1167	62	64	1	1	2
19	1941	45	48	2	4	2
20	741	59	61	2	1	1
21	833	34	35	2	1	1
22	800	18	19	3	2	3
23	417	20	22	1	1	2
24	252	5	6	2	3	3
25	334	41	42	2	3	3
26	1116	47	49	2	4	1
27	1370	35	37	1	4	2
28	1232	26	29	2	4	3
29	798	22	24	2	2	2
30	560	27	29	2	2	3
31	1541	31	34	2	2	2
32	587	11	12	2	2	2
33	1159	58	61	1	2	2
34	283	42	43	2	2	2
35	1787	4	7	3	3	2
36	327	47	48	2	1	1
37	1265	24	26	3	3	3
38	809	11	12	1	3	2
39	92	57	58	3	1	1
40	345	28	30	2	2	1
41	669	63	65	2	1	1
42	553	50	52	1	2	1
43	1955	14	16	1	4	3
44	1464	1	4	3	1	2
45	772	58	59	3	3	2
46	56	8	11	2	2	2
47	1637	41	43	3	4	1
48	1658	1	2	2	3	1
49	1783	50	51	3	3	3
50	1932	26	28	3	1	2
51	251	23	26	3	3	3
52	95	24	27	1	4	3
53	1892	40	41	2	3	3
54	1227	69	72	2	1	1
55	1935	14	15	2	3	3
56	923	6	8	1	4	1
57	5	64	66	3	4	3
58	1183	25	28	2	3	3
59	124	32	35	3	4	3
60	1814	4	5	3	3	2
61	384	36	37	2	1	2
62	604	8	10	2	4	2
63	2021	7	9	3	1	1
64	1961	20	21	2	3	2
65	76	53	55	3	2	3
66	1	41	44	3	1	1
67	338	24	26	3	1	1
68	1786	47	50	2	1	1
69	1053	5	7	3	3	1
70	347	31	34	2	4	1
71	1978	73	74	1	2	2
72	2017	49	51	2	4	3
73	799	12	15	2	4	2
74	629	23	24	1	2	2
75	1818	19	22	3	3	2
76	757	6	8	2	3	3
77	1847	48	50	2	3	3
78	1744	61	63	1	3	3
79	529	33	35	2	4	3
80	1842	39	42	1	2	2
81	495	53	56	3	1	2
82	1861	62	64	1	2	2
83	578	70	72	1	1	1
84	1168	61	64	3	2	1
85	1347	34	36	3	1	2
86	2141	3	5	3	3	2
87	726	15	17	1	4	2
88	1905	16	18	3	1	2
89	368	3	6	3	2	1
90	1253	39	42	2	3	2
91	1813	40	41	1	2	3
92	257	32	35	2	4	2
93	1157	69	71	3	1	2
94	419	66	68	2	4	2
95	52	53	56	1	1	2
96	314	30	31	1	4	3
97	1175	17	19	1	4	3
98	674	47	49	2	4	2
99	156	64	65	2	4	2
100	811	56	58	3	2	3
101	2086	47	49	2	1	2
102	359	27	30	3	2	1
103	1229	12	14	2	2	1
104	428	33	35	1	4	3
105	2003	46	49	1	3	1
106	1758	38	40	2	1	1
107	1435	47	50	3	3	3
108	396	49	51	1	2	2
109	1576	64	66	1	3	3
110	1633	39	42	1	3	2
111	1450	63	65	2	1	2
112	1156	25	27	2	2	2
113	168	45	48	1	2	2
114	20	55	56	2	4	2
115	2113	19	20	1	4	1
116	1990	22	25	2	1	1
117	735	30	31	1	2	3
118	981	37	40	3	2	3
119	1292	6	7	2	1	2
120	397	70	71	2	4	3
121	1885	46	47	2	4	3
122	1028	28	31	2	3	2
123	479	45	47	1	1	2
124	318	14	17	1	1	1
125	1433	65	66	3	3	2
126	1715	24	25	3	4	2
127	1296	45	47	2	3	3
128	62	4	7	1	1	2
129	668	2	5	2	1	1
130	1824	13	14	1	1	1
131	932	27	30	3	3	3
132	2143	33	34	1	4	3
133	45	44	46	1	2	3
134	1207	2	3	3	4	2
135	147	11	14	3	2	2
136	1431	11	12	3	1	1
137	101	5	7	1	1	2
138	1749	15	18	1	2	1
139	1506	4	5	1	4	3
140	1859	43	45	3	2	3
141	938	5	8	3	4	2
142	812	30	32	2	1	1
143	391	54	57	1	4	3
144	1051	59	61	3	3	2
145	1554	29	30	3	4	2
146	1044	56	58	3	4	1
147	1286	56	59	2	3	3
148	1522	25	27	3	2	3
149	815	28	31	3	1	2
150	1451	15	17	3	3	2
151	92	21	23	1	1	1
152	1262	58	60	3	2	2
153	1705	1	3	2	3	2
154	1030	61	64	1	3	1
155	808	24	26	2	1	2
156	1651	7	9	2	1	1
157	143	64	67	2	2	3
158	1977	5	6	1	4	2
159	1260	2	5	1	4	3
160	982	36	39	2	3	2
161	1166	42	44	3	4	3
162	1913	27	29	1	2	1
163	1216	49	50	1	4	1
164	1027	46	48	1	2	2
165	1028	34	36	2	2	2
166	1451	59	61	1	4	3
167	1746	66	67	1	1	2
168	1677	25	26	2	1	2
169	939	25	28	1	1	2
170	513	16	19	3	3	1
171	1279	4	6	2	3	1
172	1425	51	52	2	2	1
173	184	44	45	2	4	2
174	1397	35	37	3	1	2
175	2103	21	22	1	3	2
176	94	47	48	1	2	3
177	1518	7	9	2	2	3
178	569	61	62	2	2	2
179	340	46	47	2	1	2
180	125	18	20	2	2	2
181	1744	57	59	3	1	2
182	1740	40	41	3	3	2
183	1742	3	5	2	1	2
184	1217	68	69	2	1	2
185	1226	45	47	2	4	1
186	64	54	55	3	3	3
187	87	21	22	1	2	2
188	790	9	10	1	4	1
189	237	69	70	3	1	2
190	1866	23	26	3	4	2
191	71	15	16	3	4	3
192	1872	68	69	3	4	2
193	969	21	23	2	1	1
194	2085	7	9	1	4	2
195	976	53	55	1	2	2
196	251	46	47	1	1	2
197	1660	56	57	1	2	3
198	1644	29	31	2	3	2
199	1588	35	37	3	2	3
200	2041	54	56	1	2	2
201	1057	30	31	2	2	2
202	916	15	18	3	2	2
203	644	67	69	2	4	1
204	1854	20	23	2	2	1
205	286	45	46	1	3	1
206	2020	39	41	1	1	1
207	868	49	52	2	3	2
208	38	58	61	1	3	2
209	1364	60	62	1	4	1
210	60	52	53	2	4	2
211	1323	27	30	3	4	2
212	229	48	50	2	3	2
213	964	6	8	3	3	2
214	306	70	73	1	4	3
215	2068	31	34	1	1	1
216	520	48	49	2	3	2
217	1274	50	52	2	4	2
218	107	29	31	1	2	1
219	977	36	37	1	3	3
220	415	38	39	2	3	2
221	834	31	33	2	3	2
222	690	71	73	1	2	2
223	1055	31	34	3	1	1
224	401	32	34	1	3	1
225	1349	56	59	2	4	1
226	1151	61	63	1	1	1
227	486	21	22	1	3	3
228	1573	58	59	3	1	2
229	1345	60	62	1	4	2
230	453	21	22	1	2	2
231	516	21	24	2	2	2
232	1708	25	27	1	3	1
233	1514	23	24	2	2	2
234	1123	2	4	3	1	1
235	1098	52	53	1	4	3
236	1635	27	28	2	1	1
237	993	50	53	2	1	2
238	1184	7	8	3	2	2
239	1047	70	73	1	1	1
240	540	49	50	1	4	1
241	966	61	63	3	1	2
242	1902	46	48	1	1	2
243	1724	23	26	1	3	1
244	1663	67	69	2	3	3
245	39	6	7	1	2	1
246	588	12	15	3	3	2
247	968	27	28	1	4	3
248	817	61	64	3	4	1
249	1308	29	32	2	1	2
250	1762	26	29	1	3	2
251	1772	61	63	1	4	2
252	622	68	71	2	2	3
253	842	47	48	3	2	1
254	1035	30	32	2	2	3
255	1389	18	21	2	4	3
256	614	8	11	2	2	2
257	1195	7	9	1	4	2
258	1839	70	72	2	3	3
259	671	49	52	1	2	1
260	477	32	33	1	3	1
261	1867	68	70	1	4	2
262	1368	9	11	1	4	1
263	1634	16	19	3	1	1
264	1735	25	27	2	4	3
265	620	36	38	2	2	1
266	1720	58	61	1	1	2
267	1153	70	71	3	3	1
268	2073	51	52	2	4	3
269	601	67	69	1	3	1
270	472	30	31	3	2	3
271	915	37	38	3	2	3
272	255	50	53	1	3	3
273	1189	65	66	2	2	3
274	823	34	37	1	3	1
275	714	47	48	2	2	2
276	647	43	45	3	3	2
277	141	69	72	3	3	2
278	1459	29	31	3	4	2
279	1421	45	46	3	4	3
280	164	12	15	2	3	2
281	1508	41	43	2	4	3
282	2144	8	11	1	3	1
283	686	21	22	3	1	1
284	793	14	17	1	4	3
285	455	71	73	2	4	1
286	1247	43	44	3	3	2
287	514	69	70	1	4	3
288	1551	48	50	1	4	1
289	163	44	46	1	1	1
290	167	53	56	1	1	2
291	470	60	61	3	2	2
292	1788	2	4	2	3	2
293	1873	46	49	2	2	1
294	1147	15	17	1	4	1
295	1640	47	48	1	4	1
296	157	52	54	2	1	1
297	950	45	48	1	4	1
298	209	49	52	1	1	1
299	492	21	22	2	2	3
300	79	12	15	1	3	3
301	640	67	68	1	4	1
302	658	70	73	2	3	3
303	35	22	24	1	1	2
304	1763	6	9	1	4	2
305	558	16	18	3	1	1
306	1202	39	41	2	1	1
307	2157	68	69	1	3	1
308	639	33	34	1	4	2
309	1989	58	61	2	1	2
310	1891	7	8	3	3	3
311	1067	70	71	2	4	1
312	86	1	2	1	2	1
313	1013	56	57	2	4	1
314	510	56	58	3	2	2
315	1391	16	19	1	1	2
316	1271	41	43	1	2	3
317	458	11	12	2	1	2
318	188	44	46	3	1	1
319	618	60	63	1	3	1
320	1921	32	33	3	1	2
321	909	54	57	1	1	2
322	758	2	3	1	3	1
323	494	55	58	1	4	2
324	2128	60	63	3	2	3
325	35	12	15	1	2	1
326	1034	73	74	1	2	2
327	1607	12	13	2	1	1
328	57	21	23	3	2	1
329	1481	12	15	3	4	3
330	81	27	30	2	4	2
331	738	19	22	2	4	2
332	556	59	60	1	2	3
333	653	48	51	3	3	2
334	550	3	5	1	4	1
335	701	10	11	1	3	3
336	419	44	47	3	1	2
337	805	41	42	3	4	2
338	1201	8	10	1	1	2
339	23	50	53	3	4	2
340	387	6	7	2	3	2
341	1133	21	22	2	1	1
342	1074	57	59	3	3	3
343	1819	27	29	1	3	2
344	1552	48	49	1	4	2
345	419	57	59	1	2	2
346	1251	45	48	3	3	2
347	230	6	9	1	3	3
348	504	37	38	1	2	3
349	1555	62	64	2	2	1
350	1808	23	25	2	3	2
351	688	27	29	3	4	1
352	282	19	20	3	1	2
353	1115	13	15	3	1	1
354	190	56	57	2	4	3
355	555	1	2	3	3	1
356	275	71	72	2	2	2
357	1953	2	5	2	1	1
358	1327	54	57	3	4	1
359	962	59	61	3	3	3
360	2014	39	40	2	4	1
361	2026	56	59	3	1	1
362	194	32	35	2	3	1
363	1210	4	5	3	3	1
364	1655	36	39	2	4	1
365	1215	40	43	2	2	3
366	1870	42	44	3	4	1
367	1206	24	25	1	3	1
368	1193	15	16	3	1	1
369	1511	39	41	2	3	2
370	1980	35	37	1	1	1
371	1388	24	26	3	4	1
372	2136	9	12	3	1	2
373	154	34	35	2	4	2
374	899	17	18	2	4	2
375	48	53	56	1	3	2
376	1300	55	58	2	3	1
377	1584	48	50	1	2	1
378	1707	4	6	3	1	2
379	1620	42	45	2	4	2
380	170	54	56	2	1	1
381	2124	55	58	3	2	3
382	369	20	23	3	3	3
383	305	53	56	2	3	2
384	219	15	18	2	3	1
385	1079	53	56	1	1	1
386	305	63	64	1	2	2
387	530	40	42	2	4	1
388	2035	10	13	1	4	2
389	1149	48	49	2	3	2
390	1132	66	68	1	4	1
391	115	6	9	3	4	1
392	308	25	28	1	1	1
393	1880	14	17	1	4	3
394	393	17	18	1	1	2
395	1898	33	34	1	4	1
396	86	40	42	2	4	2
397	1799	56	57	2	4	3
398	1148	31	33	1	2	2
399	351	12	15	1	3	2
400	2137	29	31	2	1	1
401	1558	28	31	3	2	3
402	731	49	51	2	1	1
403	498	9	10	2	4	1
404	1404	60	62	2	4	2
405	1381	61	62	2	4	3
406	752	71	72	3	2	3
407	1661	64	67	1	3	3
408	870	27	28	1	2	2
409	621	37	40	1	1	2
410	1048	48	51	3	3	3
411	1904	40	42	2	3	2
412	211	19	21	2	4	2
413	431	62	64	3	2	2
414	1174	30	32	3	4	2
415	1221	39	40	1	1	2
416	2101	26	28	3	3	1
417	1610	21	24	3	2	3
418	476	11	12	1	3	2
419	2073	47	50	3	2	2
420	765	35	37	3	4	3
421	1921	68	69	2	4	2
422	261	71	74	1	1	2
423	584	40	43	3	1	1
424	1064	32	35	3	3	2
425	121	19	22	2	1	1
426	1918	43	45	2	3	1
427	884	37	40	1	3	3
428	438	64	66	3	1	1
429	151	4	7	1	4	2
430	504	17	18	2	3	1
431	496	39	42	1	3	3
432	427	58	61	1	4	1
433	642	14	16	1	4	3
434	41	17	20	1	4	3
435	779	58	61	2	3	1
436	364	8	11	2	4	3
437	905	56	58	2	3	2
438	1540	57	58	2	2	3
439	926	67	70	2	2	1
440	1936	60	62	2	3	3
441	1590	43	45	3	1	2
442	1158	67	69	1	2	1
443	2060	46	48	2	2	3
444	2025	23	26	2	4	3
445	1488	27	29	3	4	1
446	1778	55	57	3	2	1
447	209	34	35	3	2	3
448	2063	10	12	3	1	1
449	1362	53	56	3	2	3
450	740	66	67	3	2	2
451	429	7	9	3	3	3
452	1937	28	31	2	3	2
453	1678	18	21	2	3	3
454	936	20	22	1	2	2
455	253	4	6	2	4	3
456	1277	32	33	2	1	2
457	706	9	11	2	2	3
458	1982	21	22	2	2	2
459	963	1	4	3	4	3
460	1860	11	14	2	3	2
461	564	50	53	3	4	1
462	892	5	8	3	2	2
463	1893	40	42	1	2	3
464	462	3	5	3	2	3
465	1828	52	54	2	4	1
466	70	18	20	3	4	3
467	1188	16	17	3	1	2
468	1820	18	19	2	4	2
469	1583	61	63	3	2	2
470	1629	4	6	3	4	3
471	1542	63	64	2	1	1
472	1949	46	49	2	2	2
473	463	16	17	3	3	3
474	1062	53	56	2	4	2
475	240	66	69	1	2	1
476	1061	3	5	3	3	2
477	1000	46	49	2	2	3
478	1891	44	45	1	3	2
479	1169	51	53	3	1	1
480	581	4	7	1	4	2
481	1266	14	17	2	2	2
482	571	48	49	1	1	1
483	843	18	19	3	2	3
484	1944	59	62	2	3	3
485	1090	46	47	1	1	1
486	375	6	9	1	3	1
487	2118	16	18	3	2	3
488	986	6	9	3	4	1
489	183	55	56	3	1	2
490	184	12	13	1	2	1
491	522	32	34	2	1	2
492	991	9	11	3	1	1
493	1504	20	22	2	2	1
494	1721	3	5	3	2	3
495	969	24	27	1	2	1
496	712	14	17	3	4	2
497	41	9	12	2	2	1
498	1373	24	25	3	3	2
499	961	5	6	2	3	2
500	301	6	8	2	3	1
501	481	40	41	3	2	3
502	752	38	40	1	4	3
503	552	46	49	1	4	1
504	1547	43	46	2	4	1
505	684	16	17	2	4	3
506	1329	59	61	3	3	2
507	1863	70	71	3	3	3
508	1101	13	14	2	4	1
509	248	19	21	3	1	1
510	72	57	59	1	2	2
511	15	56	59	1	3	1
512	337	68	71	1	3	2
513	994	45	47	1	2	1
514	409	45	47	3	1	1
515	1326	54	57	3	3	1
516	388	37	40	1	3	3
517	517	20	21	3	1	1
518	1111	66	69	2	3	2
519	1887	5	6	3	4	2
520	2022	26	28	3	3	2
521	908	18	19	3	1	1
522	1493	13	14	1	1	2
523	400	66	69	2	2	2
524	1640	26	29	2	3	1
525	394	59	60	2	1	1
526	2030	18	19	2	1	2
527	1467	13	16	2	1	2
528	1314	12	15	2	1	1
529	1679	15	17	3	3	1
530	1643	18	21	1	1	1
531	1342	34	36	3	1	2
532	1163	18	21	3	1	2
533	435	58	60	1	3	3
534	2120	23	24	1	1	2
535	782	28	31	3	2	1
536	1633	50	51	1	1	1
537	1462	52	54	1	1	2
538	61	24	26	1	4	1
539	2051	41	43	3	3	2
540	1696	61	63	2	3	1
541	1656	18	19	1	4	3
542	1205	21	24	3	1	2
543	525	57	58	3	2	3
544	1929	43	45	1	1	1
545	2150	37	38	2	2	3
546	297	47	49	2	1	2
547	246	30	32	3	1	1
548	1613	69	70	3	1	1
549	1228	30	32	2	2	2
550	256	7	10	1	2	1
551	284	14	16	3	1	2
552	1877	59	60	3	4	2
553	354	56	58	2	4	3
554	1106	8	9	2	1	2
555	652	6	8	3	3	2
556	2052	4	5	1	3	1
557	1576	65	67	2	4	1
558	1899	63	66	3	2	2
559	2069	50	52	1	2	2
560	19	61	63	1	2	1
561	181	70	73	2	1	2
562	871	12	15	3	1	1
563	47	8	10	1	4	3
564	96	65	68	3	1	2
565	1732	49	51	2	4	1
566	1185	18	20	2	2	2
567	1548	6	9	2	2	2
568	866	21	24	3	4	2
569	685	47	49	1	4	2
570	274	1	3	3	1	2
571	1050	24	27	3	3	3
572	771	47	48	2	1	1
573	107	35	37	1	2	2
574	489	22	24	2	4	3
575	1376	46	48	2	1	2
576	1007	21	24	3	4	2
577	1119	20	21	2	1	1
578	439	73	74	1	4	3
579	1417	43	45	2	2	3
580	1612	45	48	1	2	2
581	1897	68	70	2	2	1
582	697	46	49	2	2	1
583	224	62	63	3	1	2
584	109	22	23	3	4	2
585	332	36	39	2	4	1
586	1150	70	73	2	3	1
587	171	48	51	1	3	1
588	545	61	63	1	2	2
589	734	22	24	3	4	1
590	1020	31	34	3	4	2
591	1410	69	72	2	1	2
592	538	56	59	3	4	1
593	1062	11	13	2	2	3
594	210	13	15	2	2	3
595	865	69	71	1	3	3
596	912	8	10	1	2	2
597	2001	30	31	1	3	3
598	2022	69	72	1	4	1
599	365	70	72	2	1	1
600	1303	32	34	3	3	2
601	1410	67	68	3	4	2
602	1469	30	33	3	2	3
603	1456	32	33	3	1	1
604	1021	68	69	2	2	3
605	2114	55	57	2	1	2
606	1121	35	38	2	2	3
607	125	33	35	2	3	2
608	967	56	57	3	3	2
609	1537	49	51	3	2	2
610	719	33	36	3	2	1
611	804	4	7	1	3	1
612	1675	63	66	2	1	1
613	24	31	33	2	4	2
614	532	33	35	2	2	3
615	1823	42	44	2	3	2
616	129	43	44	3	2	1
617	1694	52	55	2	1	2
618	597	45	48	2	1	2
619	385	14	16	2	4	2
620	1631	8	10	3	3	2
621	461	16	18	2	2	2
622	1948	16	17	1	1	1
623	131	38	40	1	3	2
624	1624	26	29	1	2	1
625	1153	71	74	1	2	1
626	662	3	4	2	3	1
627	949	41	42	3	1	1
628	279	61	63	2	3	2
629	331	5	8	2	2	3
630	1045	1	3	2	3	2
631	1971	39	42	3	3	3
632	1043	65	66	1	1	1
633	2006	8	9	3	2	3
634	947	60	62	1	3	1
635	717	30	33	1	2	3
636	2083	45	46	2	4	2
637	774	28	31	3	1	1
638	1609	24	27	2	2	3
639	957	6	9	2	4	3
640	466	28	31	2	4	3
641	2145	47	48	3	3	1
642	888	35	37	3	1	2
643	2097	54	55	2	3	3
644	2149	3	6	3	1	2
645	1562	22	25	1	2	2
646	1760	60	61	2	2	2
647	346	39	40	1	2	1
648	426	12	13	3	1	2
649	611	10	11	3	3	1
650	1033	14	16	2	1	1
651	1594	61	64	2	3	3
652	570	28	31	2	4	1
653	1830	71	72	3	4	1
654	2040	27	28	3	3	1
655	1856	55	57	2	4	2
656	291	35	37	1	4	3
657	1793	64	66	1	2	3
658	119	9	12	3	3	3
659	1826	11	12	2	1	2
660	2140	39	40	2	3	3
661	1039	6	9	1	4	1
662	1969	56	58	2	3	1
663	803	6	9	2	3	3
664	1916	57	59	2	3	3
665	1825	57	58	3	4	1
666	1403	23	25	3	1	2
667	1836	37	40	2	2	1
668	1739	25	27	3	3	2
669	805	2	3	3	3	3
670	1024	63	65	1	2	2
671	1270	21	22	1	4	1
672	1141	36	39	2	1	2
673	1967	8	10	1	3	1
674	12	28	30	3	1	2
675	867	52	54	3	4	1
676	1401	5	8	1	4	2
677	1801	59	60	2	2	1
678	827	37	39	3	4	2
679	445	23	26	3	3	1
680	1685	40	42	3	1	2
681	1136	17	18	3	1	1
682	946	49	50	2	4	3
683	1330	33	34	3	4	3
684	457	24	27	2	3	2
685	1344	21	22	1	1	1
686	8	60	62	1	3	2
687	1956	40	42	1	1	2
688	1988	2	3	1	1	2
689	1596	4	6	2	4	3
690	2018	13	16	2	3	3
691	1701	58	59	2	2	3
692	553	43	44	2	3	3
693	1589	18	19	2	4	3
694	2059	17	19	3	1	1
695	1512	3	6	1	3	2
696	591	24	25	1	1	2
697	168	13	14	3	4	3
698	1104	14	15	2	2	3
699	110	42	43	1	4	2
700	242	58	59	2	3	2
701	1438	71	72	1	3	2
702	623	18	19	2	2	1
703	1477	55	57	2	4	2
704	1552	27	28	1	1	1
705	911	32	35	2	2	3
706	1015	39	40	2	3	3
707	1807	70	71	2	2	1
708	1648	55	57	3	3	2
709	1792	70	72	3	4	2
710	520	66	69	2	2	3
711	1523	13	16	3	1	2
712	1259	59	62	2	4	3
713	245	10	12	2	1	1
714	324	19	20	3	2	3
715	1592	5	8	3	3	2
716	234	52	55	2	3	2
717	1319	24	25	3	1	1
718	818	47	49	1	4	3
719	1693	31	32	2	1	2
720	2013	17	18	1	3	1
721	1344	5	6	1	2	1
722	1668	11	14	2	2	3
723	1428	65	66	2	3	2
724	1208	70	71	3	4	3
725	1172	38	40	2	4	2
726	2109	43	44	3	3	3
727	1829	28	31	2	3	3
728	2141	64	67	1	1	2
729	1947	26	28	3	4	3
730	1545	11	12	2	3	2
731	173	40	41	3	2	1
732	575	63	65	2	2	2
733	291	21	24	2	2	3
734	2013	41	42	1	2	3
735	930	25	27	3	4	3
736	2095	50	51	3	3	1
737	1687	15	16	1	2	3
738	2078	12	13	1	1	2
739	631	21	23	3	1	1
740	2089	63	66	1	2	3
741	1586	58	61	3	4	3
742	2000	55	57	2	1	2
743	649	25	27	1	2	3
744	747	24	27	3	2	1
745	704	37	39	2	1	2
746	313	5	6	2	2	1
747	646	38	39	2	2	1
748	469	66	67	3	3	3
749	420	17	19	3	2	2
750	1745	50	52	1	2	2
751	20	12	14	3	3	2
752	616	50	52	3	2	3
753	2093	1	3	3	2	1
754	1630	29	31	1	4	3
755	839	58	61	3	2	3
756	1220	52	53	3	3	3
757	206	42	45	2	1	1
758	1295	37	39	3	2	3
759	466	22	25	1	2	1
760	142	20	21	1	4	1
761	844	41	44	2	4	3
762	1082	67	70	1	1	2
763	1240	7	10	1	4	2
764	289	35	36	3	4	3
765	1771	66	68	1	4	3
766	1288	6	7	2	3	3
767	437	11	14	3	1	1
768	1005	20	23	3	2	2
769	1245	61	64	2	4	2
770	1600	42	45	3	1	1
771	99	37	40	2	4	2
772	627	49	52	2	3	1
773	989	23	25	3	4	2
774	1091	65	66	2	4	3
775	569	6	8	3	3	3
776	1603	46	49	2	4	2
777	1883	3	6	2	3	1
778	864	3	6	1	2	3
779	773	65	68	1	3	1
780	358	33	35	1	3	2
781	841	35	38	2	1	1
782	13	2	4	3	2	3
783	1626	18	21	3	1	1
784	1093	30	32	1	3	1
785	1353	69	70	2	2	3
786	1411	42	43	1	4	1
787	2152	45	48	2	4	2
788	1741	62	65	3	2	3
789	1656	61	64	3	3	1
790	152	53	54	2	1	2
791	1556	16	17	3	1	2
792	784	2	3	2	1	2
793	615	42	45	2	4	2
794	317	68	71	3	4	2
795	549	48	49	1	4	2
796	285	29	31	3	1	1
797	148	53	55	2	4	2
798	411	19	21	1	4	2
799	1419	9	12	2	2	3
800	1336	66	69	2	3	1
801	296	5	8	2	1	2
802	792	64	65	3	1	1
803	789	44	46	1	2	3
804	202	38	40	3	2	3
805	781	18	19	3	2	2
806	1767	44	47	2	2	2
807	1574	11	14	2	4	3
808	31	8	11	1	3	2
809	1070	24	27	1	2	3
810	1444	58	59	2	4	3
811	746	39	40	1	2	3
812	1516	17	18	3	1	2
813	850	8	11	3	4	3
814	908	55	58	2	4	1
815	682	69	72	1	1	2
816	1071	3	5	3	3	2
817	211	71	73	1	1	1
818	585	34	36	3	1	2
819	2004	22	25	3	4	3
820	202	3	5	3	1	2
821	1154	14	16	2	1	2
822	399	49	50	1	4	3
823	1108	62	65	3	1	2
824	599	14	16	1	4	2
825	456	8	10	2	4	2
826	295	10	12	2	1	1
827	1667	66	69	3	2	2
828	1802	60	63	3	4	1
829	890	24	26	1	1	2
830	2099	45	47	2	2	2
831	1085	11	12	3	2	1
832	1414	36	37	3	3	2
833	306	20	23	2	2	1
834	793	48	50	2	3	3
835	130	49	52	1	1	1
836	747	40	43	2	4	1
837	628	1	2	2	4	2
838	402	7	10	1	3	3
839	416	26	27	2	1	1
840	1302	31	33	1	2	3
841	1972	11	13	1	1	2
842	1054	63	64	3	2	2
843	1003	56	57	2	1	1
844	1234	56	57	3	3	3
845	557	14	15	2	3	1
846	1730	18	19	2	2	3
847	686	31	32	2	1	1
848	169	6	7	1	3	3
849	1492	58	61	3	3	2
850	1954	67	69	2	2	1
851	192	20	21	3	2	1
852	1773	22	23	3	2	2
853	247	18	20	3	4	3
854	450	61	62	2	2	1
855	1085	51	53	1	1	1
856	1688	9	10	3	1	2
857	878	9	10	2	2	3
858	1845	13	16	1	2	1
859	1997	1	4	3	1	1
860	158	62	64	1	2	1
861	134	31	33	1	3	2
862	243	4	5	3	4	3
863	824	29	32	3	1	2
864	1239	24	25	3	2	3
865	373	13	16	3	2	1
866	1525	39	42	1	2	1
867	497	34	35	1	3	2
868	2121	66	68	1	1	2
869	1536	26	27	1	4	3
870	1582	55	58	3	3	1
871	832	45	46	2	2	1
872	710	49	52	3	1	1
873	323	69	72	2	4	1
874	1960	43	45	2	2	1
875	654	2	5	1	3	3
876	1019	18	21	3	2	1
877	1565	1	2	2	1	2
878	1304	57	58	1	3	1
879	1821	27	28	3	4	3
880	1974	62	64	1	3	3
881	927	5	8	1	3	1
882	1126	31	34	3	1	1
883	483	14	15	1	1	2
884	876	25	26	3	2	2
885	1669	53	56	3	1	1
886	1429	43	46	3	2	1
887	1212	19	22	2	3	1
888	673	42	43	2	1	2
889	1004	6	7	1	4	3
890	502	70	71	2	3	1
891	1142	57	60	2	4	3
892	499	26	27	2	3	1
893	1415	49	50	2	4	2
894	859	37	38	2	2	1
895	1652	61	62	2	3	1
896	1184	47	48	3	3	3
897	93	24	26	3	1	2
898	2158	13	16	2	4	3
899	1729	61	62	1	2	2
900	2009	23	24	2	4	2
901	63	10	11	1	4	3
902	172	62	63	3	1	1
903	42	35	37	3	3	2
904	1915	33	36	1	4	2
905	1766	18	21	3	3	3
906	1219	3	6	2	3	3
907	1780	43	46	1	4	1
908	536	15	17	2	2	3
909	84	70	71	1	4	3
910	2155	9	10	1	1	1
911	1452	52	55	1	2	3
912	114	55	57	1	3	3
913	65	56	58	2	4	1
914	1815	14	15	2	3	2
915	1450	44	45	2	2	3
916	1834	22	25	1	3	2
917	1333	2	4	3	3	2
918	1670	25	28	1	4	3
919	1938	56	59	1	3	3
920	423	68	70	2	4	1
921	1769	32	34	2	3	1
922	1271	32	33	2	2	3
923	1130	25	27	2	4	3
924	1255	66	68	3	2	1
925	1525	32	34	3	3	2
926	368	7	9	1	1	1
927	244	51	52	3	1	1
928	1144	39	42	3	1	1
929	1343	5	6	2	3	1
930	1959	59	61	2	3	2
931	1234	70	71	1	3	3
932	152	45	48	2	3	3
933	1078	43	45	2	3	3
934	198	7	9	2	2	1
935	1485	28	29	3	4	2
936	304	21	24	3	1	1
937	579	51	54	2	3	2
938	742	39	41	2	1	1
939	1011	37	39	2	4	1
940	1546	3	4	3	2	3
941	1517	50	52	2	4	2
942	2073	28	31	1	1	1
943	1460	68	69	1	1	1
944	1006	68	70	2	4	2
945	1888	61	63	3	2	3
946	2067	67	68	3	1	1
947	2148	70	72	3	1	2
948	2087	51	52	3	3	3
949	408	20	22	3	3	1
950	1699	38	40	3	4	1
951	17	68	69	2	4	2
952	1144	5	6	2	1	1
953	205	42	43	3	4	3
954	381	13	14	1	4	2
955	917	4	5	1	1	2
956	1950	25	28	1	1	2
957	59	31	32	3	4	3
958	82	45	46	1	2	3
959	678	42	44	2	4	3
960	1622	5	7	3	3	3
961	1198	27	30	1	2	3
962	1224	26	27	2	2	1
963	432	2	4	1	4	1
964	1507	57	58	3	3	2
965	482	33	36	2	4	3
966	148	26	28	2	4	3
967	643	29	31	3	3	3
968	1325	43	45	3	2	1
969	497	50	53	2	2	1
970	1798	72	73	2	3	2
971	2027	45	46	2	4	2
972	764	58	60	2	4	2
973	98	27	29	2	2	3
974	906	52	54	3	1	2
975	2023	38	39	1	1	2
976	30	39	40	3	1	1
977	596	11	12	1	3	3
978	503	16	17	2	1	1
979	715	27	28	3	4	1
980	58	13	16	1	1	2
981	1882	41	44	3	1	2
982	744	24	26	3	4	3
983	1848	41	44	3	2	3
984	22	49	51	3	2	2
985	1160	15	17	1	3	1
986	132	63	64	3	3	3
987	1670	41	42	2	4	3
988	1012	41	43	1	2	2
989	1275	54	57	3	1	2
990	576	50	51	2	3	1
991	787	12	14	1	2	3
992	139	66	68	1	2	2
993	879	25	28	3	4	1
994	1092	11	14	2	1	2
995	1474	15	18	3	4	2
996	1606	54	55	2	1	2
997	520	32	35	1	1	1
998	1662	67	69	1	2	3
999	1037	22	23	1	1	2
1000	1352	65	67	3	1	1
1001	328	37	40	3	2	3
1002	1642	50	51	3	1	2
1003	1907	64	66	2	3	1
1004	1619	19	21	3	1	1
1005	925	51	54	3	2	3
1006	1173	53	55	3	4	2
1007	1473	10	13	3	2	1
1008	523	5	6	2	3	3
1009	263	51	54	3	3	1
1010	598	40	43	3	2	1
1011	1862	27	28	1	2	2
1012	1173	25	26	1	1	1
1013	1532	12	13	3	4	1
1014	1875	27	29	2	1	2
1015	1236	23	25	3	1	1
1016	1975	27	29	1	2	1
1017	1487	62	63	2	3	2
1018	2061	45	48	1	4	2
1019	1109	4	6	2	4	2
1020	54	48	50	3	1	1
1021	1127	55	56	1	2	1
1022	1291	64	66	1	4	1
1023	414	35	38	3	2	2
1024	713	5	7	3	1	2
1025	135	11	13	2	4	1
1026	2012	5	6	1	3	2
1027	361	21	23	3	3	2
1028	2057	54	55	3	4	1
1029	1850	4	6	2	2	1
1030	288	23	24	1	2	3
1031	814	40	42	2	3	1
1032	2033	62	65	2	1	2
1033	1102	7	9	2	2	1
1034	1427	49	52	1	3	2
1035	2106	30	33	1	2	2
1036	1641	44	47	2	1	2
1037	1621	3	4	2	3	2
1038	1491	45	46	1	3	2
1039	1100	18	20	2	3	2
1040	2134	9	10	1	4	3
1041	535	32	35	2	1	1
1042	509	64	66	1	2	1
1043	1917	25	27	3	1	1
1044	1780	1	4	2	1	1
1045	83	31	33	1	2	2
1046	95	34	35	3	2	1
1047	2100	5	7	2	2	1
1048	525	19	20	2	3	2
1049	1348	40	43	2	1	2
1050	1422	6	9	1	1	1
1051	972	62	65	1	2	3
1052	1566	59	60	3	2	3
1053	1958	59	62	1	2	2
1054	294	54	56	1	4	2
1055	1032	68	71	3	2	3
1056	1233	7	8	2	4	1
1057	7	35	37	2	2	2
1058	91	37	38	1	1	1
1059	150	38	39	2	4	2
1060	826	19	22	2	1	1
1061	1817	44	45	2	2	1
1062	990	44	45	1	2	1
1063	2060	42	45	3	3	3
1064	1135	28	31	1	4	1
1065	716	6	7	2	1	1
1066	362	16	18	2	2	1
1067	1080	1	2	3	3	1
1068	260	10	13	2	3	3
1069	1366	63	64	2	4	1
1070	794	31	33	2	1	1
1071	1593	28	29	2	2	1
1072	668	53	54	3	2	1
1073	1698	46	49	1	1	1
1074	1570	18	21	2	1	1
1075	1465	46	47	3	4	1
1076	1894	69	72	1	3	3
1077	1691	68	70	2	1	1
1078	995	48	50	1	3	1
1079	341	61	63	3	1	2
1080	1099	15	16	1	3	3
1081	1299	4	7	2	4	3
1082	90	4	7	3	3	3
1083	675	72	73	1	4	3
1084	1805	30	32	3	2	2
1085	1455	3	6	2	4	3
1086	1474	69	72	3	2	3
1087	29	69	72	2	1	2
1088	943	50	53	2	1	2
1089	778	12	14	2	3	3
1090	94	62	63	2	1	2
1091	1446	57	60	3	2	2
1092	1235	19	22	3	2	1
1093	633	47	49	1	3	3
1094	1155	29	31	3	3	2
1095	1036	8	10	3	2	2
1096	159	30	32	1	1	1
1097	940	69	70	1	1	1
1098	1063	10	13	1	4	3
1099	1306	38	40	3	1	2
1100	1729	43	45	3	1	2
1101	2062	36	37	3	3	2
1102	1556	42	45	3	4	3
1103	720	12	14	3	2	3
1104	941	71	73	2	3	3
1105	329	42	43	2	3	2
1106	724	2	3	1	2	3
1107	553	1	4	2	4	2
1108	988	58	60	1	3	1
1109	1947	28	29	3	1	2
1110	25	12	15	2	3	1
1111	1695	42	44	3	2	1
1112	1209	37	38	2	3	1
1113	1498	40	42	3	4	2
1114	104	49	52	3	1	1
1115	1796	4	6	2	4	1
1116	838	67	68	1	2	2
1117	2059	20	22	3	2	2
1118	968	59	60	1	2	2
1119	2105	41	42	2	1	1
1120	1605	32	33	1	4	3
1121	1480	38	41	2	4	1
1122	1297	51	53	1	1	2
1123	875	22	24	2	4	2
1124	2079	29	32	3	2	2
1125	1855	50	53	1	1	1
1126	845	38	40	1	1	2
1127	1231	22	23	3	2	2
1128	1970	25	27	2	1	2
1129	541	56	59	3	4	3
1130	1199	70	73	2	1	2
1131	1724	5	6	3	2	1
1132	481	31	33	2	2	1
1133	527	59	61	3	3	2
1134	316	31	34	2	2	2
1135	1233	37	39	2	1	1
1136	821	5	8	2	2	1
1137	1470	45	47	3	3	1
1138	1164	25	26	1	4	2
1139	2046	60	61	1	4	1
1140	748	18	20	2	2	1
1141	1638	52	55	1	3	3
1142	231	63	65	2	4	1
1143	1942	45	48	2	2	2
1144	980	49	51	2	1	2
1145	1895	53	56	2	1	2
1146	1001	10	12	3	1	1
1147	1966	35	36	3	4	1
1148	1463	15	17	2	2	2
1149	180	63	65	1	3	2
1150	2102	45	46	2	2	3
1151	544	57	59	3	3	1
1152	922	23	25	3	1	2
1153	451	61	64	2	4	1
1154	1884	27	28	3	4	3
1155	2129	40	41	1	1	2
1156	775	17	19	3	1	1
1157	891	9	10	2	3	1
1158	1250	54	57	3	2	1
1159	2122	55	57	3	4	2
1160	796	38	41	2	4	3
1161	1244	16	18	3	4	3
1162	75	56	57	1	2	1
1163	1748	33	36	1	2	3
1164	1307	14	17	2	4	3
1165	795	68	69	2	1	1
1166	668	40	41	2	3	3
1167	410	29	31	3	4	1
1168	1298	49	50	1	4	3
1169	1072	41	42	2	4	1
1170	1479	70	71	3	2	2
1171	357	60	62	1	1	2
1172	1539	10	11	2	4	2
1173	896	10	12	2	1	1
1174	1773	39	42	3	3	3
1175	583	34	35	1	3	1
1176	1114	3	5	1	4	1
1177	1453	55	56	1	3	1
1178	945	58	59	1	1	2
1179	1246	52	55	1	2	3
1180	325	52	54	2	1	2
1181	1331	64	65	3	4	2
1182	1337	10	12	1	4	1
1183	2075	52	55	2	2	2
1184	1694	3	6	1	4	1
1185	2091	3	5	1	1	1
1186	430	10	13	3	3	2
1187	1992	24	26	1	3	1
1188	1383	15	17	3	3	3
1189	235	70	71	2	4	1
1190	2146	40	42	2	2	3
1191	389	47	49	2	3	3
1192	1930	35	38	1	1	2
1193	1384	38	39	1	4	3
1194	465	5	7	2	1	1
1195	665	33	36	1	3	2
1196	280	18	19	3	4	1
1197	1998	70	72	2	1	1
1198	1630	71	74	1	2	1
1199	1610	65	68	2	4	1
1200	21	58	61	3	1	1
1201	1359	45	48	3	4	2
1202	47	5	7	2	3	2
1203	1598	29	30	3	3	2
1204	1500	4	5	3	4	1
1205	1161	69	70	2	1	1
1206	2081	62	63	1	1	1
1207	1443	16	19	3	2	3
1208	1309	44	46	1	1	1
1209	1069	35	37	3	1	1
1210	6	22	24	2	4	2
1211	220	31	32	2	4	3
1212	1131	11	13	3	4	3
1213	311	56	57	3	1	2
1214	1753	66	67	1	3	1
1215	1765	33	35	3	2	3
1216	833	11	13	3	3	1
1217	1520	31	34	1	4	2
1218	1827	13	15	3	4	1
1219	2045	30	31	3	4	1
1220	1617	64	67	2	3	2
1221	960	59	60	1	2	3
1222	18	57	60	2	4	2
1223	2142	37	40	1	1	1
1224	1616	3	4	1	1	2
1225	1243	35	38	1	1	2
1226	1754	54	55	2	2	1
1227	775	43	44	1	3	3
1228	204	50	51	1	4	1
1229	1281	24	26	2	1	1
1230	1499	37	39	3	4	3
1231	563	8	10	2	4	2
1232	143	2	3	3	2	1
1233	2076	70	72	2	2	2
1234	1238	55	56	1	4	2
1235	1312	59	61	3	2	1
1236	484	52	53	1	3	3
1237	766	20	22	3	2	3
1238	321	29	32	1	4	1
1239	1120	41	43	3	4	3
1240	1031	35	38	2	2	3
1241	895	30	33	1	4	1
1242	1650	39	41	1	3	3
1243	992	71	72	2	3	2
1244	1049	23	26	2	3	1
1245	309	58	59	3	2	2
1246	1171	19	20	2	1	2
1247	1727	50	52	2	3	3
1248	1756	39	42	3	3	3
1249	730	62	64	2	3	1
1250	1531	40	43	1	1	2
1251	1846	50	51	3	1	1
1252	1733	57	58	3	1	1
1253	54	43	45	3	3	2
1254	1066	53	54	1	3	3
1255	222	28	31	3	1	1
1256	453	50	53	1	1	1
1257	207	31	32	1	4	3
1258	855	63	64	1	2	3
1259	1256	41	44	1	2	2
1260	1777	39	41	1	1	1
1261	2029	70	72	1	3	1
1262	2070	7	9	1	1	1
1263	1285	45	46	1	2	3
1264	685	40	43	2	3	2
1265	1192	5	8	1	1	1
1266	1077	25	28	2	1	2
1267	1419	10	11	2	3	1
1268	932	36	39	2	4	2
1269	386	7	8	3	2	1
1270	847	38	41	1	4	3
1271	1553	62	63	2	2	1
1272	336	58	61	3	3	3
1273	924	42	45	2	2	1
1274	1223	57	60	1	3	1
1275	2065	11	12	3	3	3
1276	1680	40	43	1	4	2
1277	2062	41	44	2	3	1
1278	146	28	30	2	2	2
1279	118	20	23	2	3	1
1280	1782	26	27	2	2	1
1281	1497	66	68	2	3	1
1282	902	27	29	1	3	3
1283	2037	5	8	2	1	1
1284	707	54	57	2	1	2
1285	1159	69	72	2	2	3
1286	1196	54	56	1	1	1
1287	931	66	67	2	1	1
1288	877	67	70	3	4	2
1289	929	70	73	1	2	3
1290	658	6	8	2	3	2
1291	370	50	52	1	4	2
1292	1413	47	50	2	4	2
1293	998	39	41	2	4	1
1294	1700	43	46	3	4	3
1295	1170	19	22	3	1	1
1296	378	48	49	2	4	2
1297	162	2	3	1	4	3
1298	794	41	43	1	4	3
1299	739	41	42	3	4	1
1300	1636	17	18	1	3	3
1301	573	2	4	3	3	1
1302	1068	5	8	3	1	2
1303	530	18	19	3	2	3
1304	1548	59	61	2	4	3
1305	395	5	8	1	1	2
1306	816	32	35	1	3	1
1307	1986	57	60	2	4	2
1308	833	29	32	1	4	1
1309	1908	13	15	1	4	1
1310	1985	14	16	3	2	2
1311	955	57	58	1	1	2
1312	783	68	70	1	3	1
1313	1505	38	40	3	3	2
1314	2022	21	22	2	3	3
1315	1846	20	23	2	1	2
1316	1811	57	58	2	1	1
1317	1374	49	52	1	2	2
1318	1038	55	56	3	4	2
1319	2030	65	67	2	4	3
1320	442	67	70	3	4	1
1321	1449	67	68	3	4	1
1322	1405	53	56	3	4	2
1323	1284	27	30	1	2	1
1324	1999	3	5	3	2	3
1325	828	70	72	3	4	3
1326	551	28	29	2	2	1
1327	559	63	64	2	2	3
1328	1849	68	70	3	2	3
1329	1393	68	71	2	1	2
1330	952	46	48	1	1	1
1331	1816	41	44	2	1	1
1332	413	55	58	2	4	3
1333	2038	29	30	3	3	1
1334	1187	58	60	1	1	2
1335	2072	44	46	1	2	3
1336	1782	38	41	3	2	1
1337	1318	65	68	3	1	1
1338	269	14	17	3	3	3
1339	1893	64	65	3	2	3
1340	1194	40	42	3	3	3
1341	862	49	51	3	3	2
1342	777	34	35	2	1	1
1343	948	8	11	1	4	3
1344	1770	49	52	1	3	3
1345	2126	71	74	1	3	3
1346	583	36	39	1	1	2
1347	1412	68	71	3	2	1
1348	1952	37	40	1	1	2
1349	69	51	54	2	2	1
1350	511	9	10	3	4	1
1351	1513	39	40	2	3	1
1352	487	20	22	1	4	1
1353	1992	53	56	1	3	2
1354	1893	18	20	3	1	2
1355	1832	56	59	3	3	3
1356	849	18	20	2	2	1
1357	73	6	8	3	1	1
1358	1140	44	47	2	2	3
1359	1042	22	24	3	3	1
1360	1317	46	49	2	3	2
1361	1370	40	43	2	3	2
1362	1394	49	50	3	3	3
1363	1387	13	16	2	3	1
1364	756	23	26	1	3	2
1365	1087	36	39	2	2	2
1366	1559	58	61	2	4	1
1367	1155	1	4	3	2	3
1368	754	36	39	2	1	1
1369	1933	4	5	1	4	1
1370	913	5	7	3	4	1
1371	920	34	36	3	4	1
1372	1135	15	17	3	2	1
1373	213	8	10	1	2	2
1374	547	1	4	2	1	1
1375	449	60	61	3	1	2
1376	698	60	63	2	1	2
1377	307	14	17	3	3	2
1378	1275	8	9	3	4	3
1379	1044	4	7	2	3	1
1380	1609	39	40	1	1	2
1381	1983	20	21	3	3	1
1382	398	70	72	2	4	3
1383	1181	37	40	2	4	1
1384	387	40	43	2	3	1
1385	893	6	7	1	1	2
1386	390	37	38	2	1	1
1387	1690	64	67	3	3	1
1388	208	45	48	3	1	2
1389	1023	18	19	3	3	3
1390	2053	50	53	3	3	3
1391	512	6	7	3	3	3
1392	140	67	69	1	2	1
1393	2056	36	39	3	2	1
1394	367	66	68	2	3	1
1395	1563	2	3	1	3	1
1396	2010	60	62	3	4	3
1397	1671	54	57	2	2	2
1398	603	1	3	3	1	1
1399	820	49	52	2	1	2
1400	165	11	14	2	3	1
1401	106	71	74	1	2	3
1402	1613	65	67	1	2	1
1403	760	11	13	2	2	3
1404	42	64	67	1	3	2
1405	459	42	43	1	4	2
1406	1911	68	70	2	1	2
1407	1728	64	66	1	3	1
1408	1432	22	25	3	4	2
1409	412	24	25	3	2	1
1410	2055	62	63	3	2	3
1411	904	30	31	3	1	2
1412	574	62	65	2	2	1
1413	87	52	54	3	4	3
1414	51	3	4	3	4	1
1415	1343	28	31	1	3	3
1416	1833	10	13	2	3	2
1417	1922	69	70	3	1	2
1418	1764	60	61	2	1	1
1419	192	65	66	2	4	3
1420	28	59	61	2	4	1
1421	612	34	37	3	4	3
1422	1058	67	69	1	1	2
1423	600	63	66	2	3	3
1424	1704	38	39	1	4	3
1425	122	66	68	1	3	3
1426	1995	69	71	3	2	3
1427	1789	51	52	1	2	2
1428	1844	47	48	1	3	3
1429	632	13	15	2	3	3
1430	1397	46	47	1	2	2
1431	1712	47	50	2	2	3
1432	1118	38	41	1	3	1
1433	2066	4	6	3	4	2
1434	1471	40	42	3	2	2
1435	319	24	27	3	2	3
1436	312	17	20	3	3	1
1437	441	53	56	3	3	3
1438	837	46	48	3	2	1
1439	609	22	23	2	4	3
1440	1659	39	42	1	4	2
1441	521	3	4	3	3	2
1442	635	15	18	3	1	1
1443	1717	40	43	2	3	1
1444	689	61	63	2	2	1
1445	43	22	25	1	2	2
1446	460	30	33	3	4	2
1447	639	66	68	2	3	2
1448	320	63	64	1	2	1
1449	1734	48	49	2	3	1
1450	102	33	35	2	4	2
1451	1249	41	42	3	1	2
1452	138	28	30	1	2	2
1453	801	68	71	2	2	3
1454	241	27	29	3	2	2
1455	561	17	20	2	1	2
1456	1083	67	68	3	4	1
1457	352	19	20	3	2	3
1458	691	40	42	1	2	1
1459	903	53	55	1	2	1
1460	1557	45	47	1	3	2
1461	661	33	36	1	2	2
1462	641	46	48	1	4	1
1463	1874	54	56	3	2	3
1464	1138	54	56	2	3	1
1465	1874	13	16	1	4	2
1466	1430	14	15	3	1	1
1467	994	56	57	1	3	2
1468	2098	38	41	1	3	2
1469	1608	55	57	2	3	1
1470	1110	63	64	2	1	2
1471	1379	49	50	2	1	1
1472	447	20	21	3	2	3
1473	425	52	53	3	1	2
1474	1295	63	64	3	3	2
1475	339	60	61	3	2	2
1476	1853	35	38	1	2	3
1477	628	23	25	2	4	2
1478	769	20	22	1	2	3
1479	696	14	17	2	3	2
1480	508	69	71	2	3	2
1481	581	68	71	1	3	3
1482	1427	3	4	3	3	3
1483	233	32	34	2	4	2
1484	342	27	30	1	4	1
1485	999	17	20	2	3	2
1486	113	34	35	2	4	1
1487	1112	48	51	3	4	2
1488	1191	13	16	1	2	1
1489	2103	67	68	2	3	2
1490	1871	47	48	2	3	3
1491	2027	60	63	1	1	1
1492	155	45	48	3	2	1
1493	1530	27	29	3	1	1
1494	105	61	62	2	2	1
1495	660	24	25	1	1	1
1496	753	6	9	1	2	2
1497	885	70	71	1	1	1
1498	1585	54	55	3	2	1
1499	1424	11	14	3	4	2
1500	610	19	22	3	2	2
1501	727	67	68	2	2	3
1502	2039	61	64	2	1	1
1503	322	7	10	3	2	1
1504	74	71	74	1	1	2
1505	607	35	36	3	4	2
1506	775	42	43	1	4	1
1507	1935	59	62	2	1	1
1508	225	46	47	2	2	2
1509	335	34	36	1	1	1
1510	290	20	21	2	3	1
1511	2117	3	5	3	3	2
1512	120	35	38	1	1	2
1513	250	47	49	3	1	2
1514	1809	46	48	3	2	1
1515	1794	25	27	2	1	1
1516	1946	12	13	3	2	3
1517	1604	47	49	2	4	2
1518	2135	20	22	2	1	2
1519	942	47	49	2	2	1
1520	1273	71	72	3	1	1
1521	568	41	43	1	4	2
1522	1697	41	43	3	1	1
1523	1709	56	57	1	2	2
1524	807	30	31	2	4	3
1525	857	28	31	2	1	2
1526	1527	61	63	1	4	2
1527	1315	23	24	2	3	2
1528	1025	23	25	2	3	2
1529	1560	47	49	1	4	3
1530	1421	51	54	1	4	1
1531	840	33	36	2	3	2
1532	941	57	60	3	1	2
1533	625	8	9	1	1	2
1534	27	55	57	1	4	3
1535	693	31	34	1	4	1
1536	1666	3	4	1	2	1
1537	1230	31	32	2	4	1
1538	2064	59	61	2	3	1
1539	281	18	21	1	1	2
1540	315	38	41	2	2	3
1541	292	49	51	3	2	1
1542	592	52	55	1	3	3
1543	1686	25	27	1	4	2
1544	502	33	35	3	4	1
1545	1020	64	67	2	4	1
1546	1287	44	47	1	2	3
1547	1338	31	32	2	4	1
1548	1372	41	43	1	3	2
1549	1521	10	13	1	1	1
1550	1176	16	18	2	3	1
1551	1565	4	6	2	3	1
1552	1311	44	45	3	4	3
1553	1941	56	57	3	3	3
1554	2034	3	4	1	4	1
1555	1502	27	28	1	1	2
1556	1378	65	67	2	2	2
1557	1775	50	53	3	2	1
1558	1962	61	64	3	4	2
1559	1463	10	11	3	2	1
1560	983	49	51	1	1	1
1561	1059	35	36	1	3	1
1562	958	40	42	2	3	3
1563	595	12	14	2	2	2
1564	919	66	67	2	1	2
1565	1158	9	11	1	4	2
1566	1928	48	50	3	1	2
1567	810	32	34	2	2	2
1568	203	58	61	3	1	1
1569	770	58	59	3	3	1
1570	935	12	15	3	2	3
1571	300	41	43	1	3	1
1572	173	54	55	2	3	2
1573	1879	43	46	2	1	1
1574	491	38	40	1	3	3
1575	1420	9	11	2	1	1
1576	372	62	63	3	2	3
1577	1449	20	21	3	2	2
1578	921	10	13	1	4	1
1579	1964	65	68	2	3	1
1580	1385	61	64	1	3	1
1581	111	71	74	1	4	1
1582	1489	43	46	3	3	1
1583	1851	20	21	1	4	1
1584	863	39	42	1	2	1
1585	485	25	28	3	2	3
1586	137	20	23	2	4	3
1587	751	38	40	2	2	3
1588	571	37	39	1	4	3
1589	1086	15	18	2	1	2
1590	350	18	21	2	4	3
1591	1931	4	6	3	1	2
1592	1595	52	54	1	4	3
1593	1241	44	45	1	4	3
1594	1406	68	71	2	4	2
1595	1784	23	26	1	3	3
1596	1407	52	53	2	1	2
1597	293	10	12	1	2	2
1598	2011	40	41	2	4	1
1599	487	30	33	3	2	1
1600	1475	64	67	1	2	3
1601	1888	54	56	3	4	1
1602	360	59	61	2	1	2
1603	1046	16	19	1	1	2
1604	374	13	15	2	4	2
1605	1186	65	67	2	4	2
1606	1213	22	23	2	4	3
1607	1363	32	34	2	3	1
1608	798	54	56	2	3	3
1609	1495	5	7	2	2	1
1610	1361	28	29	1	1	1
1611	2111	19	21	3	1	2
1612	1290	69	70	1	3	2
1613	1676	43	46	2	1	2
1614	1515	67	68	3	1	2
1615	1182	30	33	1	3	1
1616	278	31	32	3	1	1
1617	149	69	71	3	2	3
1618	1282	62	64	3	4	2
1619	1327	51	53	3	2	2
1620	554	67	68	2	3	1
1621	858	1	4	1	4	2
1622	11	56	59	2	1	1
1623	273	24	25	3	1	2
1624	944	15	16	2	4	3
1625	2048	27	29	2	3	3
1626	1289	66	69	2	2	2
1627	1730	53	54	2	4	3
1628	1795	4	6	3	4	3
1629	1914	26	28	3	2	3
1630	759	49	51	1	2	1
1631	2071	55	58	3	4	3
1632	1993	13	14	3	4	3
1633	755	64	66	1	4	2
1634	2049	51	53	1	2	3
1635	1774	3	4	2	4	1
1636	2082	28	31	2	1	1
1637	1528	40	41	1	1	1
1638	1973	23	25	2	4	2
1639	537	45	46	3	4	3
1640	763	49	50	1	3	1
1641	1060	41	43	1	2	1
1642	46	19	22	3	2	3
1643	1002	16	19	1	1	2
1644	1948	63	66	3	4	3
1645	1494	64	67	2	4	3
1646	1113	1	3	2	3	1
1647	1103	66	68	2	3	2
1648	1367	29	30	1	3	2
1649	1768	21	23	2	1	1
1650	281	31	32	2	3	1
1651	1923	61	64	2	4	2
1652	711	30	33	1	4	1
1653	1168	33	35	3	2	1
1654	1478	4	5	1	2	3
1655	548	23	26	1	4	1
1656	1571	16	19	2	4	1
1657	761	26	27	3	2	3
1658	448	9	10	1	3	3
1659	225	26	28	1	2	2
1660	176	18	21	1	4	1
1661	232	35	38	1	2	3
1662	678	34	35	2	4	3
1663	1040	61	64	3	3	2
1664	1963	12	13	1	1	2
1665	2041	65	66	2	3	2
1666	1203	50	51	3	2	3
1667	2008	14	16	1	2	1
1668	650	4	6	2	4	2
1669	1096	9	12	2	1	1
1670	672	9	10	1	2	1
1671	959	37	39	1	4	2
1672	533	56	58	3	3	2
1673	1088	54	57	2	2	2
1674	2002	46	47	2	3	1
1675	1996	4	6	2	2	2
1676	2139	18	20	1	4	2
1677	1743	46	49	1	1	1
1678	973	26	28	2	2	2
1679	937	72	73	2	2	3
1680	1356	25	28	3	4	2
1681	1392	18	21	1	4	1
1682	1719	15	17	3	4	1
1683	1041	19	21	3	1	1
1684	307	42	43	2	2	2
1685	690	3	5	1	1	2
1686	40	24	26	1	4	3
1687	679	37	40	1	3	3
1688	1399	51	54	3	3	1
1689	2131	2	5	1	2	2
1690	636	38	39	2	4	2
1691	9	68	69	1	3	2
1692	1681	17	19	2	2	3
1693	1718	42	44	1	3	3
1694	1611	39	41	2	4	1
1695	2104	65	68	1	1	1
1696	853	8	11	2	1	1
1697	1000	13	14	1	2	2
1698	299	21	22	1	3	3
1699	409	56	57	1	3	2
1700	2090	71	73	2	3	2
1701	582	29	30	3	2	2
1702	343	42	45	2	2	2
1703	851	66	69	3	3	2
1704	566	42	44	3	2	1
1705	1418	5	7	2	2	1
1706	1321	48	50	3	3	3
1707	318	16	17	1	4	1
1708	541	5	8	2	1	1
1709	887	71	74	1	3	3
1710	861	4	6	2	2	3
1711	67	11	13	3	4	2
1712	1800	68	69	3	1	2
1713	1156	23	26	1	3	3
1714	1909	44	47	2	4	2
1715	464	17	18	1	3	2
1716	471	10	11	1	4	2
1717	737	57	58	1	2	2
1718	953	32	35	3	1	2
1719	1617	64	66	2	1	2
1720	303	68	69	2	3	1
1721	2008	58	60	3	1	2
1722	1889	29	30	3	4	3
1723	404	19	21	1	2	2
1724	468	54	55	3	3	2
1725	1628	41	43	1	1	1
1726	249	19	22	3	3	2
1727	344	69	71	3	3	1
1728	2160	62	63	1	3	1
1729	1014	3	5	3	3	1
1730	1350	58	60	2	3	1
1731	1599	44	46	2	3	2
1732	719	26	28	2	1	1
1733	1328	56	58	1	4	2
1734	317	29	31	1	3	2
1735	4	35	36	3	2	1
1736	524	3	4	3	3	3
1737	1910	67	70	1	3	2
1738	1708	14	15	3	2	1
1739	1934	18	19	2	2	2
1740	881	31	33	2	3	2
1741	1924	33	36	1	2	2
1742	1994	46	48	2	3	2
1743	1804	2	4	3	2	1
1744	171	41	42	1	2	1
1745	687	58	61	1	3	3
1746	1252	22	23	2	2	3
1747	349	42	45	1	2	1
1748	49	35	36	1	1	2
1749	189	47	49	1	2	1
1750	103	48	50	2	2	2
1751	1373	61	62	3	3	2
1752	768	14	15	2	3	1
1753	1532	37	40	1	1	1
1754	1276	41	44	3	3	2
1755	1577	53	54	1	1	1
1756	1382	22	25	3	3	1
1757	1550	41	44	1	2	3
1758	1104	68	70	3	3	1
1759	1878	43	45	2	4	1
1760	1693	46	48	2	3	1
1761	1180	12	13	3	2	1
1762	270	12	13	3	4	3
1763	182	62	65	2	4	1
1764	126	40	41	1	2	2
1765	666	61	64	1	4	3
1766	1838	42	44	1	3	1
1767	608	42	44	3	4	1
1768	1143	24	26	3	4	3
1769	2077	33	35	3	2	1
1770	112	1	3	1	3	3
1771	246	16	17	3	3	1
1772	651	24	25	2	3	2
1773	32	9	11	1	2	1
1774	694	3	5	1	1	1
1775	2071	64	67	1	1	2
1776	1519	39	42	2	3	3
1777	236	40	42	1	2	3
1778	1339	41	42	1	2	1
1779	371	7	8	3	3	3
1780	1579	39	41	2	1	2
1781	310	57	60	2	4	2
1782	1635	18	21	2	4	2
1783	824	49	52	1	1	2
1784	519	72	74	1	3	2
1785	478	64	65	1	2	2
1786	572	64	66	3	1	1
1787	977	70	72	2	2	2
1788	637	18	19	2	4	3
1789	648	41	43	2	3	2
1790	108	6	7	2	1	1
1791	491	10	12	2	2	1
1792	1263	41	44	2	4	2
1793	1840	45	46	1	1	1
1794	80	28	31	2	3	3
1795	1461	38	39	1	1	1
1796	1073	1	3	3	3	3
1797	1580	69	70	2	4	2
1798	1689	8	11	2	3	2
1799	788	62	63	3	2	2
1800	227	15	16	1	1	1
1801	831	28	31	2	4	3
1802	656	28	30	1	1	1
1803	846	39	41	3	3	2
1804	869	18	19	3	2	3
1805	1682	8	9	1	3	3
1806	1726	67	69	3	3	3
1807	934	15	18	1	3	1
1808	264	16	17	3	2	1
1809	1396	16	17	1	1	2
1810	126	50	53	1	2	2
1811	228	36	37	1	3	2
1812	1903	35	38	2	1	1
1813	743	21	24	1	4	2
1814	518	67	70	1	2	1
1815	1196	56	57	2	3	1
1816	2016	32	34	2	4	1
1817	1264	49	52	3	2	3
1818	1526	38	39	3	3	2
1819	1738	59	61	2	2	1
1820	1811	48	51	2	1	2
1821	1371	17	18	3	1	1
1822	655	31	32	1	2	2
1823	1144	11	14	3	3	3
1824	299	28	31	3	3	3
1825	2147	2	3	2	3	2
1826	1693	36	38	2	1	2
1827	1496	53	55	2	3	3
1828	1968	4	5	1	1	2
1829	1216	22	25	2	2	1
1830	128	27	28	1	4	3
1831	1009	30	33	3	3	3
1832	1008	8	11	1	1	1
1833	145	62	65	1	2	1
1834	1602	15	18	2	2	3
1835	1926	21	24	3	1	1
1836	597	53	56	1	1	2
1837	380	44	46	2	1	2
1838	1097	5	7	1	4	2
1839	872	65	68	3	2	3
1840	1457	4	6	3	1	1
1841	1280	64	65	1	3	3
1842	1543	54	55	1	4	3
1843	2132	36	39	2	3	3
1844	515	34	37	3	3	3
1845	1925	47	48	2	4	2
1846	2044	32	34	1	2	2
1847	1248	52	53	2	4	2
1848	883	43	46	3	3	2
1849	1016	39	40	3	3	1
1850	1315	65	68	3	2	2
1851	1806	32	34	2	3	1
1852	1124	27	29	3	2	3
1853	1365	64	66	2	4	3
1854	657	58	60	2	1	1
1855	238	32	35	3	1	1
1856	1423	70	71	1	3	2
1857	1713	55	58	2	2	3
1858	1959	37	38	1	3	2
1859	1067	56	59	1	4	2
1860	785	34	35	3	1	2
1861	2079	67	69	1	4	2
1862	355	25	28	3	4	3
1863	493	2	5	3	4	3
1864	175	69	70	1	2	3
1865	880	10	13	3	3	1
1866	1578	62	64	2	4	2
1867	1755	41	43	3	2	3
1868	2119	34	35	1	4	3
1869	902	8	10	3	4	3
1870	546	11	13	1	4	3
1871	1117	2	3	3	3	1
1872	987	13	16	2	2	1
1873	265	31	32	1	3	3
1874	473	13	14	2	1	1
1875	1948	54	57	2	2	1
1876	1747	15	18	1	4	1
1877	1714	31	32	1	1	1
1878	161	52	55	3	3	1
1879	217	10	13	3	4	3
1880	1445	37	39	2	3	3
1881	66	47	50	2	4	2
1882	751	40	43	1	3	2
1883	1375	2	5	3	3	3
1884	475	31	33	3	1	1
1885	1437	55	56	3	3	1
1886	902	38	40	1	3	3
1887	204	37	40	1	1	1
1888	733	41	43	2	3	2
1889	1370	58	60	1	3	2
1890	680	3	4	3	2	2
1891	383	27	30	2	2	2
1892	1661	53	55	1	1	1
1893	1549	21	23	1	4	3
1894	68	2	5	2	4	2
1895	2054	52	53	1	1	2
1896	606	5	6	3	2	3
1897	2001	55	56	2	4	1
1898	2058	11	14	2	4	1
1899	1482	28	30	1	3	3
1900	1900	36	39	3	4	3
1901	1346	59	62	2	3	3
1902	587	7	8	3	1	1
1903	221	41	42	2	1	1
1904	1588	52	53	3	3	2
1905	1466	20	23	3	4	1
1906	1702	31	32	2	4	3
1907	262	9	10	2	4	1
1908	2107	37	40	3	2	3
1909	1509	30	33	1	2	3
1910	1639	7	10	1	1	1
1911	282	26	29	3	2	2
1912	1351	57	60	1	2	3
1913	1119	58	59	1	1	1
1914	510	31	32	1	4	1
1915	1139	41	44	3	2	3
1916	2050	28	30	3	1	2
1917	624	27	28	3	1	2
1918	298	13	14	1	3	1
1919	873	17	18	3	4	1
1920	501	46	49	3	3	1
1921	1029	25	27	2	3	1
1922	577	70	72	1	1	1
1923	1128	32	34	1	1	2
1924	53	53	56	3	3	2
1925	1377	33	35	2	1	1
1926	144	16	19	3	2	3
1927	1222	70	71	2	1	2
1928	1618	7	10	2	3	2
1929	1949	2	4	3	3	1
1930	1045	57	58	3	4	2
1931	101	1	2	2	3	1
1932	1294	73	74	1	1	2
1933	2007	10	11	3	1	1
1934	1737	43	45	2	1	2
1935	1919	44	45	2	2	2
1936	2154	23	26	1	1	1
1937	1073	58	59	1	3	3
1938	951	34	35	3	4	3
1939	664	71	73	1	4	3
1940	721	7	9	3	2	2
1941	683	27	28	1	4	1
1942	446	50	51	3	3	1
1943	333	63	64	1	1	2
1944	1722	34	37	2	3	2
1945	736	22	24	2	4	2
1946	1300	18	19	2	3	2
1947	882	15	18	1	1	1
1948	1572	65	68	2	3	3
1949	1615	47	49	2	2	3
1950	1145	39	40	1	1	1
1951	786	30	32	3	2	1
1952	26	23	25	3	1	2
1953	1674	21	24	2	2	3
1954	267	18	21	1	2	3
1955	1334	40	43	2	4	1
1956	434	25	26	2	3	1
1957	2080	32	35	2	4	3
1958	617	11	12	2	1	2
1959	806	2	3	2	1	2
1960	781	33	35	2	4	3
1961	1725	5	8	1	1	1
1962	1272	42	43	3	4	2
1963	819	7	8	2	1	2
1964	1094	15	17	1	3	2
1965	160	61	64	3	4	3
1966	1174	25	27	2	3	3
1967	1390	63	65	1	1	2
1968	1440	58	60	2	2	1
1969	762	69	70	2	1	1
1970	85	62	64	3	3	3
1971	166	57	60	1	1	2
1972	1341	49	50	2	4	2
1973	860	16	19	1	2	2
1974	1163	21	22	1	4	3
1975	1529	34	35	3	1	2
1976	767	3	4	1	2	3
1977	1538	43	44	2	2	2
1978	802	41	44	2	3	1
1979	602	29	30	2	1	2
1980	488	26	27	2	4	3
1981	722	68	71	3	3	2
1982	526	11	13	3	4	3
1983	1716	34	37	1	1	2
1984	830	16	19	1	1	1
1985	1976	7	9	3	2	1
1986	191	61	62	3	4	2
1987	1340	46	49	2	4	2
1988	40	23	25	3	1	1
1989	663	4	6	1	2	1
1990	996	23	24	1	1	2
1991	1018	16	19	2	1	2
1992	266	5	6	1	1	2
1993	2048	51	53	1	4	3
1994	1152	67	68	3	4	2
1995	1065	40	43	2	3	3
1996	1810	47	48	1	1	2
1997	1179	26	29	2	4	2
1998	3	37	39	1	3	3
1999	356	9	12	1	3	3
2000	1355	62	63	2	3	3
2001	2019	39	41	2	2	3
2002	910	34	37	1	4	2
2003	1791	56	59	2	1	2
2004	1386	17	18	1	2	3
2005	723	56	58	3	1	2
2006	179	51	52	3	4	3
2007	1835	43	44	2	2	2
2008	418	19	22	3	2	1
2009	670	41	42	2	2	3
2010	692	66	68	2	3	2
2011	454	32	34	1	4	3
2012	1026	29	30	3	4	3
2013	1324	33	36	3	4	1
2014	1237	57	59	1	4	2
2015	1906	42	45	1	2	3
2016	1056	61	62	1	2	2
2017	1211	59	60	2	1	2
2018	376	30	32	2	1	1
2019	580	35	37	1	4	1
2020	1242	64	67	3	4	1
2021	2024	64	66	3	1	2
2022	1010	32	35	2	2	3
2023	2138	27	28	3	2	2
2024	1623	45	47	2	1	2
2025	1267	10	12	3	3	3
2026	1712	29	30	3	3	3
2027	914	63	66	1	4	1
2028	1654	43	45	1	3	1
2029	2159	18	21	1	4	2
2030	1561	13	14	2	4	2
2031	402	35	38	3	3	1
2032	972	52	53	2	2	3
2033	200	17	18	3	4	2
2034	543	7	10	3	3	1
2035	2116	9	10	1	1	1
2036	695	49	50	3	3	1
2037	490	1	4	1	3	3
2038	1278	64	66	3	2	1
2039	2125	19	22	1	2	1
2040	1320	39	41	2	1	2
2041	1731	13	16	3	2	1
2042	1197	45	47	3	3	3
2043	1957	18	20	1	3	3
2044	894	70	72	1	3	1
2045	1534	27	29	2	3	1
2046	539	68	71	3	2	2
2047	190	49	51	1	2	3
2048	271	66	69	1	1	1
2049	844	5	6	1	4	3
2050	1981	4	7	3	1	1
2051	2043	50	53	2	1	1
2052	1655	14	17	1	3	2
2053	836	41	42	1	4	2
2054	2	69	70	3	2	3
2055	1416	6	9	1	3	2
2056	2084	30	32	2	3	3
2057	907	54	55	3	1	2
2058	77	35	37	1	1	1
2059	954	58	59	1	3	3
2060	1257	39	40	3	1	2
2061	33	11	14	2	3	3
2062	1672	66	69	1	3	3
2063	780	47	49	1	1	1
2064	123	57	59	2	1	1
2065	1991	72	73	2	3	1
2066	50	3	4	1	4	2
2067	1238	7	10	1	3	3
2068	133	7	8	3	4	1
2069	1218	30	33	2	3	3
2070	1843	8	9	3	4	3
2071	123	66	67	2	4	1
2072	933	32	34	3	3	1
2073	1311	8	10	1	1	2
2074	1627	1	2	3	3	1
2075	500	47	50	3	2	2
2076	1710	37	40	1	1	2
2077	1200	45	47	1	1	2
2078	1204	39	40	3	1	2
2079	1987	60	61	2	3	1
2080	1748	53	54	1	4	1
2081	1190	67	70	2	3	1
2082	174	8	11	2	4	3
2083	1544	36	39	2	2	2
2084	223	43	45	2	4	2
2085	1301	37	40	3	3	3
2086	1858	58	61	3	3	3
2087	1966	54	56	1	1	1
2088	277	1	4	3	2	3
2089	2094	63	66	2	1	2
2090	1400	61	63	3	3	3
2091	1398	69	72	2	1	1
2092	1165	19	20	3	3	3
2093	1432	11	12	1	2	1
2094	302	53	54	2	4	2
2095	2108	35	38	3	2	1
2096	377	11	12	2	1	1
2097	921	8	10	2	2	2
2098	1876	8	11	2	2	3
2099	363	2	4	2	1	1
2100	1457	2	4	1	4	3
2101	1679	19	21	2	2	3
2102	505	49	50	2	3	3
2103	253	1	2	1	2	1
2104	586	30	33	3	4	1
2105	97	14	15	2	4	3
2106	1063	29	30	1	4	3
2107	407	47	50	1	4	3
2108	791	4	5	3	3	2
2109	1125	10	13	1	3	3
2110	127	48	50	3	1	2
2111	999	11	13	3	3	3
2112	116	27	29	1	3	3
2113	2112	28	29	3	4	1
2114	195	29	30	2	2	2
2115	1380	17	20	3	3	2
2116	565	42	45	3	3	1
2117	406	47	48	3	1	2
2118	196	15	17	3	2	1
2119	2093	34	35	1	1	2
2120	440	23	26	2	3	3
2121	1852	68	71	2	1	2
2122	2153	39	40	2	2	2
2123	978	30	32	3	4	3
2124	1759	33	36	2	1	2
2125	1978	19	21	3	4	1
2126	2005	56	59	3	2	2
2127	1706	59	62	2	4	1
2128	37	2	4	3	1	2
2129	193	5	8	3	4	2
2130	1896	39	42	1	3	2
2131	1647	50	52	3	1	1
2132	1683	6	9	1	3	3
2133	1177	6	8	3	1	2
2134	197	67	69	3	4	1
2135	88	68	69	2	4	2
2136	2096	40	43	1	1	2
2137	392	67	70	3	1	2
2138	1569	17	20	2	1	1
2139	1752	23	26	1	2	2
2140	187	13	15	2	3	1
2141	822	18	21	1	4	1
2142	548	37	38	2	2	3
2143	1322	14	17	3	4	3
2144	56	47	48	2	4	1
2145	544	50	52	2	3	3
2146	702	44	47	1	3	1
2147	614	46	48	1	3	1
2148	1107	16	19	3	2	1
2149	78	54	57	2	2	2
2150	507	43	46	3	4	2
2151	709	28	31	2	4	1
2152	226	33	35	2	1	2
2153	34	50	52	3	1	1
2154	1486	61	62	2	4	2
2155	1531	47	48	3	2	1
2156	693	36	39	1	4	3
2157	974	56	57	3	2	1
2158	136	2	3	1	2	3
2159	1552	31	32	2	3	1
2160	1597	72	73	2	2	3
2161	2127	62	63	1	1	2
2162	1369	22	23	1	3	2
2163	1203	6	9	3	1	1
2164	1684	59	60	1	2	1
2165	691	37	39	3	4	2
2166	1711	3	5	2	3	2
2167	1501	11	13	3	4	1
2168	2031	68	71	2	2	3
2169	667	48	49	1	3	2
2170	886	48	49	1	3	2
2171	1195	43	46	3	2	2
2172	478	6	9	3	3	3
2173	589	6	9	1	1	1
2174	2028	60	63	2	4	2
2175	259	58	61	1	4	2
2176	1601	55	56	3	4	2
2177	542	27	28	3	1	2
2178	1750	39	42	3	3	2
2179	1458	12	13	3	4	3
2180	1587	38	40	1	4	1
2181	1716	9	11	3	2	3
2182	531	56	57	2	2	2
2183	1484	22	23	2	3	3
2184	728	46	48	2	1	2
2185	1442	15	16	3	1	1
2186	2036	40	41	2	1	1
2187	1204	3	5	1	3	2
2188	1310	19	20	2	2	1
2189	2092	17	20	3	4	1
2190	178	63	64	3	2	2
2191	201	61	62	1	2	2
2192	732	70	72	3	2	3
2193	1724	41	44	3	1	1
2194	1649	38	40	1	2	3
2195	480	55	56	2	4	3
2196	1335	44	46	3	4	3
2197	1909	69	72	3	2	1
2198	1365	57	59	3	4	2
2199	1084	2	3	2	1	1
2200	1736	47	49	3	4	1
2201	1316	49	50	1	4	3
2202	1146	50	53	1	2	3
2203	1951	30	33	1	2	1
2204	630	64	66	3	2	2
2205	1761	31	33	1	3	2
2206	1868	65	67	1	4	1
2207	1007	23	24	1	2	3
2208	100	52	55	1	4	3
2209	1448	5	6	1	3	1
2210	1890	42	43	1	4	2
2211	330	46	49	3	4	1
2212	1831	59	60	2	1	1
2213	2032	69	70	2	4	1
2214	1901	69	70	3	3	1
2215	1692	52	54	2	2	3
2216	1402	24	26	1	2	3
2217	897	69	72	2	3	3
2218	1695	31	32	1	4	2
2219	2097	6	8	3	3	2
2220	1585	2	5	3	2	1
2221	1081	22	23	2	4	3
2222	1999	71	73	1	4	3
2223	467	49	52	1	1	1
2224	1137	35	38	1	1	1
2225	1976	69	71	1	2	2
2226	813	49	50	2	1	1
2227	1865	10	12	3	3	3
2228	1346	5	7	3	3	2
2229	1258	66	67	3	3	2
2230	254	66	69	2	1	2
2231	1358	27	28	2	4	2
2232	1447	38	39	2	3	2
2233	699	45	47	2	2	2
2234	424	17	18	3	2	3
2235	567	28	29	1	2	3
2236	1927	24	26	3	4	1
2237	1490	23	25	2	3	1
2238	452	24	26	3	4	2
2239	2115	48	49	1	2	3
2240	657	19	20	1	2	1
2241	705	6	9	3	2	2
2242	2042	54	55	3	2	3
2243	970	54	57	1	3	2
2244	1886	21	24	3	2	2
2245	1263	18	21	2	3	1
2246	2055	14	17	3	2	3
2247	626	23	26	3	1	2
2248	1408	48	51	1	2	2
2249	1434	10	11	3	2	3
2250	1422	9	10	3	3	1
2251	294	29	32	2	1	1
2252	1664	26	27	3	2	2
2253	703	49	50	3	2	1
2254	534	57	59	1	3	1
2255	161	23	24	2	1	2
2256	1322	18	21	2	2	3
2257	2127	70	73	2	4	2
2258	1653	57	59	3	4	1
2259	901	15	18	1	2	1
2260	185	2	3	1	2	3
2261	659	19	21	3	3	2
2262	1581	16	19	1	2	3
2263	1901	17	20	1	2	3
2264	619	68	69	3	4	2
2265	117	70	71	1	3	2
2266	2004	11	14	1	2	1
2267	1214	30	33	1	1	1
2268	1984	25	28	3	1	2
2269	180	22	24	2	2	2
2270	924	64	65	1	2	2
2271	1468	1	2	2	1	1
2272	1757	20	22	3	2	1
2273	854	15	17	3	4	1
2274	725	45	47	1	3	1
2275	787	5	7	1	4	1
2276	1153	2	5	2	3	2
2277	749	25	28	1	2	2
2278	366	23	25	2	1	2
2279	1332	28	31	2	4	1
2280	1776	5	6	1	3	2
2281	1672	21	22	3	1	2
2282	2156	56	59	1	1	2
2283	971	28	29	1	3	3
2284	1229	68	69	2	2	2
2285	403	52	54	3	2	1
2286	2015	38	40	3	4	3
2287	2088	21	23	3	3	1
2288	1693	66	68	1	2	2
2289	708	6	8	2	3	2
2290	925	3	4	3	2	3
2291	200	54	57	3	2	3
2292	1869	68	69	2	4	1
2293	1920	35	36	2	4	2
2294	1923	41	44	3	3	3
2295	1481	39	41	1	1	1
2296	1122	59	60	2	3	3
2297	1841	39	41	3	1	1
2298	1134	46	49	3	2	1
2299	900	24	27	3	2	3
2300	1912	45	48	2	1	2
2301	638	50	51	1	2	2
2302	1590	50	51	2	3	3
2303	283	65	67	2	4	2
2304	1657	22	25	2	4	3
2305	527	47	50	2	1	1
2306	852	30	32	3	2	1
2307	1395	9	12	3	4	3
2308	2076	2	4	1	3	3
2309	2115	50	52	1	1	2
2310	271	59	60	3	4	3
2311	677	59	61	3	2	2
2312	956	70	72	3	2	1
2313	1822	67	69	2	1	1
2314	700	45	46	3	3	2
2315	215	21	24	3	4	1
2316	1453	29	30	2	2	3
2317	2126	45	48	2	4	1
2318	613	71	73	1	4	2
2319	1441	11	13	3	3	2
2320	918	24	25	1	4	1
2321	729	45	47	2	4	1
2322	1533	44	47	2	3	2
2323	1646	3	4	1	3	3
2324	1535	61	63	3	4	3
2325	422	56	58	3	3	3
2326	1360	47	48	1	1	1
2327	1881	62	64	3	3	2
2328	759	35	38	2	3	2
2329	584	24	25	3	1	2
2330	1568	57	60	1	3	3
2331	928	51	52	3	3	2
2332	1857	56	59	1	3	3
2333	1283	19	22	2	2	1
2334	1939	9	12	1	2	1
2335	1003	7	10	2	4	3
2336	1254	36	38	1	2	1
2337	1781	52	54	1	1	2
2338	1455	14	15	3	1	1
2339	436	5	7	2	3	2
2340	1943	15	18	3	2	3
2341	718	29	31	1	2	3
2342	276	40	42	3	1	1
2343	186	1	3	2	4	1
2344	1022	52	54	3	4	1
2345	353	69	72	1	3	1
2346	220	50	53	1	2	3
2347	1703	10	11	3	1	2
2348	1505	66	67	3	3	3
2349	594	5	8	3	4	3
2350	528	67	70	2	2	2
2351	348	46	49	1	2	3
2352	1790	1	4	2	3	3
2353	1785	31	34	2	1	1
2354	1564	66	68	1	4	1
2355	2124	25	26	3	2	3
2356	326	2	4	1	4	1
2357	1945	43	44	3	4	2
2358	2047	34	35	3	2	1
2359	997	10	13	2	2	3
2360	965	61	62	3	4	2
2361	605	46	49	3	3	1
2362	1076	29	30	2	4	1
2363	382	59	60	3	1	1
2364	532	9	12	2	2	1
2365	1524	25	27	2	3	2
2366	1155	20	22	1	4	2
2367	2048	61	63	3	2	1
2368	898	32	33	1	4	2
2369	36	49	51	2	3	2
2370	1673	2	3	3	3	1
2371	57	42	43	1	4	3
2372	2133	47	50	1	4	1
2373	272	16	17	3	1	2
2374	841	45	48	1	4	1
2375	1439	69	72	3	2	1
2376	856	39	40	1	3	2
2377	488	30	33	2	2	1
2378	797	57	59	3	2	2
2379	1837	41	42	1	3	2
2380	590	65	67	3	4	2
2381	444	45	48	3	4	1
2382	349	35	36	1	1	1
2383	560	14	15	1	4	2
2384	846	18	19	2	3	1
2385	1792	34	37	2	3	3
2386	1751	45	47	2	2	1
2387	986	8	9	2	3	2
2388	1357	39	40	2	4	1
2389	1667	61	63	2	4	3
2390	1632	35	37	3	4	1
2391	1476	58	60	2	3	1
2392	1487	2	3	3	3	3
2393	835	48	51	2	1	1
2394	1485	33	35	3	1	2
2395	1354	22	23	1	4	3
2396	1112	27	28	1	1	1
2397	975	45	48	1	2	3
2398	745	12	15	1	3	3
2399	1305	2	4	2	2	3
2400	730	2	5	1	1	2
2401	1591	13	15	3	1	1
2402	2151	22	24	2	1	1
2403	379	4	6	1	4	3
2404	10	53	56	3	4	2
2405	443	53	54	3	3	3
2406	123	10	12	3	1	1
2407	2133	29	31	2	2	3
2408	14	53	54	3	3	1
2409	549	54	57	2	2	3
2410	1105	32	35	2	4	2
2411	1409	58	61	2	3	3
2412	1940	14	17	1	3	1
2413	421	55	57	3	3	1
2414	258	58	61	1	3	3
2415	1497	23	25	1	2	1
2416	210	62	63	1	3	3
2417	1414	68	70	3	1	1
2418	135	40	41	3	3	3
2419	1174	21	22	1	2	3
2420	214	16	17	1	3	3
2421	750	63	66	1	3	1
2422	1567	22	24	3	4	3
2423	57	52	54	3	3	1
2424	1293	46	49	1	3	1
2425	1503	17	18	3	1	2
2426	676	43	44	2	1	2
2427	405	69	72	1	1	2
2428	347	62	65	1	2	3
2429	1889	55	56	3	1	2
2430	1075	9	10	3	2	2
2431	1793	22	25	1	1	2
2432	1803	23	26	2	4	2
2433	967	20	23	3	3	2
2434	1269	12	13	1	3	2
2435	825	28	31	3	4	1
2436	1162	63	65	2	4	2
2437	1089	45	46	2	1	2
2438	984	29	31	1	2	3
2439	1052	26	28	2	3	2
2440	2089	52	55	2	3	3
2441	1614	67	68	1	3	3
2442	985	60	63	3	1	1
2443	611	33	36	2	4	3
2444	2110	46	49	2	1	1
2445	889	11	13	3	2	1
2446	1958	55	58	1	4	1
2447	1799	11	13	1	4	1
2448	218	32	34	3	4	2
2449	645	7	8	2	2	3
2450	858	38	40	2	4	3
2451	848	42	44	3	3	3
2452	1510	20	23	3	1	2
2453	874	32	34	1	3	1
2454	506	64	65	2	2	3
2455	1095	10	11	3	1	1
2456	272	44	46	1	2	3
2457	1431	36	38	3	2	2
2458	1268	57	59	1	1	1
2459	2031	40	42	1	3	1
2460	248	31	32	2	3	3
2461	681	42	44	2	3	1
2462	239	44	46	3	3	2
2463	2123	47	48	2	2	1
2464	44	15	18	2	1	1
2465	1864	40	42	2	4	1
2466	1021	49	50	3	3	1
2467	1454	20	22	2	4	3
2468	89	8	9	1	1	2
2469	1625	20	21	3	1	1
2470	1965	60	61	1	1	1
2471	1723	56	59	3	1	1
2472	776	9	10	2	4	3
2473	1138	11	14	2	1	1
2474	593	58	61	1	3	1
2475	1979	52	53	3	1	2
2476	678	3	5	1	1	1
2477	153	38	40	1	3	1
2478	1178	17	20	3	2	3
2479	1645	3	6	3	4	3
2480	268	69	72	2	1	2
2481	270	56	59	3	4	3
2482	216	13	16	3	2	1
2483	2130	53	56	2	2	1
2484	1779	46	48	2	4	1
2485	562	57	59	1	4	2
2486	243	16	18	3	1	2
2487	1472	33	34	3	1	1
2488	1426	13	15	2	2	1
2489	1812	33	34	1	1	1
2490	212	24	25	3	1	2
2491	979	37	40	1	2	1
2492	55	52	53	3	1	1
2493	287	1	2	3	4	3
2494	177	14	17	1	4	3
2495	760	35	36	2	3	3
2496	1797	21	22	1	3	2
2497	1225	27	28	3	3	3
2498	1313	36	38	2	2	1
2499	1017	61	62	1	3	2
2500	433	21	22	1	1	2

