DATASET = ORTEC-hidden instance set VeRoLog competition
NAME = tools over vehicle days over vehicles over distance with 1500 requests over 40 days

DAYS = 40
CAPACITY = 40
MAX_TRIP_DISTANCE = 20000
DEPOT_COORDINATE = 0

VEHICLE_COST = 1000
VEHICLE_DAY_COST = 300000
DISTANCE_COST = 1

TOOLS = 5
1	9	54	20000000
2	15	40	50000000
3	12	58	40000000
4	12	60	40000000
5	15	38	40000000

COORDINATES = 1371
0	7688	8161
1	8838	6142
2	9361	6153
3	9011	6155
4	7946	6158
5	5701	6166
6	8736	6181
7	5889	6188
8	8244	6197
9	8831	6201
10	7202	8147
11	6031	8149
12	6572	140
13	8731	6251
14	8275	6267
15	7679	6273
16	3468	6275
17	7462	6312
18	7566	6328
19	8157	6164
20	7465	6331
21	7737	6338
22	8208	4163
23	6212	6371
24	7651	6376
25	3939	6380
26	8478	6380
27	4020	4170
28	6329	6398
29	7854	6406
30	3989	6407
31	7514	6409
32	8647	6413
33	7720	6439
34	6763	2339
35	3973	6457
36	7538	6188
37	7574	6485
38	3845	6487
39	6919	6500
40	3775	6509
41	7567	6516
42	8033	6517
43	3777	6522
44	3351	6528
45	8385	6532
46	8680	6552
47	7423	6562
48	4435	4200
49	7450	6568
50	4262	6571
51	7171	6573
52	8258	6575
53	8443	6593
54	7504	6604
55	7227	6628
56	8691	6632
57	8318	6640
58	7590	6648
59	8056	6657
60	3983	6665
61	7414	6666
62	7563	6671
63	7880	6677
64	7770	6681
65	8023	6681
66	7890	6705
67	3782	6706
68	8579	6708
69	8388	6713
70	8605	6228
71	7950	6720
72	7186	8233
73	7978	6724
74	3567	6727
75	8743	6734
76	8479	6736
77	8504	6736
78	5817	6737
79	8701	6741
80	6599	6754
81	8625	6763
82	6325	2231
83	3828	6788
84	7941	6807
85	8476	6814
86	7558	6823
87	3998	6840
88	8307	6843
89	8153	6845
90	8062	6851
91	7717	6857
92	8084	6859
93	8633	6863
94	8758	6876
95	6946	6877
96	4576	6880
97	8522	6885
98	4010	6896
99	9547	6913
100	4574	6917
101	4633	6922
102	8750	6934
103	7439	6934
104	7745	6265
105	7452	6940
106	8490	6946
107	3471	6949
108	8516	6950
109	7531	6959
110	8041	6960
111	8204	4268
112	7713	6985
113	8426	6993
114	8741	7001
115	6313	7009
116	4240	7014
117	4709	7025
118	3541	7028
119	8780	7027
120	8678	7028
121	4590	7032
122	3928	7052
123	6274	7060
124	4114	7061
125	8967	7072
126	6127	8764
127	4020	7095
128	8018	7095
129	3985	7146
130	4507	7150
131	8750	7156
132	8138	7158
133	4230	7160
134	7292	7163
135	8991	7182
136	8709	7190
137	6726	7197
138	3936	7201
139	7497	7202
140	7269	7203
141	6813	7209
142	3870	7218
143	4032	7222
144	4097	7228
145	8016	7231
146	6711	7244
147	3345	7245
148	9124	7246
149	4219	7248
150	7443	7253
151	8058	7258
152	7625	7259
153	8076	7262
154	7385	7270
155	8205	7278
156	7395	7279
157	8017	7283
158	3762	7285
159	5851	7285
160	8268	7290
161	3919	7301
162	4746	2320
163	3945	7304
164	3471	7313
165	8214	7316
166	6909	7317
167	7230	7320
168	6998	7323
169	3746	7327
170	4965	4328
171	8455	7334
172	6600	7344
173	3490	7346
174	7852	7359
175	7332	7359
176	7160	8774
177	8268	7391
178	7643	7400
179	7170	7411
180	3841	7443
181	8652	7474
182	8288	7476
183	8710	7489
184	6941	7490
185	3746	7492
186	9078	7493
187	7344	7506
188	9420	7511
189	3775	7520
190	8615	7524
191	8119	7528
192	7710	7532
193	3680	7538
194	6918	7542
195	6448	7544
196	6970	7551
197	7390	7558
198	9299	7563
199	3785	7564
200	9315	7569
201	7253	7573
202	6770	7579
203	8449	7583
204	9667	7584
205	5744	4371
206	7497	7597
207	4310	4372
208	3920	7601
209	7913	7601
210	7296	7609
211	8553	7610
212	7734	7611
213	8349	7616
214	8549	7628
215	9386	7636
216	6850	7641
217	7974	7642
218	7400	7643
219	8519	7654
220	7994	7657
221	9098	7659
222	7024	7675
223	7864	7676
224	5729	7678
225	8125	7678
226	8917	7680
227	7059	7692
228	6740	7696
229	7568	7700
230	7206	4390
231	6622	7714
232	5292	7716
233	4161	7720
234	7523	7720
235	9558	7735
236	5806	7737
237	8003	7741
238	8167	7751
239	6699	7756
240	5832	7759
241	5348	7763
242	8888	7768
243	5519	7769
244	6432	7771
245	5458	7772
246	8364	7777
247	3530	7785
248	7108	7792
249	5625	7795
250	6763	7802
251	5648	7809
252	5674	7813
253	8362	7816
254	6782	7819
255	5900	7822
256	6877	7862
257	8287	7828
258	8825	7834
259	6942	8420
260	6715	7852
261	4274	7862
262	6928	7862
263	6816	7868
264	6934	7869
265	7351	7870
266	8795	8424
267	6036	7875
268	6993	7883
269	7384	7885
270	5979	7897
271	5370	7907
272	6875	7921
273	6800	7923
274	6012	7928
275	6496	7930
276	8364	7936
277	8071	7937
278	8259	7937
279	8872	7950
280	5768	7955
281	6482	7956
282	6117	7957
283	6965	7960
284	6695	7969
285	7136	7998
286	8227	8000
287	7005	8004
288	6624	8005
289	6275	8007
290	8324	8034
291	6115	8035
292	7317	8037
293	8634	8062
294	7366	8065
295	8417	8073
296	7075	8078
297	6280	8080
298	7999	8108
299	7289	8113
300	5469	8117
301	7077	8124
302	6210	8134
303	4690	3596
304	6023	3996
305	8949	8151
306	8645	8166
307	6487	8171
308	6427	8176
309	9017	4471
310	9249	8209
311	6847	8210
312	8979	8228
313	6615	8231
314	6278	8249
315	5492	8268
316	5746	8277
317	8045	8283
318	6137	8286
319	6085	8293
320	7187	8299
321	5383	8306
322	5391	8312
323	6810	8318
324	7556	8318
325	5818	8320
326	7006	8326
327	3097	2492
328	7694	8344
329	5346	8350
330	7259	8356
331	8073	6503
332	5467	8372
333	7616	8378
334	4017	6506
335	5352	8384
336	7633	6506
337	9358	8387
338	5861	8397
339	8412	8397
340	6552	8401
341	5600	8401
342	3578	8402
343	7619	8407
344	8060	8410
345	6555	8414
346	6551	8421
347	8318	8429
348	6089	8455
349	5585	8467
350	7873	8471
351	7161	8477
352	7838	8480
353	6269	8490
354	6696	8494
355	7581	8498
356	7335	8505
357	7239	8532
358	7603	8517
359	4356	4332
360	7714	8518
361	7797	8520
362	7092	8522
363	7147	8526
364	7913	8531
365	6135	8545
366	4002	3610
367	5790	8560
368	6693	8562
369	6679	8539
370	8460	8573
371	6396	6539
372	6814	8582
373	5361	8593
374	6593	8600
375	8515	8602
376	5591	8615
377	8153	8616
378	3994	4542
379	7303	8620
380	7506	8625
381	5651	8631
382	3940	8635
383	9047	8646
384	8069	8649
385	7520	8657
386	6165	8658
387	7753	8668
388	6799	8559
389	6514	8692
390	7242	8694
391	6313	8700
392	5961	8710
393	3714	6563
394	6742	8724
395	3910	8726
396	5664	8727
397	5612	8743
398	5992	2562
399	6211	8759
400	5876	8760
401	7215	8767
402	8930	6018
403	5649	8775
404	7495	8777
405	8807	4569
406	5415	8784
407	6924	8785
408	8074	8793
409	5657	8804
410	8947	6020
411	6602	8819
412	6552	8820
413	5796	8831
414	5558	8834
415	7338	8838
416	3543	3484
417	9389	8844
418	7564	8855
419	7589	8862
420	7420	8867
421	7739	8872
422	5825	2584
423	6119	8894
424	7669	8895
425	5928	8899
426	6527	8924
427	5714	8936
428	7851	8953
429	5824	8960
430	7308	8962
431	7628	8963
432	7502	8971
433	7706	8609
434	3750	8611
435	5816	9002
436	7330	9006
437	7795	9012
438	7955	9014
439	7293	9018
440	5496	9020
441	7117	9020
442	6250	8616
443	7981	9027
444	7675	9033
445	8086	9036
446	7744	8619
447	7862	9053
448	8201	9064
449	5694	9067
450	6668	9072
451	8002	9074
452	5792	9089
453	7739	9089
454	7792	4620
455	7576	9093
456	7856	9097
457	7963	9100
458	6072	9107
459	8214	9108
460	6890	9127
461	2474	4430
462	7508	9132
463	7751	9147
464	6557	9164
465	8943	9171
466	6398	9190
467	6635	9195
468	8601	7633
469	8706	9200
470	9466	9205
471	7913	4032
472	6442	9218
473	8918	9240
474	8697	9241
475	8967	9242
476	7326	9246
477	7212	9250
478	8941	9258
479	6830	9260
480	6487	7471
481	7926	9267
482	8383	9269
483	6299	9275
484	8551	9287
485	9272	9298
486	8951	9321
487	7464	9323
488	8010	9323
489	6510	9329
490	8625	9329
491	7051	9331
492	6943	9340
493	8838	9345
494	8890	9349
495	6973	9360
496	9051	9362
497	8146	9366
498	6144	9370
499	8403	9374
500	7966	9376
501	8972	9381
502	6420	9382
503	9043	9385
504	7171	9389
505	9039	9396
506	9059	9415
507	8564	9426
508	8691	9427
509	6521	9429
510	4059	4678
511	8593	9433
512	7591	8686
513	7189	9460
514	7808	9466
515	8619	9468
516	7203	9470
517	7784	9501
518	8474	6043
519	8240	9530
520	9199	9540
521	8136	9552
522	6939	8712
523	8444	9601
524	6930	9607
525	3191	2709
526	8167	9657
527	8793	9658
528	8459	9673
529	5118	9676
530	6763	9255
531	6001	9840
532	6090	9847
533	4722	5074
534	6207	9865
535	6364	9869
536	4752	4751
537	6391	9876
538	7852	4764
539	7371	9995
540	3705	2773
541	6901	8785
542	2567	2779
543	5664	4783
544	5211	2784
545	5901	8800
546	8165	6808
547	5581	4807
548	5467	8815
549	7939	6818
550	6507	8831
551	4016	3269
552	2894	4829
553	3548	2829
554	4130	5078
555	5710	4844
556	4707	4475
557	3820	8478
558	5367	2855
559	5827	2877
560	5078	2868
561	1879	2873
562	5866	2877
563	5445	2890
564	6952	6913
565	8064	4916
566	9406	6938
567	2977	4944
568	7774	6094
569	3027	2894
570	6675	8971
571	8624	4965
572	7385	6971
573	3828	4976
574	7932	4980
575	7012	4983
576	7955	6993
577	3977	7010
578	8134	7016
579	8545	5014
580	7952	9021
581	7960	5021
582	8929	6109
583	8997	7028
584	3559	7029
585	6314	3024
586	4766	7035
587	7945	5051
588	1209	3052
589	8446	5055
590	8752	5064
591	7154	8121
592	8321	9323
593	9007	5085
594	4655	3083
595	4252	7094
596	7342	5098
597	3011	3096
598	7567	4687
599	3968	5112
600	6632	21
601	6355	73
602	3966	4530
603	6297	141
604	6530	145
605	5409	3131
606	8893	9144
607	6530	203
608	8548	5334
609	6502	226
610	6850	241
611	4831	3157
612	8961	9174
613	6844	3170
614	7523	5175
615	7015	397
616	7048	9184
617	6535	409
618	6559	426
619	6519	435
620	9098	5186
621	6096	468
622	6336	483
623	6860	4543
624	7300	5199
625	7797	9207
626	6526	582
627	3641	5210
628	6337	603
629	6322	633
630	8891	5215
631	6426	664
632	8334	7228
633	6560	718
634	5504	3227
635	8373	9238
636	6680	738
637	4591	5248
638	9333	5253
639	8652	5272
640	8630	5759
641	9093	5274
642	3935	5282
643	3374	4162
644	6405	1175
645	3574	3305
646	6476	1195
647	6485	1246
648	5430	3317
649	6461	6170
650	6428	1337
651	6483	3338
652	4011	3344
653	6848	1434
654	7140	1438
655	5811	3356
656	8669	5365
657	6937	1551
658	7088	5372
659	5769	3371
660	8767	9381
661	6813	1620
662	8730	5379
663	6638	3380
664	6208	1653
665	6726	1653
666	8062	5386
667	6470	1667
668	5938	1668
669	6490	1677
670	6461	1741
671	5571	3397
672	8107	5415
673	7127	1854
674	67	1875
675	6743	1877
676	4053	7427
677	6810	1889
678	4951	1899
679	7110	1902
680	8148	4590
681	5135	1956
682	6416	1968
683	8166	5438
684	5166	1982
685	3035	2991
686	6752	9450
687	5145	2014
688	7247	2026
689	5257	2056
690	1909	2058
691	6237	2063
692	6005	2069
693	6245	2082
694	5522	2085
695	4557	3454
696	5737	2116
697	5060	2126
698	5295	2129
699	5861	2130
700	5400	2137
701	6095	2140
702	5691	2146
703	849	2157
704	6059	2157
705	756	2163
706	1548	2169
707	3303	3471
708	4763	2195
709	6024	2211
710	5781	2223
711	5400	2244
712	5294	2264
713	6272	2278
714	5374	2291
715	6403	2302
716	1573	2309
717	5113	2317
718	7296	7005
719	6579	2335
720	4991	2337
721	5027	2359
722	6311	2370
723	4755	2376
724	4590	2398
725	4737	2416
726	5016	2457
727	4002	2459
728	7621	5520
729	3960	2492
730	3267	2497
731	2622	2503
732	6837	2511
733	4180	7533
734	5982	2528
735	4565	2532
736	3055	2534
737	5019	2546
738	3869	2553
739	3244	2577
740	5151	2579
741	4543	3536
742	2474	2581
743	4889	2584
744	4674	2608
745	5622	3812
746	1227	2628
747	773	2637
748	7042	2637
749	4674	2648
750	6730	2658
751	4106	2668
752	5047	2681
753	4893	2694
754	3918	2697
755	4201	2698
756	892	2707
757	4821	2707
758	2801	2710
759	2691	2712
760	7170	2713
761	4428	2718
762	3166	2719
763	4189	2725
764	8700	5565
765	3415	2753
766	2963	2769
767	4472	2776
768	6010	2782
769	4087	2799
770	4920	2812
771	4899	2816
772	308	2819
773	3662	2829
774	4841	2830
775	4912	2836
776	622	2861
777	6112	2881
778	4051	2888
779	3327	2890
780	3402	2897
781	6584	2905
782	5498	2913
783	3895	2915
784	3420	6225
785	5436	5023
786	6162	2933
787	2796	2946
788	4439	5600
789	2990	2953
790	6273	2956
791	5325	2964
792	5111	2967
793	5589	2993
794	6864	2994
795	6631	3003
796	2210	3015
797	3834	7616
798	5647	3023
799	5355	3025
800	6917	3028
801	5475	3031
802	4139	7619
803	4125	3045
804	5377	3049
805	4957	3057
806	4133	3076
807	2200	3082
808	6333	3088
809	6599	3102
810	6360	3106
811	4798	3108
812	2685	3119
813	6829	3120
814	4088	3626
815	5346	3125
816	6584	3125
817	4529	3135
818	4899	3142
819	6308	3142
820	6487	3149
821	3331	3160
822	5304	3171
823	2873	3172
824	6259	3175
825	6013	3183
826	6766	3185
827	5628	3188
828	6028	3189
829	5693	3215
830	4235	3222
831	3925	3227
832	4917	3231
833	9627	8636
834	5786	3239
835	6330	3240
836	4909	3247
837	6031	3249
838	4114	3253
839	6407	3254
840	5367	3650
841	5723	3268
842	6327	3271
843	4466	3653
844	4918	3299
845	5487	5036
846	7931	5659
847	3699	3308
848	7117	3310
849	6380	3316
850	5176	3319
851	6402	3322
852	5953	3324
853	6821	3326
854	6375	3333
855	4079	3340
856	6413	3344
857	6506	3348
858	7283	5670
859	3982	3373
860	1738	3392
861	5639	3401
862	5565	3402
863	3738	3409
864	4287	3410
865	7682	5677
866	5217	3414
867	5407	3458
868	6994	5687
869	2244	3488
870	4208	3490
871	6050	3491
872	6623	3492
873	3584	3505
874	5445	3507
875	5632	3509
876	5964	3516
877	6338	3524
878	4674	3528
879	8674	6645
880	6136	3557
881	3196	3575
882	4724	3577
883	6316	3703
884	4265	3584
885	5481	3587
886	5983	3622
887	6061	3629
888	6163	3645
889	8838	5716
890	4432	3656
891	7129	5512
892	6394	3676
893	4401	3679
894	7219	7728
895	7328	5726
896	6134	3705
897	3056	3708
898	6760	7731
899	2458	3726
900	1951	3729
901	5884	3739
902	6768	3747
903	6021	3762
904	5803	3734
905	6260	3774
906	6762	3774
907	5171	3776
908	5567	3776
909	1799	3791
910	5383	3792
911	5526	3738
912	4130	3798
913	7552	5742
914	4449	3832
915	9755	8636
916	4069	3867
917	5432	3887
918	3150	3894
919	4433	3928
920	6097	3948
921	4912	3957
922	2371	3968
923	5036	3977
924	4737	3983
925	5207	3985
926	3916	3988
927	5485	3991
928	3709	3991
929	3976	3992
930	9839	7873
931	6143	4013
932	3831	4027
933	6978	4031
934	7870	4038
935	3860	4040
936	5968	4048
937	3970	4064
938	2219	4066
939	5869	4067
940	6952	4071
941	4888	4072
942	6328	4074
943	5770	4080
944	3524	4086
945	4048	4094
946	4656	4110
947	3982	4114
948	8044	4118
949	1899	4124
950	7026	6665
951	7981	9466
952	2106	4137
953	4805	4140
954	3337	4148
955	3713	4876
956	4065	4158
957	6820	4167
958	4402	4176
959	4037	4178
960	8312	4181
961	6808	4200
962	3832	4205
963	7543	5467
964	8112	4237
965	3481	4242
966	8068	4242
967	5561	4244
968	7088	4245
969	8180	4251
970	8764	4254
971	5889	3815
972	8463	4260
973	5470	4267
974	4108	4274
975	4390	4278
976	6335	3819
977	6091	4286
978	8607	4288
979	8860	4293
980	5189	4295
981	6365	4297
982	8117	4304
983	5531	4305
984	8299	4319
985	7861	5829
986	6166	4327
987	3643	4328
988	8572	4329
989	3998	4340
990	6020	4344
991	3467	4346
992	6289	4347
993	3298	4352
994	5384	4357
995	4158	4379
996	3308	4383
997	8396	4384
998	8493	4388
999	6215	4389
1000	2481	4398
1001	8607	4407
1002	7048	7849
1003	8317	4425
1004	4918	4430
1005	2414	4432
1006	8872	4436
1007	5807	4441
1008	7931	4449
1009	8091	4452
1010	8606	4459
1011	7282	4461
1012	3678	4465
1013	4106	4467
1014	8115	4471
1015	8980	4474
1016	2656	4475
1017	4198	4489
1018	5753	4498
1019	3760	4499
1020	9356	5859
1021	7063	4504
1022	4794	4514
1023	5311	4522
1024	2377	4531
1025	8504	4531
1026	8078	4531
1027	7510	4536
1028	8844	4539
1029	2387	4542
1030	3342	4545
1031	4855	4545
1032	6839	4551
1033	7991	4552
1034	7897	4568
1035	8552	4568
1036	7721	4581
1037	8524	4588
1038	2891	4592
1039	8624	4594
1040	8856	4594
1041	4251	4597
1042	5295	4597
1043	7565	4605
1044	8260	4607
1045	5246	4621
1046	7368	4621
1047	3831	4625
1048	8796	4626
1049	7957	4632
1050	8882	5881
1051	8533	4642
1052	8295	4645
1053	4289	4651
1054	8822	4652
1055	8180	4658
1056	4057	4660
1057	7261	4663
1058	8281	4670
1059	7639	4681
1060	3947	4691
1061	7606	4695
1062	8686	5891
1063	7493	4710
1064	4858	4712
1065	7640	4713
1066	7409	4714
1067	7732	4725
1068	8356	4729
1069	8460	4730
1070	8085	4739
1071	3752	4746
1072	8400	4751
1073	4030	4764
1074	4242	4764
1075	5468	4775
1076	4004	4778
1077	8444	4779
1078	8372	4788
1079	7172	4789
1080	5674	4792
1081	4309	4799
1082	3761	4805
1083	7557	4805
1084	8062	4809
1085	7774	4811
1086	8589	4817
1087	3990	4825
1088	7820	4826
1089	8605	4832
1090	3790	4833
1091	8493	4847
1092	7486	4849
1093	8554	4849
1094	7897	4856
1095	7359	4858
1096	4733	4860
1097	8329	4866
1098	7539	4870
1099	2995	4875
1100	6046	4288
1101	8006	4882
1102	3864	4890
1103	8474	4893
1104	4044	4904
1105	8326	4910
1106	3137	4918
1107	7748	4918
1108	5441	4924
1109	7139	4925
1110	7562	4927
1111	8284	4929
1112	3459	4932
1113	4777	4936
1114	4369	4327
1115	6987	4944
1116	5363	4948
1117	4110	4953
1118	3560	4953
1119	5405	4955
1120	2739	4965
1121	5430	4966
1122	3175	4981
1123	5499	4984
1124	3663	4984
1125	3969	4991
1126	3413	4994
1127	3036	4999
1128	7280	4999
1129	5498	5010
1130	3464	5015
1131	8645	5017
1132	8090	5019
1133	9077	5021
1134	8307	5022
1135	3737	5025
1136	3983	5029
1137	7583	5040
1138	5878	5044
1139	7203	5044
1140	8149	5047
1141	8082	5064
1142	4689	5072
1143	3979	5076
1144	3303	5077
1145	4119	5090
1146	2834	4696
1147	4114	5099
1148	4179	5100
1149	7105	5101
1150	4105	5108
1151	8741	5117
1152	8675	5117
1153	5068	3959
1154	4553	5130
1155	3411	5130
1156	3525	5130
1157	3580	5134
1158	8112	5139
1159	6953	5140
1160	7158	5143
1161	3161	5145
1162	3304	5148
1163	7217	5156
1164	6956	5163
1165	3208	5165
1166	6674	7974
1167	8609	5169
1168	6997	5170
1169	8156	5172
1170	7306	5175
1171	7930	5200
1172	8246	5202
1173	3192	5208
1174	7603	5212
1175	8859	5219
1176	9060	5221
1177	3750	5223
1178	4171	5231
1179	8825	5246
1180	8480	5249
1181	8183	5249
1182	3115	5251
1183	8198	5259
1184	5199	5263
1185	8361	5264
1186	8197	5284
1187	8052	5284
1188	3920	5287
1189	5632	8305
1190	4148	5294
1191	7766	5296
1192	8968	5297
1193	8471	5299
1194	4146	5303
1195	9352	5306
1196	8862	5311
1197	7094	5324
1198	8102	5325
1199	3004	5328
1200	7746	5334
1201	8085	5335
1202	7805	5336
1203	3379	5338
1204	4298	5343
1205	8550	5343
1206	6979	5348
1207	3902	5104
1208	7696	5350
1209	3786	5351
1210	3151	5352
1211	3667	4304
1212	3074	5372
1213	8491	5372
1214	7626	5375
1215	8270	5524
1216	7808	5377
1217	7688	5379
1218	8449	5380
1219	8544	5387
1220	5547	5391
1221	7207	5393
1222	4239	5398
1223	5040	5404
1224	7609	5409
1225	7564	5413
1226	3964	5420
1227	8084	5421
1228	7022	5424
1229	2934	5425
1230	4232	5425
1231	9061	5425
1232	7942	5440
1233	6929	5441
1234	4569	4014
1235	4233	5450
1236	5176	5450
1237	8348	5452
1238	5049	5458
1239	8352	5460
1240	4589	5466
1241	8590	5471
1242	8324	5476
1243	8518	5478
1244	7039	5499
1245	5194	5503
1246	5102	5512
1247	4363	5524
1248	8546	5528
1249	7826	5530
1250	7074	5538
1251	7799	5542
1252	7072	5548
1253	6930	5556
1254	8621	5565
1255	6512	2309
1256	7588	5569
1257	7067	5571
1258	7398	5577
1259	7673	5590
1260	4041	5598
1261	9408	6042
1262	7414	5603
1263	6940	5605
1264	9189	5611
1265	8789	5621
1266	8138	5622
1267	7433	5626
1268	7210	5627
1269	8528	5629
1270	9120	5629
1271	9158	5630
1272	7558	5633
1273	7905	5638
1274	4280	5641
1275	7466	5646
1276	7582	5648
1277	8557	5653
1278	8134	5663
1279	7675	5674
1280	4681	4052
1281	9448	5684
1282	9617	5686
1283	8396	5712
1284	7784	5724
1285	9025	5725
1286	7600	5729
1287	7384	5730
1288	9510	5730
1289	4424	5732
1290	6550	8720
1291	7542	5757
1292	6930	5759
1293	9000	5762
1294	8185	5763
1295	8265	5772
1296	8256	5780
1297	7667	5788
1298	7601	5790
1299	8155	5790
1300	3588	4072
1301	9588	5795
1302	9238	5799
1303	9436	5806
1304	6919	5808
1305	8500	5808
1306	8989	5828
1307	8125	5830
1308	3957	5121
1309	9588	5845
1310	9044	5851
1311	9370	5858
1312	9290	5860
1313	7574	5875
1314	7841	5876
1315	7480	5892
1316	8937	5900
1317	8376	5904
1318	7597	5906
1319	8258	5909
1320	8366	5913
1321	7788	5915
1322	7833	5941
1323	7149	5942
1324	8835	5944
1325	5756	5956
1326	9021	5956
1327	9040	5966
1328	5570	4101
1329	5707	5975
1330	7063	5976
1331	8973	5982
1332	5834	8110
1333	6935	5984
1334	9129	5984
1335	5788	4103
1336	8796	5996
1337	9222	5996
1338	7499	6007
1339	8667	6010
1340	8289	6012
1341	4251	6015
1342	9371	6019
1343	9266	6021
1344	8652	6026
1345	8314	6037
1346	9455	6044
1347	6495	8121
1348	8766	6051
1349	8694	6053
1350	8907	6056
1351	4242	6059
1352	8350	6063
1353	7740	6068
1354	7098	6069
1355	7265	6070
1356	8804	6071
1357	3483	6074
1358	7775	6078
1359	7910	6084
1360	8925	6086
1361	9193	6091
1362	9334	6100
1363	7955	6101
1364	4382	6105
1365	7870	6105
1366	7949	6106
1367	4310	6107
1368	8869	6121
1369	8857	6130
1370	8073	6130

REQUESTS = 1500
1	507	15	16	1	5	1
2	1111	19	22	3	3	2
3	924	9	11	1	3	3
4	1276	29	30	3	2	1
5	835	15	16	1	3	2
6	714	8	9	2	1	3
7	1043	35	38	2	3	2
8	28	28	29	3	2	1
9	786	18	19	3	2	2
10	911	25	27	1	1	3
11	956	16	19	3	5	1
12	317	14	15	1	3	1
13	1293	23	25	3	1	3
14	345	9	12	1	5	2
15	517	10	13	3	5	1
16	873	11	12	2	4	1
17	855	22	23	1	2	1
18	905	27	29	2	3	1
19	1172	27	29	1	2	2
20	446	31	34	2	2	1
21	941	11	14	2	1	3
22	704	38	39	1	2	1
23	1079	34	35	2	3	2
24	1356	19	20	2	3	2
25	1290	4	6	1	2	1
26	980	5	8	3	3	1
27	779	27	29	2	1	1
28	1026	37	38	2	2	1
29	676	7	9	3	4	3
30	1071	2	4	1	4	1
31	570	2	4	3	2	1
32	990	36	39	1	5	2
33	1088	6	7	2	4	1
34	1193	32	33	1	1	1
35	710	31	33	3	4	3
36	882	13	16	3	4	3
37	1162	34	36	3	3	2
38	787	2	4	3	2	1
39	1119	10	13	1	4	3
40	259	21	23	1	5	2
41	186	28	29	2	1	3
42	106	1	4	1	1	2
43	423	15	18	3	1	2
44	36	11	14	3	2	2
45	448	22	23	3	2	2
46	1355	5	6	2	2	2
47	386	16	18	2	1	1
48	1179	3	4	1	3	1
49	975	7	8	2	1	3
50	557	14	15	2	4	3
51	628	31	32	2	3	1
52	1330	34	36	3	2	2
53	1285	22	23	3	2	1
54	511	27	29	1	4	3
55	820	3	4	2	2	1
56	1052	21	24	2	5	2
57	858	31	32	1	1	1
58	1165	20	22	3	2	2
59	459	19	22	1	5	2
60	1137	15	17	1	1	1
61	97	7	10	1	5	2
62	1306	21	23	2	5	1
63	290	25	27	3	4	3
64	878	34	35	2	1	2
65	110	11	13	2	3	1
66	553	1	3	2	5	1
67	61	32	34	3	2	2
68	1344	26	27	2	3	3
69	862	12	14	1	5	1
70	1313	16	19	2	2	2
71	465	21	24	3	1	3
72	245	31	33	1	5	1
73	691	9	11	1	1	1
74	1253	5	7	1	3	2
75	515	24	27	2	1	1
76	257	10	12	3	2	2
77	225	16	19	2	3	3
78	1047	3	6	3	3	3
79	789	6	8	1	5	2
80	121	7	8	1	4	1
81	848	4	7	2	2	2
82	405	2	3	2	5	1
83	880	25	27	3	5	2
84	1322	12	14	1	1	3
85	636	31	32	1	4	2
86	1345	5	8	2	4	1
87	308	18	21	3	2	1
88	1199	33	35	3	2	2
89	1029	15	16	2	5	1
90	275	9	10	2	3	2
91	171	21	22	3	4	3
92	1215	32	33	1	2	1
93	113	14	16	1	3	2
94	909	8	9	1	4	3
95	1219	28	30	1	5	1
96	37	28	31	3	5	1
97	431	14	16	1	3	2
98	56	32	35	3	3	2
99	1039	15	18	2	4	3
100	241	12	13	2	1	1
101	30	21	23	3	1	3
102	4	30	31	1	1	2
103	888	11	13	1	4	2
104	1225	4	7	3	3	2
105	908	34	35	2	4	3
106	180	32	35	1	4	1
107	1291	33	36	1	5	1
108	297	10	13	2	4	3
109	1226	1	2	3	1	3
110	358	31	34	2	4	3
111	210	31	32	3	4	2
112	1069	13	14	2	2	2
113	486	2	3	2	5	2
114	565	1	2	1	4	1
115	717	15	18	2	3	1
116	526	31	32	2	5	1
117	176	32	34	1	4	1
118	477	13	16	2	3	2
119	245	7	9	2	1	2
120	560	35	37	1	2	2
121	361	23	25	2	3	2
122	287	29	32	1	3	1
123	1042	9	11	2	1	3
124	558	25	28	1	5	2
125	44	8	11	3	4	2
126	129	28	31	3	1	1
127	627	32	34	1	4	2
128	1024	33	34	1	4	1
129	1303	35	36	2	3	1
130	750	30	32	2	1	3
131	333	15	18	2	5	2
132	589	29	32	3	4	2
133	795	3	6	1	4	2
134	744	8	9	3	3	3
135	702	7	10	3	3	2
136	300	7	10	3	3	3
137	139	12	15	2	4	2
138	970	33	36	1	5	1
139	1036	9	12	1	4	2
140	903	3	6	3	3	2
141	1051	1	3	1	1	2
142	645	25	27	1	3	1
143	726	7	9	1	1	3
144	217	17	19	3	4	1
145	178	11	13	2	4	3
146	238	14	16	1	2	2
147	228	20	23	1	1	3
148	785	4	5	3	3	1
149	648	20	21	3	4	1
150	720	29	30	1	1	3
151	394	13	16	3	1	1
152	986	28	29	2	5	2
153	1018	28	30	2	3	3
154	301	11	13	3	1	2
155	681	29	30	3	5	2
156	1059	19	22	1	2	1
157	226	18	20	1	3	1
158	552	31	33	3	5	2
159	198	34	36	2	4	3
160	1005	8	9	1	1	2
161	407	7	9	3	1	1
162	384	18	19	1	2	1
163	145	28	29	2	5	1
164	956	11	13	1	2	2
165	1357	33	36	2	4	1
166	332	30	32	1	5	2
167	484	7	9	3	5	2
168	1267	5	7	3	3	3
169	573	5	6	2	4	1
170	632	24	27	1	4	1
171	653	15	16	2	2	2
172	839	19	22	3	2	1
173	1233	29	32	3	3	2
174	374	13	15	1	5	2
175	1366	18	19	3	1	1
176	1039	25	26	1	1	2
177	267	25	28	1	2	2
178	13	12	14	1	5	1
179	1123	17	20	1	5	2
180	1025	29	30	3	1	2
181	636	28	29	3	1	2
182	1035	11	14	3	2	1
183	775	12	13	2	2	1
184	152	27	28	2	1	3
185	803	1	3	3	2	2
186	1240	24	25	2	5	1
187	69	25	27	1	3	1
188	1206	25	28	2	5	2
189	1334	5	7	2	5	2
190	223	24	26	2	3	3
191	270	13	14	3	1	2
192	244	7	8	2	2	1
193	138	4	7	2	2	1
194	64	16	17	1	2	1
195	468	13	14	2	5	1
196	997	5	7	2	2	1
197	31	22	24	3	4	2
198	156	7	9	1	2	1
199	92	15	17	3	3	3
200	438	23	24	3	3	2
201	1128	37	38	1	4	2
202	347	11	13	3	2	1
203	318	2	5	2	3	3
204	826	21	24	2	2	1
205	240	1	4	1	2	2
206	573	3	5	2	3	3
207	433	33	35	3	1	1
208	1301	4	5	3	3	3
209	639	18	20	2	2	2
210	952	20	22	3	5	1
211	556	7	9	1	2	1
212	902	28	29	1	4	2
213	1191	11	12	2	5	2
214	1089	1	4	3	3	2
215	747	23	25	2	2	1
216	784	8	9	3	4	3
217	1231	35	38	2	2	2
218	1142	24	26	1	3	1
219	344	11	12	3	3	3
220	1022	4	7	2	1	3
221	523	35	36	3	4	1
222	309	3	5	2	3	3
223	672	28	31	2	2	2
224	1361	4	7	1	1	3
225	823	16	19	3	2	1
226	492	14	15	2	2	2
227	1339	16	18	2	5	2
228	847	18	20	1	2	1
229	1231	26	29	3	2	1
230	916	19	21	2	1	1
231	1085	15	16	1	2	1
232	821	6	9	2	2	1
233	464	19	21	3	1	2
234	177	15	17	2	4	1
235	874	28	30	3	2	1
236	462	12	13	2	2	2
237	184	26	27	3	2	1
238	495	2	3	3	2	2
239	1364	1	4	2	1	3
240	506	30	32	3	3	3
241	119	12	15	3	2	1
242	149	18	21	1	1	1
243	538	4	5	2	3	1
244	613	22	25	1	1	2
245	649	17	20	2	5	1
246	971	3	5	2	4	3
247	379	7	9	1	2	1
248	243	9	10	2	5	1
249	111	13	15	3	3	3
250	929	11	14	3	3	1
251	109	8	11	1	4	1
252	481	13	16	2	2	1
253	519	5	7	3	1	2
254	622	14	16	3	1	1
255	1055	3	5	2	5	2
256	1132	24	25	2	2	2
257	460	27	29	3	2	2
258	611	13	15	2	3	3
259	59	6	8	1	4	2
260	646	23	24	1	3	1
261	401	4	5	3	4	1
262	106	23	25	2	4	2
263	1124	2	5	1	3	2
264	338	4	5	3	2	2
265	856	4	6	1	4	3
266	335	11	13	2	5	2
267	1174	7	10	2	2	2
268	548	12	13	2	5	1
269	935	6	7	3	3	1
270	606	6	9	2	3	3
271	1000	6	7	1	5	1
272	1264	4	7	2	2	1
273	587	27	29	3	2	1
274	68	33	36	3	3	3
275	652	20	21	2	4	2
276	455	25	28	1	1	3
277	341	10	11	1	5	1
278	89	1	4	1	3	2
279	1181	3	6	2	4	3
280	813	9	11	3	2	2
281	387	32	35	1	4	2
282	162	11	14	1	3	1
283	1211	14	16	1	5	1
284	689	18	21	3	5	2
285	657	29	30	3	4	1
286	197	6	7	3	2	1
287	1016	15	18	1	5	2
288	1136	17	18	1	1	2
289	134	12	13	1	2	1
290	640	24	25	3	5	2
291	602	5	7	3	2	2
292	49	34	37	1	2	1
293	1184	2	3	3	5	1
294	1244	13	14	3	5	1
295	503	17	20	3	3	2
296	148	21	23	1	2	2
297	642	8	11	3	2	2
298	584	25	26	3	3	3
299	392	16	19	3	1	1
300	508	13	15	1	2	1
301	411	36	38	2	5	2
302	143	9	12	3	3	1
303	1187	15	16	1	1	3
304	1201	7	10	3	2	1
305	237	20	22	1	5	2
306	544	21	22	1	4	3
307	760	14	17	3	3	1
308	737	19	20	3	3	2
309	1316	9	12	3	3	2
310	968	8	10	3	4	2
311	173	12	15	1	3	3
312	996	29	30	2	4	2
313	126	14	15	1	3	1
314	1189	1	2	2	1	1
315	141	17	20	1	3	1
316	1114	18	20	3	3	1
317	62	1	2	2	2	2
318	372	12	13	1	5	1
319	37	31	33	1	3	3
320	1284	3	5	2	1	1
321	451	27	30	2	3	3
322	211	29	32	3	4	1
323	899	26	28	3	3	1
324	918	33	35	2	4	3
325	532	26	28	1	1	1
326	359	22	25	2	1	2
327	761	30	31	1	3	2
328	1163	33	36	3	3	3
329	756	30	31	3	3	1
330	572	2	4	2	2	1
331	600	33	35	2	2	2
332	713	5	7	2	3	2
333	678	4	5	3	4	1
334	814	18	21	2	2	2
335	590	23	26	1	5	1
336	103	27	30	3	5	2
337	310	26	27	3	5	1
338	187	14	15	2	5	1
339	371	9	11	2	3	1
340	65	20	21	1	2	1
341	658	8	11	1	1	2
342	1167	29	31	2	1	2
343	221	21	22	2	2	2
344	891	34	37	3	3	2
345	82	5	6	3	3	1
346	1365	7	10	3	3	3
347	429	3	5	2	2	2
348	920	18	21	2	2	2
349	481	33	35	1	5	2
350	17	2	4	3	2	2
351	95	32	35	3	1	1
352	1288	32	34	3	4	3
353	306	28	30	1	1	2
354	857	4	5	3	2	2
355	101	9	11	3	5	2
356	1011	25	27	1	1	3
357	797	9	10	2	3	2
358	1188	4	5	2	4	2
359	1027	19	22	3	3	3
360	167	28	31	2	1	1
361	767	6	9	1	1	3
362	770	31	32	2	3	2
363	697	34	36	2	2	2
364	251	22	25	1	5	2
365	343	9	12	3	4	2
366	303	12	14	2	2	2
367	682	7	10	2	4	2
368	549	28	29	3	3	2
369	38	27	29	2	1	1
370	539	29	30	1	5	1
371	876	11	14	1	4	1
372	690	26	29	3	5	1
373	1341	13	15	2	5	1
374	1077	17	19	1	2	2
375	1262	28	29	3	2	2
376	1129	35	37	2	3	3
377	637	22	23	2	1	2
378	1102	25	26	2	2	1
379	1116	11	13	2	4	2
380	302	33	35	1	1	1
381	880	8	9	3	5	1
382	966	17	19	2	4	1
383	1286	16	19	2	1	2
384	339	36	38	2	1	2
385	274	28	30	1	2	1
386	730	22	25	3	5	1
387	1270	33	35	2	2	1
388	191	19	22	2	5	2
389	833	21	22	3	4	3
390	936	13	16	2	1	2
391	540	28	30	2	5	1
392	153	17	19	1	3	2
393	945	20	21	2	5	2
394	795	6	7	3	1	2
395	421	13	15	1	2	1
396	48	24	25	1	1	2
397	1323	6	8	3	3	2
398	687	31	34	3	3	2
399	641	19	22	3	3	3
400	233	10	12	2	2	1
401	718	9	11	1	3	3
402	662	37	38	2	3	1
403	66	7	9	1	2	1
404	728	8	9	3	1	3
405	644	28	29	2	3	3
406	1156	11	12	1	3	1
407	569	25	27	3	1	1
408	748	24	26	3	2	1
409	1367	34	35	1	1	3
410	917	20	23	3	3	3
411	1068	16	17	1	2	1
412	1159	11	14	3	4	1
413	470	4	5	1	3	1
414	1287	4	5	2	3	1
415	388	6	8	3	4	3
416	746	19	20	2	4	3
417	466	5	8	3	1	1
418	559	7	10	2	4	2
419	472	28	29	3	4	2
420	1369	5	7	1	1	3
421	634	27	28	3	2	1
422	434	26	28	2	4	3
423	133	25	26	1	1	3
424	1227	27	30	1	4	3
425	533	14	16	3	1	2
426	543	33	36	2	2	2
427	15	27	30	1	5	2
428	52	25	27	3	3	1
429	870	13	16	3	2	1
430	766	21	24	2	5	1
431	514	18	21	1	3	1
432	1254	16	17	2	4	2
433	362	27	29	2	2	1
434	630	34	35	2	1	2
435	720	10	12	1	4	1
436	515	20	21	2	1	1
437	100	29	31	1	3	2
438	907	24	25	1	3	2
439	555	4	6	3	4	1
440	1059	31	34	2	2	2
441	1220	26	29	3	5	1
442	249	15	18	1	2	2
443	817	20	21	3	5	1
444	831	29	32	1	4	1
445	41	9	10	3	2	1
446	194	8	9	1	3	2
447	1134	27	28	3	5	2
448	449	2	4	2	2	2
449	87	28	29	3	3	3
450	667	28	29	1	1	2
451	171	7	10	2	3	3
452	164	10	13	1	3	2
453	150	11	13	2	4	1
454	758	6	8	2	2	1
455	561	11	14	3	5	1
456	24	4	5	1	3	3
457	859	7	8	1	4	3
458	1218	17	20	2	5	2
459	1208	25	26	3	4	3
460	1099	18	20	1	1	2
461	969	13	16	2	1	2
462	531	27	30	2	1	3
463	47	27	28	2	3	1
464	974	25	26	1	5	1
465	412	17	18	3	4	3
466	1281	20	21	2	1	2
467	1063	8	9	3	4	3
468	1298	34	35	2	3	1
469	1074	4	5	3	3	1
470	311	23	24	3	4	1
471	1272	32	34	2	4	1
472	737	11	13	1	4	2
473	660	5	7	3	2	1
474	160	36	37	1	5	2
475	1173	36	39	1	4	3
476	522	28	30	3	4	1
477	1002	7	8	2	5	2
478	498	19	22	2	4	1
479	1350	27	29	1	1	3
480	1120	18	19	2	5	1
481	617	28	29	2	4	2
482	395	11	13	1	4	1
483	174	12	13	2	5	1
484	753	28	29	3	4	3
485	232	27	30	2	2	1
486	719	17	18	3	1	3
487	1239	15	18	3	3	3
488	112	10	13	2	2	2
489	715	27	29	3	4	3
490	1083	13	16	2	3	3
491	1158	1	3	2	5	2
492	273	32	35	3	2	1
493	547	35	38	1	3	1
494	28	5	7	3	4	2
495	1148	32	33	1	1	2
496	2	11	14	1	1	2
497	1245	4	5	1	3	1
498	278	18	20	3	4	3
499	701	32	33	1	4	1
500	203	10	11	3	1	1
501	1121	7	10	1	1	3
502	1093	16	18	3	5	1
503	1237	23	24	2	5	2
504	972	32	33	3	4	1
505	608	18	21	3	1	3
506	706	35	38	2	1	2
507	696	8	10	1	5	2
508	513	1	2	3	1	2
509	320	31	34	1	3	3
510	57	18	21	2	1	2
511	505	14	15	3	5	2
512	330	21	22	2	2	2
513	772	18	21	3	1	3
514	1289	16	19	2	3	2
515	381	17	19	2	2	2
516	609	8	11	1	5	1
517	1045	2	5	3	4	2
518	864	38	39	1	4	1
519	564	3	5	2	2	1
520	981	1	3	1	1	1
521	1347	31	33	2	2	1
522	1280	10	12	2	4	3
523	296	23	26	3	3	1
524	1228	35	36	1	2	2
525	594	4	6	2	5	2
526	170	8	10	3	2	2
527	11	16	17	3	1	3
528	414	28	31	3	2	1
529	661	16	17	2	5	2
530	895	20	21	1	4	2
531	202	33	35	3	2	1
532	20	12	14	3	4	2
533	1083	35	36	2	2	2
534	1318	1	2	3	5	2
535	940	35	37	2	2	1
536	501	10	11	1	2	2
537	865	17	20	2	2	2
538	213	28	29	2	1	3
539	1151	13	16	2	4	3
540	1340	19	20	2	2	1
541	800	10	12	3	2	2
542	925	14	17	3	3	3
543	822	8	9	3	5	2
544	104	16	18	3	4	2
545	1051	15	18	3	5	1
546	624	31	32	2	3	3
547	1149	31	34	1	1	3
548	196	8	11	2	3	3
549	537	12	13	3	1	1
550	887	27	29	3	2	1
551	918	27	30	2	1	3
552	1117	4	7	2	4	2
553	489	3	5	2	1	3
554	978	2	3	3	5	2
555	1238	22	23	1	2	1
556	452	35	37	3	1	1
557	626	10	11	2	5	2
558	107	17	19	2	3	2
559	804	30	33	2	2	2
560	926	5	7	2	1	3
561	1159	32	33	1	1	1
562	182	33	35	1	4	1
563	239	30	32	3	5	1
564	693	36	37	2	5	2
565	93	21	22	1	3	1
566	398	8	9	1	3	3
567	854	1	3	3	3	3
568	777	35	36	1	2	2
569	827	25	26	1	5	2
570	987	2	4	1	5	2
571	1182	12	14	2	4	3
572	5	3	5	1	2	2
573	669	34	35	2	2	2
574	487	36	37	3	5	2
575	1115	17	18	3	5	1
576	1200	34	37	3	4	1
577	545	11	14	1	4	3
578	872	30	33	2	2	2
579	1031	36	37	1	5	2
580	312	15	18	1	3	1
581	458	29	32	3	1	3
582	467	3	5	3	3	3
583	1009	31	32	1	5	1
584	1268	31	33	3	4	3
585	933	14	17	3	1	2
586	402	14	17	2	3	3
587	137	10	13	2	1	1
588	898	4	5	1	4	2
589	1175	7	10	1	1	3
590	896	23	25	1	2	1
591	1209	18	19	3	3	3
592	1295	6	9	3	4	1
593	185	26	27	3	2	1
594	635	18	19	1	2	2
595	816	19	20	3	5	1
596	79	8	11	3	5	1
597	615	25	27	1	1	3
598	1004	25	28	2	1	3
599	438	16	19	2	2	1
600	1171	1	3	1	1	1
601	510	1	2	3	2	2
602	1028	11	13	2	4	3
603	707	2	5	2	5	1
604	509	11	14	3	2	1
605	554	2	3	2	2	2
606	169	1	4	3	3	3
607	792	12	13	2	3	3
608	601	34	36	3	3	3
609	280	35	36	3	2	2
610	469	7	8	1	4	1
611	1130	8	9	3	4	2
612	683	6	9	1	1	1
613	955	10	13	1	5	2
614	247	24	26	3	2	2
615	1222	11	12	1	4	1
616	108	17	20	1	4	3
617	90	27	30	3	1	3
618	805	3	5	3	1	2
619	656	21	22	3	3	2
620	229	14	16	1	3	3
621	1040	22	23	3	1	1
622	1007	15	17	2	3	1
623	342	19	21	3	4	1
624	803	8	11	3	3	3
625	337	17	20	1	1	2
626	131	16	18	2	5	1
627	51	16	19	1	2	2
628	1234	1	4	2	3	3
629	1147	6	7	3	5	1
630	419	24	27	3	3	3
631	513	36	39	1	4	2
632	353	12	15	3	3	1
633	928	29	30	1	2	2
634	742	25	28	2	3	1
635	951	33	35	1	1	2
636	576	33	36	2	4	2
637	373	3	4	2	2	2
638	277	3	5	2	5	1
639	1008	4	5	2	5	1
640	39	23	26	1	3	1
641	942	5	6	2	1	2
642	443	19	20	2	4	2
643	783	7	10	3	3	3
644	1081	8	11	1	4	1
645	698	29	31	2	3	2
646	116	9	12	3	4	3
647	1080	19	20	3	1	3
648	1185	13	16	3	2	1
649	397	16	19	2	5	2
650	1023	2	4	3	4	2
651	670	21	24	2	3	3
652	1038	37	38	1	5	1
653	14	8	10	1	2	1
654	1146	25	26	3	4	2
655	327	34	36	2	3	1
656	1090	11	14	1	1	1
657	818	11	14	1	5	2
658	1308	33	34	3	5	1
659	294	33	36	1	5	2
660	1257	1	4	1	3	1
661	293	18	20	3	5	2
662	252	37	38	2	2	1
663	792	9	12	2	5	1
664	512	34	37	1	3	3
665	1348	2	5	3	1	2
666	1072	31	34	1	1	1
667	298	29	31	2	1	3
668	205	31	32	1	1	3
669	227	15	18	1	1	1
670	216	14	16	2	1	2
671	592	1	3	2	1	2
672	248	2	4	1	5	2
673	1021	4	6	2	5	1
674	824	23	24	3	4	3
675	456	33	36	1	3	2
676	1122	23	24	2	4	2
677	157	10	12	2	5	1
678	110	12	14	1	1	2
679	21	2	4	3	5	1
680	1265	36	38	1	2	1
681	1249	34	36	2	3	2
682	1164	23	26	3	4	1
683	1107	17	19	3	3	1
684	931	17	18	3	3	3
685	708	34	35	2	4	3
686	272	27	29	2	3	2
687	989	19	20	3	4	3
688	1216	25	27	2	1	1
689	1333	15	17	2	4	1
690	1279	28	31	3	5	2
691	1220	35	37	2	3	1
692	793	17	19	2	5	2
693	1160	1	4	2	1	1
694	1354	10	13	3	5	2
695	428	7	10	1	1	3
696	1066	29	31	2	2	2
697	201	27	28	1	5	1
698	96	6	7	3	5	2
699	1049	21	23	1	3	3
700	159	13	15	3	1	1
701	424	3	6	2	3	1
702	214	5	6	1	3	1
703	1065	4	6	2	4	1
704	985	19	22	2	5	2
705	161	26	29	2	1	2
706	961	33	34	1	5	2
707	322	26	28	3	5	2
708	1041	17	18	2	4	1
709	482	32	34	2	3	3
710	128	5	6	2	4	3
711	342	20	21	3	1	2
712	979	21	22	3	2	1
713	50	35	37	2	5	1
714	29	30	32	1	5	1
715	1319	16	18	3	3	3
716	991	32	34	2	1	3
717	474	21	22	2	2	1
718	830	20	21	3	3	3
719	1328	19	22	1	3	1
720	234	11	12	3	4	1
721	1013	6	7	1	3	3
722	739	2	5	3	5	2
723	199	34	35	1	4	1
724	115	3	5	1	1	1
725	357	28	30	3	2	1
726	1019	32	34	2	1	3
727	665	8	9	1	5	1
728	1229	18	19	2	2	2
729	1362	11	13	1	4	1
730	677	17	18	3	2	2
731	926	13	15	3	3	3
732	1062	4	5	1	2	1
733	1060	4	7	1	2	2
734	1207	6	9	3	1	1
735	120	22	24	2	2	1
736	355	13	14	1	1	3
737	427	10	11	1	5	2
738	3	3	4	2	4	2
739	399	25	27	3	1	3
740	1113	9	10	3	5	1
741	1323	11	13	1	1	1
742	674	33	34	3	3	1
743	365	18	21	3	1	2
744	1358	6	9	3	4	2
745	1087	8	10	2	5	2
746	945	26	28	3	5	2
747	541	32	35	3	4	3
748	192	16	19	3	5	1
749	1326	14	17	3	1	3
750	1188	33	34	1	5	2
751	1091	23	25	2	2	1
752	1347	28	30	3	1	2
753	1223	17	19	1	1	1
754	763	5	7	2	2	2
755	236	1	4	3	3	3
756	127	31	33	2	2	1
757	1282	8	10	2	3	1
758	909	26	29	2	5	2
759	631	1	4	3	4	3
760	571	29	32	1	3	2
761	1315	4	5	3	4	3
762	453	21	22	3	5	1
763	967	14	15	1	4	1
764	81	4	6	3	2	2
765	436	15	16	3	2	1
766	583	18	19	3	1	3
767	282	33	36	3	4	1
768	1338	20	22	2	1	1
769	927	21	23	3	1	3
770	1153	16	19	2	1	2
771	488	24	27	2	2	1
772	801	5	7	2	3	2
773	1217	29	32	1	4	1
774	843	7	10	1	3	3
775	799	30	33	3	5	1
776	70	31	34	2	3	2
777	850	6	9	3	1	3
778	1199	29	30	1	3	3
779	1010	31	33	2	4	2
780	324	33	35	3	4	3
781	159	23	24	2	5	2
782	788	16	17	1	5	2
783	781	30	33	2	2	2
784	40	17	19	1	3	3
785	940	21	23	2	1	3
786	709	20	23	1	3	2
787	912	19	21	2	2	2
788	947	1	3	2	1	3
789	35	28	31	2	3	1
790	1271	28	31	1	3	3
791	535	5	8	1	1	1
792	603	32	35	2	2	1
793	315	3	5	3	5	2
794	43	27	29	1	5	2
795	796	19	20	1	3	3
796	96	16	17	3	3	3
797	253	30	33	3	1	2
798	618	17	18	3	5	2
799	103	25	28	1	3	3
800	977	28	31	3	1	2
801	285	34	37	3	1	3
802	695	17	18	2	2	1
803	711	5	6	2	4	3
804	458	7	10	2	5	1
805	1104	15	16	1	1	3
806	1100	4	7	3	2	2
807	105	6	7	2	5	1
808	91	31	34	1	4	2
809	400	21	24	3	2	2
810	204	6	8	1	2	1
811	900	31	32	2	2	1
812	454	2	5	3	3	2
813	350	9	11	3	3	2
814	9	24	27	2	3	1
815	811	13	16	2	4	1
816	1118	36	38	1	4	2
817	806	15	17	3	2	2
818	26	25	28	1	2	2
819	1180	18	21	2	3	1
820	1269	24	25	2	4	2
821	12	4	5	2	5	2
822	1258	28	30	3	3	3
823	1097	16	17	1	5	1
824	276	33	34	1	2	1
825	102	32	34	2	3	3
826	1339	24	27	2	2	2
827	1106	18	19	3	2	1
828	736	21	23	3	5	1
829	871	1	3	1	4	1
830	220	24	26	1	3	3
831	426	33	36	1	2	1
832	251	6	8	2	2	1
833	548	22	24	3	4	2
834	323	1	4	3	4	1
835	607	12	13	3	4	2
836	1144	1	4	3	2	2
837	261	4	7	1	4	1
838	528	7	9	1	1	3
839	625	22	25	3	1	1
840	54	21	24	3	5	1
841	356	17	19	3	4	3
842	420	7	10	1	4	1
843	829	19	22	2	3	3
844	984	7	8	1	4	1
845	368	10	11	1	4	2
846	815	25	28	3	4	1
847	1320	23	24	2	1	3
848	988	29	32	1	5	2
849	349	24	25	1	2	2
850	1281	25	26	3	1	3
851	1198	27	29	1	2	2
852	479	29	31	2	5	1
853	1213	26	28	2	4	1
854	383	34	35	3	5	1
855	1112	18	21	3	1	1
856	345	21	24	2	3	1
857	390	22	25	2	5	2
858	529	20	22	1	3	3
859	410	4	7	1	1	1
860	993	29	30	1	5	1
861	490	20	21	3	3	1
862	610	21	22	1	4	2
863	42	5	7	3	5	2
864	585	13	16	3	4	2
865	1058	5	7	3	4	2
866	476	37	38	2	3	3
867	1044	4	7	2	2	2
868	340	6	8	1	3	2
869	680	6	7	1	1	2
870	914	17	18	2	2	2
871	255	3	5	2	5	2
872	319	9	11	3	4	2
873	382	30	33	3	1	1
874	50	29	31	1	5	1
875	408	4	5	1	1	2
876	846	15	18	1	1	2
877	99	5	6	3	1	2
878	932	14	16	3	5	1
879	130	26	28	1	1	1
880	1202	7	9	2	2	2
881	525	3	4	2	4	3
882	8	8	9	3	5	2
883	1304	23	24	1	2	2
884	256	28	31	3	4	3
885	886	27	29	2	3	3
886	673	10	13	2	4	2
887	216	10	13	3	4	2
888	1166	9	10	2	4	2
889	18	20	21	2	1	2
890	142	12	13	3	4	2
891	246	30	31	1	4	1
892	582	31	32	1	1	2
893	352	4	6	2	4	3
894	838	31	34	1	5	2
895	166	13	14	3	3	2
896	906	24	27	2	3	1
897	1232	8	11	1	5	2
898	1363	34	37	2	4	2
899	454	19	22	3	5	2
900	163	21	23	1	5	2
901	1275	18	21	1	4	2
902	27	9	12	1	2	1
903	215	34	35	1	2	2
904	83	34	35	2	3	3
905	86	3	4	2	2	2
906	1038	23	25	2	5	2
907	1360	28	29	1	1	3
908	934	1	3	2	1	2
909	1170	17	18	2	2	2
910	1161	5	6	2	2	2
911	425	4	7	1	5	1
912	1327	20	23	2	2	2
913	1299	15	18	3	5	2
914	965	23	25	2	1	1
915	1057	9	10	2	4	3
916	1256	10	12	1	1	3
917	223	12	14	2	1	3
918	897	34	36	3	1	2
919	475	15	16	3	1	1
920	233	17	20	3	5	2
921	1343	22	25	2	3	2
922	242	5	8	3	4	2
923	1332	5	7	1	3	3
924	55	30	32	1	2	2
925	348	18	21	2	1	3
926	1263	10	11	3	3	3
927	901	17	18	2	1	2
928	72	7	8	2	3	3
929	380	14	17	3	4	1
930	892	13	15	1	1	2
931	1278	26	29	2	1	1
932	1093	11	13	1	1	2
933	415	21	24	3	2	1
934	703	15	18	1	5	1
935	849	37	38	2	4	2
936	769	27	30	1	4	3
937	471	37	38	1	2	1
938	1082	19	21	2	3	2
939	22	1	4	2	2	2
940	147	22	25	2	2	1
941	1169	8	10	1	1	2
942	1342	7	8	1	2	2
943	422	3	4	2	4	2
944	1370	29	31	2	1	1
945	962	26	29	2	3	1
946	369	16	17	2	1	1
947	474	31	34	2	3	3
948	568	18	20	3	2	2
949	117	25	26	3	3	1
950	231	25	28	2	3	3
951	6	33	34	3	3	1
952	1352	7	10	3	2	1
953	46	27	28	1	5	1
954	401	16	18	3	4	2
955	442	20	23	2	1	3
956	976	22	24	3	2	1
957	998	20	23	3	3	2
958	517	34	35	3	4	1
959	776	23	26	3	5	2
960	524	11	13	3	3	3
961	1095	12	14	2	2	1
962	439	16	19	2	2	1
963	254	5	7	3	1	2
964	542	14	16	1	4	3
965	483	1	2	3	5	2
966	1248	20	23	2	4	2
967	1054	5	8	2	2	1
968	417	31	34	1	2	1
969	45	16	17	1	1	1
970	445	4	5	2	2	1
971	751	11	13	1	2	2
972	828	26	28	3	5	1
973	825	31	32	2	5	2
974	834	15	17	2	2	1
975	299	12	15	2	2	1
976	1353	33	34	1	1	1
977	371	23	24	1	5	1
978	675	25	26	2	1	2
979	588	32	33	3	1	2
980	959	30	32	1	3	3
981	1135	14	17	3	4	1
982	370	20	23	1	5	2
983	88	4	6	1	2	1
984	692	20	22	3	3	3
985	1141	18	20	2	5	2
986	1237	16	18	1	3	2
987	435	17	18	2	4	1
988	1019	13	16	2	3	1
989	684	22	23	3	4	2
990	580	26	29	1	5	1
991	1314	13	14	1	1	2
992	67	6	8	3	1	2
993	617	10	12	1	2	1
994	1037	22	25	1	5	2
995	663	14	16	3	1	1
996	841	27	28	3	4	3
997	1265	21	24	1	1	1
998	1109	17	20	2	5	2
999	851	9	12	3	4	3
1000	1139	11	13	1	4	1
1001	853	37	39	1	1	2
1002	1103	29	30	1	3	3
1003	493	27	30	1	4	1
1004	619	20	21	3	4	2
1005	1231	19	20	2	2	1
1006	182	33	35	3	2	2
1007	1368	10	13	3	3	1
1008	1133	22	24	1	3	3
1009	181	30	31	1	2	1
1010	1067	30	33	2	4	3
1011	596	11	14	1	2	1
1012	181	17	20	3	2	2
1013	1311	26	27	2	2	2
1014	1182	2	5	3	4	1
1015	124	9	11	3	1	2
1016	1070	24	26	2	1	1
1017	1148	28	29	1	5	2
1018	271	3	5	3	5	1
1019	140	17	20	3	3	1
1020	904	16	17	3	2	1
1021	190	26	29	1	2	1
1022	712	25	26	1	4	2
1023	375	36	39	1	3	1
1024	195	18	21	3	4	3
1025	930	30	31	3	1	2
1026	938	15	17	3	5	2
1027	654	1	4	3	1	3
1028	19	24	25	3	1	1
1029	794	26	29	1	3	1
1030	416	1	3	3	3	2
1031	700	21	23	1	3	1
1032	114	7	9	1	3	2
1033	621	23	25	2	2	2
1034	291	34	35	1	4	3
1035	563	28	29	3	4	2
1036	867	21	22	2	3	2
1037	288	1	2	3	1	1
1038	688	24	27	3	2	1
1039	520	18	20	2	4	1
1040	910	6	7	2	3	3
1041	999	3	5	3	5	2
1042	1076	5	8	2	5	2
1043	7	24	27	2	5	2
1044	1247	19	22	3	1	1
1045	391	23	24	3	3	1
1046	964	10	11	1	5	2
1047	836	26	27	1	4	2
1048	949	14	17	1	2	2
1049	1305	23	24	2	1	1
1050	812	14	15	1	2	1
1051	802	16	18	1	3	3
1052	264	7	8	3	4	3
1053	478	32	35	2	3	3
1054	209	30	32	2	3	2
1055	780	29	31	2	3	2
1056	764	11	12	3	5	1
1057	932	36	37	1	1	1
1058	158	24	26	2	1	3
1059	135	19	21	3	4	1
1060	447	5	8	3	2	1
1061	958	26	27	3	2	1
1062	887	7	8	3	2	2
1063	1212	1	2	3	5	2
1064	329	6	7	2	4	1
1065	280	24	25	1	1	3
1066	1230	3	6	1	5	1
1067	1335	13	16	1	2	2
1068	375	1	2	2	4	2
1069	20	36	37	1	2	1
1070	1001	26	27	2	1	3
1071	525	6	9	2	1	3
1072	868	22	24	1	3	2
1073	650	25	27	3	5	2
1074	1302	19	20	3	2	1
1075	369	12	13	2	2	1
1076	1056	2	3	3	3	2
1077	666	35	36	3	5	2
1078	1053	34	35	1	1	1
1079	1117	3	5	3	5	2
1080	313	28	30	3	3	1
1081	808	29	31	3	2	2
1082	71	25	26	1	4	1
1083	629	31	33	3	5	2
1084	1	27	30	3	5	2
1085	351	7	8	2	3	1
1086	923	33	35	1	3	1
1087	94	21	24	3	1	2
1088	973	5	6	1	1	3
1089	1110	25	27	2	4	2
1090	480	26	27	3	5	2
1091	664	11	14	3	4	3
1092	475	7	10	1	4	1
1093	1073	18	20	3	4	3
1094	1324	16	17	3	3	2
1095	953	32	34	3	2	2
1096	879	31	34	1	3	1
1097	1300	10	12	3	1	2
1098	450	3	4	3	5	1
1099	496	25	27	1	3	2
1100	200	7	9	1	1	3
1101	168	3	6	1	5	1
1102	1131	4	6	3	3	3
1103	457	9	10	3	1	3
1104	417	5	6	2	4	1
1105	705	21	24	3	4	3
1106	604	13	15	1	4	1
1107	1224	16	18	2	4	3
1108	367	2	4	3	3	1
1109	1143	23	26	1	3	1
1110	1125	34	37	2	1	2
1111	396	35	36	3	1	2
1112	314	14	15	2	3	1
1113	1261	33	35	1	3	2
1114	172	11	12	2	3	1
1115	76	28	31	2	4	1
1116	413	28	30	1	3	2
1117	757	18	19	3	2	2
1118	948	34	35	1	2	2
1119	75	11	14	2	1	3
1120	902	14	17	1	4	2
1121	768	7	10	1	5	1
1122	1178	22	24	3	2	1
1123	915	25	27	2	1	3
1124	1140	22	25	2	5	1
1125	58	31	33	3	5	1
1126	527	24	26	3	4	2
1127	1334	2	3	3	1	3
1128	1242	7	9	2	2	2
1129	84	11	12	2	4	2
1130	1192	14	17	3	5	1
1131	208	22	25	1	4	3
1132	23	22	24	3	3	2
1133	1154	22	24	3	5	2
1134	366	32	33	1	5	2
1135	1259	20	21	3	1	3
1136	919	36	39	1	4	2
1137	366	28	30	1	3	1
1138	1260	31	33	1	1	3
1139	1170	8	11	2	1	1
1140	754	33	36	1	1	2
1141	762	10	11	3	1	2
1142	782	22	23	1	5	1
1143	77	13	15	1	3	3
1144	982	4	7	2	3	1
1145	1311	3	4	3	4	2
1146	597	9	10	1	2	1
1147	281	21	22	3	5	1
1148	326	11	12	3	4	1
1149	494	23	26	3	5	1
1150	837	1	4	2	5	1
1151	1236	11	13	2	3	1
1152	562	34	36	1	3	2
1153	844	3	6	1	4	1
1154	546	8	11	3	1	1
1155	1197	31	32	2	5	2
1156	536	23	26	3	2	1
1157	1177	26	29	3	4	1
1158	363	34	35	3	3	3
1159	879	34	35	1	2	2
1160	866	29	32	2	2	2
1161	30	34	36	1	1	2
1162	1195	20	22	1	1	3
1163	721	30	33	1	2	1
1164	98	14	17	1	4	3
1165	289	4	7	1	2	1
1166	694	34	37	2	3	1
1167	279	5	7	3	1	2
1168	16	34	37	1	1	3
1169	797	23	25	2	2	2
1170	1292	31	34	2	1	3
1171	1014	5	7	3	3	2
1172	752	9	11	1	2	1
1173	393	9	11	3	5	1
1174	727	5	6	1	2	2
1175	307	10	11	2	5	1
1176	655	22	25	3	5	1
1177	60	1	4	1	4	1
1178	575	32	34	1	2	1
1179	463	25	26	2	3	1
1180	530	23	26	2	1	3
1181	212	26	27	1	2	1
1182	551	10	13	2	3	1
1183	937	15	16	2	5	1
1184	729	16	18	1	2	2
1185	73	34	35	2	5	1
1186	889	26	27	1	3	1
1187	593	4	5	1	5	1
1188	360	22	24	3	4	1
1189	1299	25	26	3	3	1
1190	1255	19	22	3	1	3
1191	550	26	27	1	2	1
1192	659	7	10	1	1	2
1193	188	18	21	3	2	1
1194	235	31	34	1	4	2
1195	146	19	21	3	4	1
1196	440	27	29	1	2	2
1197	668	28	31	3	3	2
1198	385	6	7	2	5	1
1199	869	20	22	2	3	1
1200	123	33	36	3	2	1
1201	1194	21	22	1	3	3
1202	1351	21	22	2	4	3
1203	921	26	28	2	5	1
1204	819	8	9	2	5	2
1205	1297	9	11	3	3	2
1206	1208	35	37	2	5	2
1207	671	8	10	1	4	3
1208	1336	13	15	2	2	2
1209	531	6	8	3	4	1
1210	765	7	8	1	4	3
1211	32	18	20	3	3	1
1212	749	23	24	1	2	1
1213	598	25	27	2	3	2
1214	1228	10	13	3	2	2
1215	791	16	17	3	3	3
1216	9	16	17	1	4	2
1217	1094	26	28	1	3	2
1218	964	17	18	3	3	3
1219	575	14	16	1	1	3
1220	1296	17	20	2	1	3
1221	656	19	21	3	2	1
1222	165	24	27	3	4	2
1223	403	1	4	3	5	1
1224	1244	26	28	2	1	3
1225	1359	29	31	3	4	1
1226	851	22	23	3	2	2
1227	651	23	24	1	2	2
1228	1321	14	16	3	5	1
1229	1274	19	22	3	4	3
1230	1241	34	36	3	3	3
1231	733	20	23	1	3	3
1232	1317	24	25	2	3	1
1233	723	4	7	3	5	1
1234	1061	5	7	2	4	2
1235	852	12	14	2	3	3
1236	944	31	33	1	5	2
1237	633	30	31	3	2	1
1238	461	4	7	3	5	1
1239	566	14	17	2	5	1
1240	734	8	11	3	1	1
1241	643	21	24	1	2	2
1242	614	16	19	3	5	1
1243	409	3	4	3	2	1
1244	845	19	22	2	4	2
1245	117	35	37	1	4	3
1246	1190	27	29	1	2	1
1247	1310	32	34	1	3	2
1248	890	4	7	3	1	2
1249	1252	8	9	1	2	2
1250	502	3	4	3	1	3
1251	1126	3	6	2	4	3
1252	250	27	29	2	4	3
1253	415	19	21	2	4	2
1254	697	8	9	3	2	2
1255	740	13	15	3	5	2
1256	492	4	6	3	4	2
1257	1145	2	5	1	3	2
1258	265	18	19	2	3	3
1259	883	11	12	2	3	1
1260	1086	23	26	3	5	2
1261	378	23	24	1	2	2
1262	256	36	38	2	4	1
1263	1309	2	3	1	2	1
1264	63	26	28	3	2	2
1265	725	21	23	2	1	1
1266	193	28	31	3	1	2
1267	263	19	21	2	3	2
1268	1250	35	36	1	4	1
1269	743	8	11	2	5	2
1270	774	3	6	3	3	1
1271	1294	23	26	1	4	1
1272	33	6	9	3	3	3
1273	224	2	4	2	2	1
1274	504	2	4	1	3	3
1275	1312	7	9	2	4	1
1276	321	1	2	2	4	2
1277	175	22	23	1	3	2
1278	735	23	26	1	4	3
1279	258	8	11	3	5	2
1280	1006	31	34	3	4	3
1281	1307	30	31	1	2	2
1282	1168	14	15	1	4	3
1283	260	4	6	2	4	2
1284	1214	24	25	2	5	2
1285	518	12	15	1	5	2
1286	1342	25	27	2	4	2
1287	790	10	12	1	5	2
1288	679	6	8	3	5	1
1289	262	19	20	2	1	2
1290	1034	6	9	1	2	1
1291	567	19	22	3	5	2
1292	521	23	25	3	3	1
1293	118	20	23	2	4	2
1294	893	29	31	1	1	3
1295	566	4	6	2	1	1
1296	1166	6	7	3	3	1
1297	1206	7	8	1	3	1
1298	295	20	23	3	2	1
1299	183	17	19	2	2	1
1300	1020	10	11	2	1	2
1301	1101	27	30	2	5	1
1302	649	13	16	3	4	3
1303	290	2	4	3	2	1
1304	364	31	32	1	5	2
1305	286	10	13	2	4	1
1306	1328	6	9	2	1	2
1307	1078	3	5	1	1	2
1308	875	21	23	2	3	3
1309	960	33	36	3	5	2
1310	1075	15	16	3	4	2
1311	579	24	25	2	4	3
1312	699	12	13	2	4	1
1313	389	31	33	2	1	2
1314	612	24	26	3	3	3
1315	771	27	28	2	1	3
1316	1176	28	29	3	3	3
1317	516	18	21	3	1	3
1318	773	10	13	3	2	2
1319	1273	3	4	1	3	2
1320	731	25	28	1	1	3
1321	513	33	36	1	5	2
1322	1064	20	23	2	2	1
1323	1012	11	14	3	3	3
1324	144	7	10	2	3	3
1325	305	6	9	2	5	1
1326	877	18	21	1	3	3
1327	943	32	35	1	2	1
1328	894	3	4	3	4	2
1329	343	16	19	2	3	2
1330	269	11	13	2	2	2
1331	251	31	32	1	5	1
1332	1127	27	29	3	3	3
1333	983	18	21	1	2	1
1334	1337	19	22	1	2	2
1335	860	8	11	1	5	1
1336	430	7	10	2	3	1
1337	1138	11	12	2	3	2
1338	732	12	14	2	5	1
1339	1219	13	16	1	4	3
1340	354	30	32	2	3	2
1341	1157	14	16	3	3	1
1342	331	32	34	1	5	1
1343	881	10	11	1	4	2
1344	284	8	10	2	3	3
1345	34	10	12	2	2	1
1346	581	34	37	3	4	3
1347	963	8	10	1	5	1
1348	304	4	6	3	5	2
1349	283	15	17	3	4	3
1350	1276	15	18	2	2	2
1351	189	16	17	3	3	1
1352	191	27	29	2	5	2
1353	155	11	14	3	5	1
1354	957	28	29	1	5	2
1355	578	7	9	2	3	1
1356	346	23	25	3	2	1
1357	884	21	22	3	4	3
1358	1030	1	4	1	2	2
1359	1084	17	20	2	5	2
1360	913	7	9	1	3	1
1361	992	33	35	1	2	1
1362	716	25	26	3	4	1
1363	1155	2	3	1	4	3
1364	995	9	12	3	3	2
1365	132	1	2	2	2	1
1366	376	34	35	2	5	2
1367	842	21	24	2	3	2
1368	577	4	5	2	1	2
1369	437	12	13	2	3	2
1370	1331	29	30	1	1	3
1371	1108	35	36	1	3	1
1372	1325	19	20	2	2	2
1373	1186	6	7	1	5	2
1374	406	35	37	2	3	1
1375	861	6	9	3	2	1
1376	810	20	23	1	1	1
1377	980	15	16	1	3	2
1378	329	13	15	2	4	2
1379	444	24	26	2	1	3
1380	759	7	9	3	3	1
1381	56	23	24	2	2	1
1382	491	36	38	1	5	2
1383	738	16	17	1	4	2
1384	1246	20	22	1	2	1
1385	1190	1	3	3	4	2
1386	1034	6	7	2	3	1
1387	605	10	11	1	2	2
1388	441	3	5	2	2	2
1389	230	13	15	3	5	1
1390	647	1	4	1	2	1
1391	620	19	20	1	4	1
1392	336	25	27	2	5	1
1393	418	33	35	3	2	2
1394	1251	17	20	2	2	2
1395	638	3	5	2	1	2
1396	1077	20	22	2	3	1
1397	325	8	10	3	4	1
1398	885	16	19	2	3	3
1399	629	24	26	1	3	2
1400	599	5	8	1	3	1
1401	78	22	23	3	1	1
1402	125	20	22	1	4	3
1403	731	15	18	2	1	1
1404	122	15	17	2	3	2
1405	485	31	33	1	2	1
1406	1098	35	36	2	2	1
1407	179	28	31	3	5	1
1408	187	3	5	3	5	2
1409	219	1	4	3	2	2
1410	534	13	14	2	1	1
1411	741	19	20	1	1	3
1412	1196	7	8	3	4	1
1413	76	32	33	1	1	1
1414	595	21	22	2	5	2
1415	1277	27	29	2	5	2
1416	268	8	10	1	4	3
1417	722	18	21	1	4	2
1418	1346	28	31	2	3	1
1419	586	23	24	3	2	2
1420	206	36	38	2	5	1
1421	818	26	29	1	5	1
1422	377	12	13	1	1	2
1423	222	16	18	2	5	2
1424	840	22	25	3	5	2
1425	1047	30	32	1	4	1
1426	1237	32	34	2	3	2
1427	623	12	14	1	3	3
1428	686	14	15	1	1	3
1429	136	15	18	2	3	3
1430	218	26	29	2	2	1
1431	1203	19	22	3	5	2
1432	994	5	8	1	5	1
1433	151	26	27	2	3	2
1434	1071	8	10	1	1	2
1435	1235	25	28	3	3	1
1436	922	34	35	3	4	2
1437	1017	21	22	1	2	1
1438	85	1	4	3	1	1
1439	724	36	38	1	2	2
1440	745	21	22	3	4	3
1441	316	19	22	1	5	2
1442	574	11	14	2	4	1
1443	950	30	32	3	2	2
1444	1046	26	29	2	2	2
1445	740	28	30	1	4	3
1446	1033	32	35	2	1	3
1447	292	22	25	3	3	1
1448	1205	2	3	3	2	2
1449	1183	14	15	1	1	3
1450	74	13	16	1	4	2
1451	1105	28	30	3	1	3
1452	1221	35	36	2	3	3
1453	616	32	34	3	5	1
1454	1152	11	12	2	2	2
1455	755	29	31	3	3	1
1456	1003	13	16	1	3	2
1457	1266	6	8	2	2	1
1458	778	24	25	3	1	2
1459	1210	16	17	3	2	1
1460	1032	17	19	2	4	1
1461	1329	12	14	1	3	3
1462	10	14	15	1	2	1
1463	266	26	29	1	4	3
1464	404	29	30	3	1	3
1465	798	15	18	2	2	2
1466	1243	12	15	3	5	1
1467	685	35	38	1	1	3
1468	946	11	14	2	4	3
1469	1349	7	8	2	3	1
1470	80	18	21	1	1	3
1471	815	25	26	1	3	1
1472	1283	24	26	2	1	1
1473	1128	26	28	1	1	1
1474	1061	19	21	3	4	1
1475	334	12	13	2	1	1
1476	954	3	5	2	5	1
1477	939	4	7	3	2	1
1478	832	34	37	2	1	2
1479	328	35	38	1	5	1
1480	154	18	20	2	3	1
1481	207	15	17	1	3	2
1482	53	35	38	2	1	1
1483	1050	31	34	2	3	2
1484	1048	33	36	1	4	3
1485	809	5	8	3	5	1
1486	25	13	14	3	3	3
1487	497	33	36	2	2	2
1488	1096	15	17	2	4	3
1489	591	11	13	1	5	2
1490	473	27	28	2	1	1
1491	1225	10	13	3	5	2
1492	500	10	13	1	4	3
1493	1092	12	13	2	4	1
1494	1204	16	19	2	2	2
1495	499	5	8	3	2	2
1496	863	37	38	1	2	2
1497	1015	13	14	3	1	2
1498	1150	24	25	2	2	2
1499	807	16	18	2	4	2
1500	432	3	6	1	2	2

