DATASET = ORTEC-hidden instance set VeRoLog competition
NAME = vehicle days over tools over vehicles over distance with 2500 requests over 70 days

DAYS = 70
CAPACITY = 50
MAX_TRIP_DISTANCE = 20000
DEPOT_COORDINATE = 0

VEHICLE_COST = 2000
VEHICLE_DAY_COST = 50000000
DISTANCE_COST = 1

TOOLS = 4
1	6	70	400000
2	9	68	300000
3	15	64	500000
4	3	78	300000

COORDINATES = 2171
0	7688	8161
1	8341	6147
2	9397	6149
3	8311	6151
4	8209	6152
5	8409	6157
6	3505	6165
7	5701	6166
8	8655	6170
9	9134	6173
10	8736	6181
11	9445	6188
12	9058	6191
13	9092	6192
14	7682	6193
15	8172	6195
16	9037	6199
17	8400	6200
18	8831	6201
19	8565	6203
20	7528	6208
21	7988	6210
22	7730	6217
23	8482	6217
24	8220	6223
25	9459	6225
26	7750	6226
27	8982	6227
28	7726	6228
29	8929	6147
30	8007	6236
31	8805	6237
32	7638	6238
33	3943	4146
34	8390	4733
35	8084	6260
36	7870	6264
37	3457	4335
38	4019	6272
39	4187	6277
40	7526	6281
41	6371	6283
42	8484	6289
43	7700	6290
44	7406	6292
45	7788	6295
46	8183	6309
47	8247	6309
48	6814	6313
49	7864	6313
50	8263	6321
51	4168	6326
52	4112	6330
53	7821	6335
54	7846	6340
55	7556	6350
56	8000	6168
57	7959	6359
58	8235	6363
59	4118	6170
60	7641	6381
61	3548	6393
62	7733	6396
63	3823	6398
64	6329	6398
65	7854	6406
66	7514	6409
67	3848	6424
68	8468	6429
69	7451	6442
70	6895	6454
71	6852	6456
72	8565	6469
73	8424	6471
74	7538	6188
75	8049	6484
76	7574	6485
77	8469	6486
78	4351	6492
79	3366	6496
80	3929	6497
81	3775	6509
82	9497	6011
83	7546	6512
84	8033	6517
85	6460	6518
86	3961	6524
87	4078	6526
88	7676	6527
89	4353	6540
90	8212	6547
91	8680	6552
92	3837	6556
93	7806	6557
94	4220	6559
95	7480	6561
96	7423	6562
97	8626	6565
98	4435	4200
99	8665	6569
100	5537	6577
101	6761	6579
102	6960	6588
103	8484	6588
104	8721	6595
105	7683	6601
106	4127	6603
107	5939	8213
108	7055	6604
109	7504	6604
110	6741	6622
111	8369	6623
112	7804	6627
113	6978	6633
114	3667	6639
115	3709	6643
116	8616	6645
117	7590	6648
118	8295	6651
119	7279	6665
120	4126	6669
121	3869	4218
122	7880	6677
123	8062	6679
124	3474	6654
125	7022	6693
126	8668	6702
127	4161	6702
128	4235	4223
129	6556	8230
130	4129	6713
131	8388	6713
132	8605	6228
133	7726	6734
134	5817	6737
135	7192	6742
136	6534	6760
137	8625	6763
138	4180	6765
139	4199	6766
140	8679	6773
141	7758	6775
142	6325	2231
143	8550	6776
144	4114	6784
145	8546	6786
146	3828	6788
147	3708	4752
148	7348	6801
149	3639	6805
150	3443	6808
151	7574	6812
152	8205	6813
153	3755	6814
154	3363	6820
155	3718	6821
156	8320	6828
157	4218	6830
158	8680	6841
159	8479	6842
160	8307	6843
161	9081	8356
162	3492	6847
163	8062	6851
164	8351	6852
165	6392	6854
166	4585	6863
167	3787	6868
168	8069	6870
169	4281	4251
170	4576	6880
171	8681	6885
172	8480	6887
173	8170	6889
174	8538	4254
175	3987	6892
176	7683	6893
177	5019	2754
178	7400	6912
179	8492	4258
180	9628	6918
181	4572	6932
182	3985	6932
183	8238	6939
184	9426	6941
185	7828	6943
186	8490	6946
187	7462	6948
188	7481	6950
189	7478	6951
190	8720	6954
191	8023	6961
192	7881	6965
193	7372	6969
194	7514	6970
195	4207	6974
196	4064	6977
197	8412	6979
198	7432	6981
199	8214	6987
200	8144	6988
201	4257	6994
202	6359	4272
203	4240	7014
204	7855	7021
205	4309	7025
206	4277	7026
207	7729	7027
208	8780	7027
209	6890	7028
210	8134	7035
211	7672	7035
212	7839	7037
213	8489	7042
214	6939	8236
215	4535	7063
216	8858	7065
217	6462	2280
218	8759	7067
219	8801	7069
220	4012	7073
221	3982	7074
222	6458	7074
223	8764	7077
224	8919	7079
225	8052	6289
226	3995	7081
227	6793	7082
228	7800	7085
229	8857	7087
230	7533	7091
231	7848	7096
232	8492	7102
233	7533	8296
234	5886	7106
235	3923	7110
236	4419	7115
237	3697	7126
238	3506	7127
239	3938	7135
240	8491	7135
241	6879	8302
242	8732	7139
243	6744	7140
244	3985	7146
245	7929	7147
246	8140	7148
247	6657	7149
248	4507	7150
249	6894	7151
250	7784	7157
251	8138	7158
252	3588	7162
253	8771	7164
254	8665	7168
255	7915	7177
256	3484	7181
257	3511	7189
258	9083	7196
259	3936	7201
260	6854	7214
261	4244	7221
262	7424	7221
263	4416	7223
264	7804	7225
265	3368	7227
266	8582	7233
267	4534	7234
268	6153	4367
269	6711	7244
270	4219	7248
271	7896	7254
272	8539	7256
273	4591	4317
274	4235	7267
275	6029	7271
276	8813	7274
277	4458	7277
278	8513	7277
279	8017	7283
280	8148	8771
281	7416	7294
282	7522	7297
283	4120	7298
284	8210	7299
285	3919	7301
286	7667	7301
287	7170	7971
288	6693	7312
289	7448	7317
290	7429	7322
291	4062	7325
292	8054	7326
293	7480	7327
294	8524	7336
295	9425	7345
296	3779	7367
297	9131	7376
298	3817	7378
299	5094	4335
300	6540	7380
301	8960	7392
302	6954	7398
303	7276	7401
304	7245	7402
305	8050	7403
306	7500	8347
307	6784	8347
308	6325	7414
309	6549	2338
310	7767	7419
311	4309	7427
312	3810	7428
313	4177	7438
314	5979	7440
315	9616	7442
316	6494	7576
317	8342	6350
318	9015	7445
319	7309	7458
320	8328	7461
321	6565	7461
322	4211	7472
323	7282	7476
324	7107	7478
325	7678	7478
326	3871	7487
327	7095	7489
328	6362	4354
329	9078	7493
330	9024	7494
331	9064	7497
332	9628	7502
333	7148	7505
334	7344	7506
335	4030	7507
336	6403	7511
337	8259	7513
338	3775	7520
339	8119	7528
340	8782	7531
341	6649	7536
342	8781	7536
343	6439	7538
344	3542	7541
345	6994	7542
346	6918	7542
347	7367	7549
348	6677	7563
349	8612	7567
350	3914	7570
351	6256	7570
352	7836	8376
353	8609	7590
354	5744	4371
355	8863	8378
356	7680	7599
357	7548	7605
358	7300	7612
359	8349	7616
360	7920	7617
361	7608	7620
362	7694	7631
363	2908	2779
364	2500	4380
365	8145	7643
366	3480	7647
367	10000	8386
368	7286	7656
369	7994	7657
370	9098	7659
371	6994	7663
372	6734	7663
373	8699	7670
374	7441	7670
375	8342	7686
376	9475	7692
377	7059	7692
378	6823	7694
379	6740	7696
380	3542	7699
381	8100	7702
382	5358	7712
383	5346	7713
384	7228	7717
385	6804	7728
386	5429	7731
387	6460	7731
388	3555	7733
389	5340	7733
390	5806	7737
391	8076	7740
392	5820	7749
393	6378	7758
394	5832	7759
395	6472	7765
396	7526	7774
397	6158	8408
398	7986	7784
399	7088	7791
400	5625	7795
401	7530	7806
402	5674	7813
403	5900	7822
404	6877	7862
405	5248	7826
406	4048	7829
407	8379	7848
408	4142	7853
409	9154	7858
410	6859	7860
411	8706	7868
412	6934	7869
413	6747	7878
414	6094	7880
415	6993	7883
416	7400	7892
417	8811	7898
418	5790	7900
419	5370	7907
420	7123	7911
421	7296	7912
422	7083	7920
423	6875	7921
424	6496	7930
425	6904	7938
426	2412	4430
427	6454	7942
428	4189	7953
429	5768	7955
430	4263	5591
431	6965	7960
432	5334	7965
433	7477	7966
434	7372	7970
435	8636	4435
436	6716	7987
437	6586	7989
438	7949	7995
439	5335	7996
440	8654	7998
441	6902	7999
442	7514	8000
443	5920	8003
444	4297	4441
445	7047	8014
446	3644	6447
447	8219	8022
448	6338	8024
449	7764	8026
450	9453	8026
451	6213	8032
452	6115	8035
453	5851	8040
454	6948	8048
455	7517	8051
456	7487	8053
457	8634	8062
458	7313	8064
459	7521	8068
460	9723	8077
461	8029	7997
462	3704	5196
463	5866	7998
464	6911	8098
465	7549	8106
466	7429	8108
467	8627	8109
468	7128	8116
469	6456	8121
470	7077	8124
471	8416	8128
472	6022	8135
473	6093	8138
474	5454	8140
475	6436	8144
476	5563	8146
477	5896	8147
478	5936	8148
479	6023	3996
480	7561	8156
481	7639	8156
482	6920	8157
483	6126	8158
484	6300	8159
485	7688	8161
486	5704	6470
487	7701	8163
488	5861	8168
489	6168	8169
490	5447	8171
491	8904	8171
492	5541	8172
493	6558	8177
494	7266	8179
495	6909	8180
496	8492	8184
497	7508	8185
498	7450	8187
499	6272	8193
500	7400	6475
501	7717	8197
502	7591	8199
503	3855	4475
504	8979	8228
505	9379	6000
506	7755	8233
507	6472	8233
508	7544	8234
509	7505	4478
510	5690	8237
511	4170	4479
512	7418	6483
513	6307	8255
514	7715	8261
515	5970	8263
516	9248	8267
517	5746	8277
518	5444	8278
519	7153	8278
520	6790	8280
521	6939	8289
522	7327	8294
523	7501	8298
524	5650	8301
525	7390	8301
526	5902	8302
527	9977	8302
528	6430	8304
529	5927	8497
530	5391	8312
531	6710	7605
532	7699	6497
533	2450	4494
534	5601	8333
535	7174	8333
536	7840	8349
537	9335	8353
538	9351	8361
539	7326	8371
540	8782	8379
541	9358	8387
542	9773	8392
543	5623	8393
544	8412	8397
545	5600	8401
546	3823	8403
547	7302	8419
548	8174	8419
549	6551	8421
550	8200	8422
551	6372	3525
552	7406	8426
553	8047	8427
554	6868	8436
555	3616	8441
556	3787	8446
557	6778	8451
558	5470	8452
559	7839	4515
560	8423	8459
561	5964	8460
562	6504	8464
563	8461	8465
564	5406	8466
565	8328	5865
566	6672	8469
567	6748	8525
568	4094	5209
569	7697	4519
570	8754	8488
571	3651	8492
572	6696	8494
573	7180	8494
574	7296	8495
575	7664	8496
576	5786	8497
577	6181	8500
578	7709	8502
579	7335	8505
580	5873	8508
581	3886	8508
582	6128	8509
583	4356	4332
584	4681	2523
585	9691	8533
586	6557	8534
587	6874	8534
588	5865	8538
589	6846	8539
590	9552	8539
591	6475	8542
592	6135	8545
593	6272	8546
594	4521	4010
595	5790	8560
596	5669	8565
597	7437	8571
598	6041	8573
599	8044	8580
600	5361	8593
601	4575	4539
602	8515	8602
603	5591	8615
604	3388	6546
605	8656	8624
606	6391	8625
607	7506	8625
608	6454	8626
609	7794	8637
610	8266	8643
611	7750	8650
612	9987	8650
613	9667	8656
614	7254	8667
615	7753	8668
616	8382	8674
617	6799	8559
618	6296	8682
619	8277	8691
620	6262	8696
621	5678	8698
622	5961	8710
623	6994	8712
624	6386	8717
625	7048	8720
626	6465	8726
627	3910	8726
628	7152	8731
629	9405	8733
630	8119	8735
631	6986	8736
632	7222	8737
633	8984	8738
634	5683	8747
635	5404	8752
636	5992	2562
637	5441	8773
638	7665	8781
639	5497	8783
640	7463	2566
641	6846	8788
642	5625	8789
643	6824	8794
644	6404	8796
645	5738	8797
646	6497	8800
647	7723	8802
648	5657	8804
649	7305	6577
650	7615	8811
651	6006	8815
652	6430	8818
653	8642	4576
654	8103	8828
655	6211	8831
656	6765	8833
657	5558	8834
658	5815	8835
659	9834	8850
660	7106	8854
661	7564	8855
662	6446	8859
663	7589	8862
664	5486	8866
665	8673	4583
666	7739	8872
667	7293	8881
668	7607	8889
669	7080	8889
670	7669	8895
671	9051	8898
672	7394	8902
673	8480	8903
674	3874	2588
675	6028	8920
676	5847	8924
677	6527	8924
678	5382	8927
679	6765	8939
680	5829	8949
681	8017	8960
682	7529	8971
683	7190	8972
684	3162	2599
685	9179	8986
686	6852	8990
687	6190	9004
688	8795	9004
689	7986	9007
690	7955	9014
691	7630	9017
692	7925	9021
693	7965	9022
694	6250	8616
695	7981	9027
696	7661	9031
697	5726	9032
698	7675	9033
699	9656	9039
700	6666	9042
701	6726	9044
702	7360	9056
703	7884	4616
704	5988	8624
705	8070	9074
706	8002	9074
707	7492	9078
708	7931	9079
709	5600	9085
710	7731	9087
711	6334	9087
712	6703	9090
713	6458	9092
714	7576	9093
715	7675	9095
716	6827	9099
717	6565	9101
718	8214	9108
719	7816	5629
720	3424	2621
721	6136	9113
722	9573	9115
723	6860	9116
724	6705	9117
725	9526	9117
726	7170	9121
727	6890	9127
728	7970	9128
729	8123	8635
730	8832	9156
731	7291	9166
732	6233	9170
733	8168	9174
734	8778	9183
735	6815	9186
736	6597	9188
737	9315	9198
738	4564	2635
739	6879	9200
740	7501	9205
741	7823	9206
742	6904	9206
743	7928	9209
744	8384	9213
745	6407	9218
746	8633	9223
747	7915	9224
748	7875	9239
749	8918	9240
750	8697	9241
751	8041	9246
752	7326	9246
753	7574	9247
754	9142	9250
755	7468	9256
756	6916	9258
757	8861	9268
758	7994	9274
759	7879	9275
760	6498	9276
761	8732	9290
762	8185	9296
763	7515	9306
764	6488	9308
765	6855	9309
766	8814	9312
767	8597	9314
768	8951	9321
769	6690	9322
770	9006	9326
771	8289	9333
772	9096	9341
773	8838	9345
774	9288	9346
775	6759	9346
776	8890	9349
777	6966	9353
778	8212	9357
779	7074	9359
780	9295	9360
781	6144	9370
782	8707	9376
783	8326	9384
784	3681	6676
785	6207	9409
786	9059	9415
787	8165	9419
788	6550	9428
789	6521	9429
790	4059	4678
791	8797	9433
792	7591	8686
793	8705	9441
794	7217	9446
795	8301	9455
796	7189	9460
797	7808	9466
798	6162	8690
799	6592	9468
800	8505	9468
801	7203	9470
802	8995	9471
803	8418	9476
804	6914	9480
805	9114	9490
806	8213	8694
807	7813	9492
808	7102	9496
809	7784	9501
810	7928	9504
811	8350	6693
812	9209	9509
813	8474	6043
814	8985	9511
815	6809	9513
816	8219	9514
817	8427	4693
818	7001	9525
819	3714	4696
820	7040	9539
821	7928	9549
822	8885	9550
823	5608	2694
824	6520	9558
825	8997	9575
826	4188	4705
827	6872	9595
828	8444	9601
829	6598	9603
830	6930	9607
831	4934	9612
832	3842	2705
833	6796	9621
834	7282	9626
835	7085	9637
836	3191	2709
837	6765	9647
838	8793	9658
839	7222	8723
840	7412	9719
841	8724	9762
842	6474	8742
843	9065	9787
844	8847	9789
845	6763	9255
846	6089	9815
847	3835	2740
848	3748	4745
849	6001	9840
850	8337	4748
851	8551	4750
852	3704	6761
853	6196	8764
854	4876	2757
855	9481	8059
856	7351	9976
857	4228	4771
858	7371	9995
859	6901	8785
860	9451	5660
861	8431	4781
862	4765	2778
863	6160	2782
864	5211	2784
865	7429	4790
866	7419	2787
867	8071	4798
868	4492	2798
869	8620	4801
870	5581	4807
871	3720	4809
872	7939	6818
873	4162	6821
874	2864	4820
875	7636	7270
876	7233	8833
877	5805	2825
878	3463	6843
879	4130	5078
880	8654	4847
881	2871	4850
882	8714	4852
883	4707	4475
884	8354	4859
885	2556	2860
886	412	2861
887	3688	4077
888	2466	2862
889	6577	8874
890	6913	8480
891	6552	8875
892	3854	4869
893	1879	2873
894	7609	4875
895	8114	4882
896	6948	8681
897	5678	4886
898	4001	6894
899	7714	4890
900	2023	2893
901	5153	5285
902	8241	6911
903	3922	2905
904	8296	5687
905	8064	4916
906	6620	8490
907	7810	8924
908	3894	2915
909	5003	2890
910	7457	6943
911	6179	2937
912	8774	6144
913	7652	6950
914	5860	3801
915	8370	4947
916	3926	6955
917	7246	4951
918	6405	6961
919	3892	2958
920	6675	8971
921	7385	6971
922	8650	5698
923	8374	6099
924	3828	4976
925	5299	4978
926	4079	6984
927	7012	4983
928	8731	4983
929	5805	2980
930	7955	6993
931	7608	7304
932	4205	7002
933	8453	7003
934	8694	4905
935	3580	5011
936	8134	7016
937	7952	9021
938	8817	5014
939	3815	5015
940	7903	6109
941	4196	7026
942	8929	6109
943	8997	7028
944	3559	7029
945	4766	7035
946	8835	5920
947	9071	6115
948	4234	7061
949	7780	9066
950	8752	5064
951	5457	8521
952	9030	5073
953	6805	9084
954	8321	9323
955	8001	9091
956	3538	5088
957	7621	9097
958	2848	3091
959	4687	7101
960	9064	5098
961	3011	3096
962	8140	5216
963	8375	5101
964	3894	5105
965	6098	3102
966	5389	5106
967	6459	24
968	5897	3112
969	6863	49
970	6688	58
971	6395	66
972	7545	5121
973	6355	73
974	4282	6546
975	4476	7126
976	5431	5123
977	6504	3121
978	7910	7129
979	7599	5125
980	3966	4530
981	8236	6130
982	6695	118
983	9262	5846
984	4286	5131
985	4539	3129
986	5409	3131
987	8893	9144
988	7619	7140
989	3501	4770
990	6341	207
991	6438	208
992	8548	5334
993	6925	253
994	5261	4290
995	6710	348
996	7187	5168
997	6755	358
998	4887	3169
999	4380	4539
1000	8472	5173
1001	6844	3170
1002	6612	396
1003	6535	409
1004	8897	8542
1005	6592	469
1006	9225	7192
1007	8939	7196
1008	7601	9346
1009	6533	7197
1010	7854	5195
1011	7657	6145
1012	7300	5199
1013	4154	7206
1014	6526	582
1015	3641	5210
1016	7649	6147
1017	8492	5212
1018	6322	633
1019	6426	664
1020	8765	5220
1021	7400	5229
1022	6680	738
1023	8271	6151
1024	6828	811
1025	6679	6955
1026	7202	5248
1027	7400	5250
1028	7353	7259
1029	5592	3253
1030	6416	890
1031	8848	9281
1032	6443	9283
1033	6519	1009
1034	3718	3280
1035	9413	5284
1036	6297	1062
1037	7307	7290
1038	7021	7298
1039	6380	1148
1040	7551	8967
1041	6517	2164
1042	7863	7312
1043	6605	9320
1044	7038	5317
1045	8447	4967
1046	8525	9327
1047	5250	5769
1048	6903	1317
1049	6936	3326
1050	4225	5332
1051	3843	7337
1052	6991	1359
1053	5070	5337
1054	6397	9345
1055	6483	3338
1056	8697	5342
1057	4011	3344
1058	3850	7359
1059	5603	3361
1060	7088	5372
1061	6692	1590
1062	8767	9381
1063	3509	7380
1064	6346	1604
1065	8730	5379
1066	6027	1643
1067	6399	1647
1068	6208	1653
1069	6947	1662
1070	7576	5386
1071	6578	1665
1072	6470	1667
1073	6994	1670
1074	6246	1677
1075	6490	1677
1076	4247	5390
1077	6934	3387
1078	5571	3397
1079	6961	1751
1080	1426	1775
1081	6559	1778
1082	6550	9414
1083	1564	1805
1084	6383	1805
1085	3023	5412
1086	1101	1823
1087	6938	7417
1088	7737	7419
1089	7872	6589
1090	8114	5418
1091	67	1875
1092	4570	5389
1093	6743	1877
1094	7358	8191
1095	1614	1886
1096	6488	1892
1097	6782	1893
1098	7110	1902
1099	5123	1918
1100	5079	1926
1101	8148	4590
1102	1385	1953
1103	5754	1953
1104	6357	1965
1105	6416	1968
1106	5166	1982
1107	837	2005
1108	6340	2024
1109	8196	8624
1110	5797	3444
1111	7410	5448
1112	5274	2033
1113	8443	9455
1114	1909	2058
1115	5913	2068
1116	5882	2071
1117	4703	2075
1118	5522	2085
1119	6213	2088
1120	6162	2092
1121	5325	2094
1122	850	2096
1123	4145	6597
1124	6200	2108
1125	5737	2116
1126	7991	5462
1127	6510	2118
1128	26	2121
1129	8935	7467
1130	5489	2130
1131	1872	2133
1132	6297	2134
1133	7048	5467
1134	6059	2157
1135	6175	2158
1136	756	2163
1137	5175	2176
1138	6086	2179
1139	3517	6200
1140	6010	2202
1141	6296	2204
1142	6138	2209
1143	5615	3476
1144	4850	2222
1145	5781	2223
1146	6237	2230
1147	6755	2231
1148	5939	2232
1149	4846	2257
1150	5294	2264
1151	5037	2267
1152	6351	2277
1153	5015	2277
1154	5374	2291
1155	7845	5491
1156	6894	2301
1157	6251	2318
1158	7368	7502
1159	4991	2337
1160	5041	2343
1161	5392	2351
1162	2043	2355
1163	4879	2356
1164	9359	5502
1165	4678	2366
1166	6276	2366
1167	5014	2370
1168	7723	5504
1169	6531	2371
1170	4755	2376
1171	6841	7511
1172	4590	2398
1173	2517	2407
1174	6747	2413
1175	7785	5512
1176	6742	2421
1177	3200	2471
1178	6888	7525
1179	1120	2476
1180	4092	3519
1181	3267	2497
1182	4109	2504
1183	6850	7530
1184	6142	2507
1185	6837	2511
1186	3835	2516
1187	4180	7533
1188	5982	2528
1189	6229	2535
1190	6487	2544
1191	6884	2550
1192	6086	3532
1193	3331	2575
1194	3244	2577
1195	3385	2580
1196	4826	2588
1197	4438	3537
1198	6939	2603
1199	2660	2607
1200	4159	2611
1201	6706	2616
1202	904	2619
1203	8064	5545
1204	4592	2632
1205	6792	2635
1206	7042	2637
1207	2845	2653
1208	6764	2653
1209	4975	2655
1210	2902	2656
1211	5619	2657
1212	3459	2671
1213	2510	2674
1214	2943	2677
1215	8671	7558
1216	3938	2678
1217	4557	2678
1218	3271	2680
1219	4008	2681
1220	3404	2689
1221	3918	2697
1222	4201	2698
1223	6254	2700
1224	514	2703
1225	4958	2706
1226	892	2707
1227	3881	2708
1228	2853	2709
1229	6750	2718
1230	6225	2721
1231	5623	2725
1232	5045	2731
1233	3826	2732
1234	6974	7569
1235	3539	2746
1236	5684	2757
1237	295	2759
1238	462	2760
1239	3618	2760
1240	740	2768
1241	4954	2774
1242	5069	2778
1243	3902	2779
1244	6165	2787
1245	2955	2789
1246	4137	2790
1247	4802	2792
1248	2934	2794
1249	3165	2796
1250	632	2799
1251	5859	2801
1252	5273	2805
1253	4207	5577
1254	4216	2807
1255	7417	2810
1256	4940	3575
1257	256	2814
1258	4899	2816
1259	6002	2823
1260	4278	2826
1261	430	2835
1262	4912	2836
1263	4947	2844
1264	5599	2844
1265	5831	2850
1266	4723	2853
1267	3324	4164
1268	327	2861
1269	622	2861
1270	2482	2868
1271	674	2888
1272	2377	2891
1273	6540	2892
1274	300	2895
1275	2335	2903
1276	669	2908
1277	5856	2911
1278	3895	2915
1279	2039	2920
1280	6134	2921
1281	6388	2930
1282	485	2932
1283	2332	2935
1284	638	2937
1285	3562	2940
1286	3421	2943
1287	6225	2945
1288	4439	5600
1289	8817	5601
1290	6417	2953
1291	5714	2956
1292	6630	2984
1293	5725	2985
1294	5993	2987
1295	5281	2988
1296	981	2992
1297	4578	2992
1298	6864	2994
1299	1705	2999
1300	6068	3010
1301	3834	7616
1302	5598	3034
1303	6055	3039
1304	3207	3042
1305	1198	3044
1306	757	3046
1307	6799	3049
1308	3106	3053
1309	6611	3055
1310	6465	3060
1311	5005	3060
1312	2293	3061
1313	4097	3065
1314	2791	3067
1315	4876	3068
1316	5911	3075
1317	5940	3079
1318	2200	3082
1319	5932	3086
1320	5742	3088
1321	6333	3088
1322	3073	3096
1323	4019	3097
1324	4544	3102
1325	6360	3106
1326	6498	3111
1327	6315	3114
1328	6535	3115
1329	5891	3118
1330	4851	3122
1331	6584	3125
1332	5527	3127
1333	3159	3131
1334	3747	3133
1335	6255	3135
1336	4927	3141
1337	5336	3155
1338	5934	3157
1339	5312	3159
1340	3331	3160
1341	4660	3165
1342	2873	3172
1343	4874	3174
1344	6766	3185
1345	4624	5641
1346	6028	3189
1347	6302	3194
1348	4765	3195
1349	4527	3199
1350	9204	7646
1351	6381	3206
1352	4552	3207
1353	6083	3209
1354	3736	3213
1355	6592	3219
1356	4029	3226
1357	9627	8636
1358	6330	3240
1359	6164	3243
1360	6031	3249
1361	2953	3252
1362	5259	3260
1363	4830	3260
1364	6554	3261
1365	3994	3263
1366	4834	3271
1367	7091	5655
1368	5268	3277
1369	6285	3286
1370	2898	3293
1371	5487	5036
1372	7931	5659
1373	4762	3305
1374	3699	3308
1375	7117	3310
1376	2797	3316
1377	3717	3323
1378	5532	3323
1379	4192	3332
1380	5971	3335
1381	6413	3344
1382	4447	3345
1383	1587	3345
1384	1605	3347
1385	6748	3349
1386	4321	3350
1387	2921	3351
1388	1397	3361
1389	4068	3364
1390	4108	3365
1391	2780	3368
1392	5749	3369
1393	4811	3375
1394	5548	3377
1395	7832	5673
1396	1738	3392
1397	6228	3397
1398	6284	7679
1399	5437	3405
1400	4287	3410
1401	4053	3412
1402	5217	3414
1403	2110	3416
1404	6057	3424
1405	5564	3426
1406	6531	3432
1407	6631	3437
1408	4051	3443
1409	6323	3447
1410	3793	3448
1411	1209	3454
1412	5926	3456
1413	8527	5687
1414	5644	3475
1415	2331	3476
1416	4246	3477
1417	7150	7692
1418	6107	3492
1419	4487	3500
1420	5259	3689
1421	5445	3507
1422	7815	5695
1423	5976	3519
1424	6338	3524
1425	8663	6644
1426	1855	3527
1427	9158	5043
1428	4351	3532
1429	3602	3533
1430	4478	3537
1431	6187	3538
1432	4329	3539
1433	4483	3542
1434	4666	3546
1435	9532	5844
1436	4228	3564
1437	6652	3566
1438	4222	3568
1439	6826	3569
1440	4646	3584
1441	4394	3585
1442	6154	3586
1443	5856	3601
1444	6380	3612
1445	8535	5712
1446	5926	3629
1447	5942	3630
1448	4788	3639
1449	4590	5510
1450	5262	3644
1451	8838	5716
1452	6155	3658
1453	4320	3666
1454	4224	3667
1455	7129	5512
1456	4954	3671
1457	5490	3672
1458	5026	3678
1459	5113	3680
1460	5230	3683
1461	5448	3686
1462	4662	3689
1463	7219	7728
1464	4737	3694
1465	4697	3696
1466	6378	3698
1467	6134	3705
1468	6371	3706
1469	4007	5730
1470	5732	3730
1471	9177	5732
1472	5520	3746
1473	6768	3747
1474	4718	3751
1475	6021	3762
1476	4648	3765
1477	2939	3771
1478	4971	3775
1479	6685	5740
1480	1799	3791
1481	5383	3792
1482	4794	3795
1483	4130	3798
1484	7552	5742
1485	5691	6654
1486	5563	3805
1487	4757	4252
1488	5365	3815
1489	4463	3829
1490	4997	3839
1491	5696	3845
1492	6377	1746
1493	4434	3873
1494	1546	3895
1495	5589	3898
1496	6037	7763
1497	2427	3919
1498	4433	3928
1499	6163	3938
1500	5185	3940
1501	6097	3948
1502	5474	3955
1503	5402	3962
1504	2371	3968
1505	5937	3970
1506	4534	3975
1507	5036	3977
1508	2174	3979
1509	4816	3980
1510	4676	3982
1511	9384	7777
1512	3615	3990
1513	9839	7873
1514	6722	3997
1515	3670	3997
1516	3830	4002
1517	2155	4002
1518	2873	4003
1519	5257	4007
1520	4000	4010
1521	6143	4013
1522	2056	4023
1523	4425	4023
1524	6978	4031
1525	1906	4033
1526	3440	4033
1527	3448	4039
1528	3860	4040
1529	4234	6662
1530	3728	4045
1531	4110	4049
1532	5162	4050
1533	5485	4052
1534	3571	4052
1535	4248	4055
1536	3970	4064
1537	3996	4071
1538	3705	4081
1539	1929	4085
1540	4480	4104
1541	5908	4105
1542	5441	4107
1543	4125	4113
1544	8196	4116
1545	8244	4121
1546	5903	4127
1547	4196	4128
1548	7026	6665
1549	7692	4137
1550	5277	3796
1551	3760	4155
1552	4842	4664
1553	4599	4162
1554	6219	4164
1555	6820	4167
1556	3799	4169
1557	7150	7807
1558	3932	4170
1559	1694	3801
1560	3688	4172
1561	8351	4172
1562	4037	4178
1563	8312	4181
1564	8927	7809
1565	3520	4190
1566	4474	4197
1567	3949	4201
1568	8533	4213
1569	4864	4216
1570	4670	4219
1571	6381	4219
1572	8193	4232
1573	4503	4235
1574	8566	4238
1575	8106	4239
1576	3481	4242
1577	8068	4242
1578	8180	4251
1579	4935	4257
1580	4185	4258
1581	8463	4260
1582	5089	4269
1583	4985	4271
1584	6304	4275
1585	8328	4283
1586	8607	4288
1587	4813	4292
1588	8860	4293
1589	6222	4296
1590	6051	4305
1591	4174	4310
1592	5190	4312
1593	6201	4314
1594	7603	5870
1595	4796	4323
1596	8524	4327
1597	3253	4329
1598	5396	4332
1599	2359	4336
1600	4765	4338
1601	3714	4339
1602	6289	4347
1603	4039	4348
1604	8589	4351
1605	7898	4362
1606	4552	4369
1607	8088	4371
1608	2506	4373
1609	8759	4372
1610	6024	4375
1611	4158	4379
1612	9151	5839
1613	6351	4391
1614	8903	4392
1615	4642	4393
1616	7079	4398
1617	4644	4403
1618	3431	4405
1619	7189	4405
1620	2402	4407
1621	8871	4408
1622	6421	4413
1623	2409	4415
1624	6748	4417
1625	5215	4420
1626	5375	4421
1627	4373	4429
1628	2394	4429
1629	8237	5073
1630	5006	4435
1631	7735	4435
1632	3453	4436
1633	8872	4436
1634	7888	4437
1635	8978	4438
1636	9054	4440
1637	2467	4446
1638	7931	4449
1639	8317	4450
1640	4714	4452
1641	7905	4452
1642	4030	4463
1643	4254	4465
1644	3716	4471
1645	7121	4475
1646	3518	4482
1647	5850	4487
1648	7200	4491
1649	3386	4492
1650	9356	5859
1651	8467	4505
1652	4663	4506
1653	8517	4506
1654	5957	8679
1655	5810	4510
1656	8030	4510
1657	7191	4514
1658	2755	4517
1659	3735	4522
1660	8550	4527
1661	2396	4529
1662	6114	7867
1663	8504	4531
1664	8686	4534
1665	3427	4536
1666	5218	4538
1667	2387	4542
1668	3342	4545
1669	6839	4551
1670	7709	4552
1671	4882	4556
1672	4731	4557
1673	8214	4557
1674	6036	8641
1675	4985	4564
1676	6530	7873
1677	7897	4568
1678	8552	4568
1679	3633	4574
1680	4172	4586
1681	8802	4586
1682	2891	4592
1683	8660	4593
1684	8856	4594
1685	3365	4596
1686	4258	4600
1687	7972	4601
1688	8260	4607
1689	8611	4616
1690	3717	4620
1691	8427	4622
1692	3831	4625
1693	8230	6681
1694	3872	4629
1695	2538	4630
1696	8578	4631
1697	8438	4634
1698	8854	5881
1699	8426	4635
1700	4814	4639
1701	7646	4642
1702	7593	4645
1703	8295	4645
1704	7987	4646
1705	8399	4655
1706	8180	4658
1707	8561	4658
1708	7780	4658
1709	8082	4663
1710	3784	4665
1711	4116	4666
1712	5571	4668
1713	3777	4677
1714	4075	4682
1715	4947	4685
1716	5479	4689
1717	3947	4691
1718	8226	4693
1719	4578	4695
1720	7606	4695
1721	3805	4697
1722	7987	4698
1723	4824	4708
1724	7493	4710
1725	7917	5895
1726	4065	4725
1727	7732	4725
1728	4050	4728
1729	7573	4728
1730	8356	4729
1731	8460	4730
1732	5462	4734
1733	4770	4737
1734	8094	4742
1735	8376	4742
1736	8067	4742
1737	8579	4746
1738	8199	4746
1739	7984	4748
1740	7235	4750
1741	7999	4757
1742	3771	4758
1743	5656	4759
1744	4040	4760
1745	7426	4763
1746	4030	4764
1747	7346	4772
1748	8152	4773
1749	7409	4774
1750	3972	4775
1751	5468	4775
1752	8586	4779
1753	8572	4781
1754	3771	4785
1755	6926	5486
1756	8351	4790
1757	5674	4792
1758	7526	4796
1759	8298	4796
1760	3646	4801
1761	9777	7913
1762	7571	5910
1763	8062	4809
1764	7774	4811
1765	4861	4814
1766	8396	4813
1767	8118	4814
1768	7502	4816
1769	8049	4818
1770	7730	4819
1771	7237	4820
1772	7820	4826
1773	3549	4828
1774	8456	4836
1775	5644	4838
1776	7486	4849
1777	4762	4854
1778	3557	4854
1779	4733	4860
1780	4056	4863
1781	8538	4865
1782	7519	4868
1783	3684	4869
1784	7128	4877
1785	3825	4878
1786	8778	4881
1787	8006	4882
1788	7996	4886
1789	3597	4887
1790	8601	4887
1791	4245	4889
1792	5351	4891
1793	8474	4893
1794	5465	4894
1795	8308	4894
1796	8288	4899
1797	8053	5490
1798	8326	4910
1799	5441	4924
1800	8284	4929
1801	4369	4327
1802	4016	4942
1803	5634	4945
1804	8055	4949
1805	3850	4952
1806	8844	5934
1807	7547	4955
1808	7274	4956
1809	3606	4959
1810	7949	4959
1811	8173	4962
1812	8414	4968
1813	3488	4972
1814	3622	4974
1815	7185	4977
1816	3477	4978
1817	3175	4981
1818	3646	4982
1819	3663	4984
1820	8566	4987
1821	3969	4991
1822	3726	4994
1823	7788	4994
1824	3764	4995
1825	7280	4999
1826	3810	5006
1827	5366	5008
1828	5313	3941
1829	4644	5014
1830	3711	5015
1831	8090	5019
1832	7921	5027
1833	4447	5028
1834	7143	5033
1835	4024	5038
1836	7084	5038
1837	3587	5041
1838	3958	5041
1839	5446	5043
1840	5878	5044
1841	2956	5046
1842	7318	8296
1843	7921	5052
1844	3953	5055
1845	3734	3949
1846	4066	5059
1847	7545	5060
1848	8414	5064
1849	8082	5064
1850	8126	5065
1851	4689	5072
1852	8697	5074
1853	5526	5075
1854	3047	5078
1855	8748	5077
1856	4186	5085
1857	7301	5096
1858	2834	4696
1859	4114	5099
1860	8896	5101
1861	8131	5104
1862	7332	5104
1863	7497	5107
1864	4654	5111
1865	8639	5112
1866	2730	5115
1867	4050	5126
1868	8303	5127
1869	4555	5128
1870	7596	5133
1871	5777	5139
1872	8056	5139
1873	8112	5139
1874	8391	5141
1875	3213	5144
1876	4031	5151
1877	9145	5151
1878	8122	5151
1879	3125	5154
1880	8759	5153
1881	8246	5154
1882	5692	5899
1883	6956	5163
1884	4033	5165
1885	8138	5165
1886	6997	5170
1887	2758	5175
1888	8623	5183
1889	7433	5189
1890	7321	5190
1891	9037	5190
1892	8190	5192
1893	8359	5200
1894	9059	5202
1895	8683	5205
1896	5195	5208
1897	8434	5208
1898	8872	5212
1899	4179	5214
1900	5004	4299
1901	5090	1973
1902	8193	5229
1903	7110	5230
1904	8533	5238
1905	8507	5241
1906	8181	5242
1907	8421	5247
1908	4294	5250
1909	7129	5251
1910	7626	5252
1911	8532	5261
1912	7413	5272
1913	8030	5272
1914	4280	5274
1915	3039	5274
1916	4171	5276
1917	8176	5277
1918	8361	5279
1919	7764	5281
1920	8197	5284
1921	8052	5284
1922	7785	5285
1923	4283	5285
1924	3920	5287
1925	3141	5287
1926	3406	5290
1927	8313	5295
1928	8168	4243
1929	4185	5301
1930	8697	5302
1931	4146	5303
1932	7329	5304
1933	9352	5306
1934	7391	5309
1935	8944	5309
1936	8676	5313
1937	7287	5315
1938	6555	8000
1939	7026	5334
1940	7746	5334
1941	8550	5343
1942	4226	5348
1943	8217	5348
1944	7407	5348
1945	6979	5348
1946	3786	5351
1947	5158	5354
1948	7735	6004
1949	8845	5356
1950	4276	5360
1951	7966	5360
1952	2772	5362
1953	8036	5366
1954	6094	1997
1955	4879	5372
1956	3074	5372
1957	7808	5377
1958	8018	5389
1959	7207	5393
1960	4239	5398
1961	7541	5401
1962	3850	5404
1963	5040	5404
1964	7564	5413
1965	7244	8015
1966	4965	4009
1967	5264	4009
1968	2934	5425
1969	3061	5431
1970	8487	5435
1971	7330	5436
1972	3742	5438
1973	7942	5440
1974	8824	5442
1975	7803	5446
1976	8314	5446
1977	4025	5455
1978	8352	5460
1979	8168	5464
1980	8756	6020
1981	7963	5475
1982	7557	5479
1983	5051	5483
1984	6959	5483
1985	4328	5486
1986	7713	5490
1987	7816	5497
1988	7039	5499
1989	3905	5503
1990	8272	5504
1991	6911	5507
1992	7108	5509
1993	4106	5510
1994	7641	5510
1995	4035	5511
1996	7758	5511
1997	9261	5521
1998	4363	5524
1999	8546	5528
2000	3919	5530
2001	4293	5538
2002	8436	5539
2003	7799	5542
2004	6910	5549
2005	8294	5553
2006	8890	5560
2007	4204	5566
2008	6512	2309
2009	8057	5589
2010	8436	5598
2011	6852	5602
2012	7414	5603
2013	8092	5604
2014	6940	5605
2015	7609	5608
2016	7494	5612
2017	6993	5614
2018	8789	5621
2019	8969	5622
2020	7149	5627
2021	7210	5627
2022	8528	5629
2023	7827	5631
2024	3007	5639
2025	7519	5640
2026	4280	5641
2027	7466	5646
2028	9570	5647
2029	7582	5648
2030	8711	5649
2031	7633	6052
2032	7045	5666
2033	8525	5670
2034	7675	5674
2035	7665	5677
2036	7505	5677
2037	4681	4052
2038	9593	5679
2039	7846	5681
2040	7660	5688
2041	8467	5690
2042	8110	5695
2043	9100	5697
2044	9445	5698
2045	8585	5702
2046	8327	5706
2047	7817	5708
2048	7770	5710
2049	8396	5712
2050	9561	5715
2051	7917	5717
2052	8706	5720
2053	9591	5723
2054	7784	5724
2055	7118	5730
2056	9207	5733
2057	7435	5735
2058	7898	5740
2059	8105	5742
2060	7644	5744
2061	8375	5745
2062	9563	5758
2063	8185	5763
2064	8917	5764
2065	8468	5766
2066	8265	5772
2067	7665	5773
2068	6993	5774
2069	9343	5784
2070	6830	5785
2071	6788	5787
2072	7667	5788
2073	8155	5790
2074	4471	5793
2075	7501	5798
2076	7637	5803
2077	6759	5803
2078	7701	5804
2079	9436	5806
2080	7743	5811
2081	5200	5820
2082	9512	5825
2083	5471	8084
2084	9686	5920
2085	3957	5121
2086	9064	5838
2087	8936	5845
2088	8752	5858
2089	8378	5859
2090	9290	5860
2091	8732	5865
2092	9456	5866
2093	4498	3121
2094	7574	5875
2095	8649	5877
2096	3436	5880
2097	9185	5887
2098	8970	5890
2099	9151	5896
2100	5176	5898
2101	7679	5905
2102	9269	5906
2103	7928	5907
2104	9055	5908
2105	8258	5909
2106	7902	5913
2107	8842	5925
2108	4181	4094
2109	8413	5930
2110	8294	5930
2111	7918	5937
2112	7875	5942
2113	9672	5943
2114	8902	5946
2115	9096	5950
2116	8834	5955
2117	7517	4967
2118	7148	5960
2119	7710	5960
2120	9066	5965
2121	9040	5966
2122	5554	5971
2123	8130	5981
2124	8124	5987
2125	7896	5988
2126	9393	5992
2127	9530	5993
2128	5804	5994
2129	8796	5996
2130	9326	6109
2131	9480	6004
2132	8786	6008
2133	3434	6012
2134	8191	6015
2135	7443	6019
2136	8652	6026
2137	8561	6032
2138	8939	6032
2139	3424	6249
2140	9097	6036
2141	7911	6044
2142	3599	4327
2143	6495	8121
2144	9565	6049
2145	9375	6057
2146	7913	6059
2147	9012	6059
2148	7938	6062
2149	8350	6063
2150	7775	6078
2151	5293	6081
2152	8626	6082
2153	8925	6086
2154	9193	6091
2155	9446	6093
2156	8630	6094
2157	8579	6094
2158	9252	6095
2159	9510	6096
2160	9074	6102
2161	3351	6103
2162	8199	6105
2163	4310	6107
2164	9004	6108
2165	8936	6110
2166	8644	6115
2167	8831	6121
2168	8857	6130
2169	8343	6126
2170	9329	6129

REQUESTS = 2500
1	2127	23	26	1	1	3
2	347	66	68	2	1	1
3	1651	10	12	1	4	3
4	357	38	40	3	3	3
5	1732	21	24	1	3	2
6	443	22	24	2	2	3
7	1063	50	52	1	2	3
8	1409	58	61	2	2	3
9	1282	50	53	3	1	1
10	783	28	30	3	3	3
11	312	11	12	1	3	2
12	817	42	45	1	2	3
13	851	51	52	2	3	1
14	1689	64	65	1	4	2
15	2099	6	8	1	4	3
16	588	7	8	3	3	2
17	1144	3	6	3	1	2
18	1156	20	21	3	2	2
19	472	27	28	1	4	1
20	905	7	10	2	1	3
21	90	12	13	1	4	2
22	1893	36	37	3	4	3
23	105	7	8	3	1	1
24	1635	2	5	3	1	2
25	1354	2	3	1	2	3
26	2128	39	41	1	4	1
27	806	47	50	1	3	1
28	1863	15	17	1	4	3
29	1580	10	12	2	4	2
30	1360	66	67	1	3	2
31	1060	19	21	2	3	3
32	28	7	10	1	3	2
33	1481	62	64	1	1	3
34	391	14	15	3	1	3
35	1999	51	53	3	1	3
36	999	10	12	3	4	3
37	1881	29	32	1	3	1
38	1828	19	21	3	1	3
39	1199	47	49	3	1	3
40	565	51	53	3	2	1
41	1534	52	55	2	1	2
42	42	29	30	2	4	2
43	1064	25	26	2	4	3
44	807	7	9	2	2	3
45	727	23	24	3	3	2
46	1011	22	24	2	2	1
47	1816	2	4	3	3	2
48	1034	59	61	3	4	1
49	1481	40	42	3	4	3
50	1359	32	33	3	4	1
51	1692	38	39	3	1	3
52	888	32	35	2	3	3
53	60	56	58	3	2	3
54	185	55	57	2	2	2
55	908	51	54	2	2	1
56	1067	2	3	1	4	3
57	1672	64	67	3	2	1
58	81	25	26	2	1	3
59	974	38	39	3	2	2
60	2071	49	50	3	3	1
61	1955	39	41	3	1	3
62	1719	25	26	1	1	1
63	950	42	44	1	1	2
64	1961	24	25	1	4	2
65	1143	17	20	3	2	3
66	1868	63	65	2	2	1
67	2046	46	49	3	4	2
68	1451	54	57	2	3	1
69	339	50	52	2	3	2
70	798	15	16	2	4	3
71	376	22	23	1	1	2
72	1959	8	9	3	1	1
73	2093	54	56	3	3	2
74	1003	62	63	1	4	3
75	458	66	67	3	3	3
76	138	51	52	2	1	1
77	1556	3	4	2	2	1
78	1427	40	43	3	2	3
79	1397	37	40	2	3	3
80	1866	21	24	1	1	1
81	1956	51	53	3	3	3
82	1998	45	47	2	1	1
83	1647	11	12	3	4	2
84	1967	49	51	1	3	3
85	107	62	63	3	3	3
86	1712	10	11	2	2	2
87	1966	35	38	2	4	3
88	286	49	50	3	4	3
89	1763	53	54	3	2	3
90	860	7	10	1	2	2
91	1218	8	11	1	1	3
92	373	59	62	2	2	1
93	210	62	64	1	2	3
94	341	10	12	3	3	3
95	448	36	38	2	2	2
96	329	32	33	1	1	2
97	239	47	50	2	2	1
98	810	1	2	1	3	3
99	1105	64	67	2	1	2
100	2053	3	4	2	3	3
101	659	23	24	3	1	3
102	104	9	10	1	3	1
103	2104	11	13	3	4	3
104	1404	9	12	3	3	1
105	1814	53	55	1	2	1
106	693	24	27	3	1	2
107	848	57	59	1	1	1
108	802	62	65	2	3	1
109	737	31	33	1	4	2
110	1510	46	49	3	3	3
111	1862	9	10	2	2	1
112	1630	53	55	1	3	2
113	452	53	54	3	3	3
114	2006	24	26	2	4	2
115	1886	12	13	1	4	2
116	1192	36	39	3	3	3
117	850	34	36	3	3	1
118	1716	43	45	2	4	1
119	2056	26	28	1	3	1
120	76	62	63	1	4	3
121	1691	4	7	3	1	2
122	1346	38	40	1	1	2
123	2122	46	49	3	3	2
124	1420	43	45	1	4	3
125	1558	33	34	2	2	2
126	721	63	66	1	1	3
127	1012	21	24	1	3	1
128	1269	22	25	3	3	1
129	912	65	68	1	1	2
130	5	31	34	1	1	3
131	1317	50	53	3	4	3
132	725	56	58	3	2	2
133	1046	29	30	3	3	1
134	1819	57	58	3	2	3
135	1265	15	18	2	1	1
136	450	18	19	2	1	1
137	35	15	16	3	2	1
138	683	29	31	2	1	2
139	2013	19	20	1	3	1
140	1514	48	50	1	4	3
141	147	16	19	1	3	1
142	1189	22	23	3	1	3
143	366	50	53	1	2	2
144	2155	14	17	3	3	3
145	1119	29	32	3	2	2
146	247	46	49	2	1	2
147	234	17	18	3	4	3
148	1968	33	34	1	4	2
149	1933	38	39	2	4	2
150	766	39	40	1	3	2
151	759	23	24	2	3	1
152	462	9	11	3	1	3
153	213	32	34	1	2	1
154	909	60	63	3	4	3
155	1062	54	57	1	1	2
156	409	66	67	1	4	2
157	1336	49	52	3	3	2
158	2073	33	36	3	1	1
159	680	63	66	1	4	1
160	2072	62	65	1	4	3
161	1779	47	48	1	3	2
162	1242	49	50	2	1	3
163	150	3	5	1	2	1
164	88	53	56	3	2	2
165	1997	20	21	1	2	2
166	394	14	15	2	3	3
167	690	48	51	2	1	1
168	445	66	67	3	4	1
169	293	3	6	2	1	1
170	932	40	42	2	1	2
171	1355	65	67	2	3	1
172	579	43	46	1	2	3
173	1874	40	43	3	4	3
174	290	64	65	3	1	2
175	417	51	52	3	2	2
176	396	23	26	2	4	3
177	1737	45	47	3	2	2
178	1731	44	46	2	4	1
179	1113	34	36	3	4	2
180	903	43	44	1	3	2
181	300	37	39	1	1	3
182	1559	34	37	3	1	1
183	1454	44	46	3	4	2
184	67	55	58	3	1	1
185	1192	46	48	1	4	2
186	1908	67	69	1	3	2
187	1748	49	50	2	3	2
188	73	49	51	2	3	3
189	1948	17	18	1	1	2
190	617	60	62	1	4	1
191	694	42	43	2	4	1
192	356	8	11	1	4	3
193	916	53	55	3	4	1
194	1216	33	35	3	4	2
195	1776	11	13	1	4	3
196	1962	12	13	1	4	2
197	1512	62	63	1	2	3
198	1184	21	23	2	1	2
199	231	28	29	2	1	2
200	1892	37	38	1	4	2
201	951	62	65	2	1	3
202	754	21	22	1	4	3
203	1993	23	26	3	1	1
204	1130	47	50	2	3	1
205	1058	41	44	1	3	1
206	497	38	39	2	4	3
207	1300	24	26	2	4	2
208	1253	19	22	1	2	3
209	285	26	27	2	1	2
210	1625	46	48	3	2	2
211	748	60	63	1	2	3
212	77	42	43	1	3	2
213	1204	4	7	3	4	3
214	215	33	34	3	1	2
215	1449	66	67	1	2	2
216	79	63	65	3	1	3
217	1377	50	51	2	4	1
218	1851	50	51	2	3	2
219	108	30	33	1	3	1
220	524	52	53	2	4	3
221	93	31	32	3	1	1
222	1816	45	48	3	2	2
223	1056	34	37	1	2	2
224	910	60	63	2	3	2
225	397	5	7	3	2	3
226	1649	21	24	3	1	3
227	1180	12	15	1	3	1
228	568	3	4	2	4	1
229	1226	29	31	3	2	2
230	886	23	26	3	1	2
231	1085	19	22	1	2	2
232	1595	40	43	2	1	1
233	1593	56	57	2	1	2
234	1794	60	63	2	4	2
235	613	17	19	2	2	1
236	831	11	13	3	2	3
237	1288	37	38	1	3	3
238	1874	9	11	3	1	2
239	1594	3	4	2	2	3
240	1957	18	19	1	2	3
241	1093	19	22	1	3	2
242	770	11	13	3	3	1
243	1254	13	14	1	2	3
244	119	54	55	3	3	3
245	670	23	26	2	4	1
246	2081	63	64	2	4	1
247	74	66	68	1	1	2
248	2091	59	61	1	4	2
249	1704	23	25	3	2	2
250	1310	32	35	3	3	2
251	1207	51	53	3	2	3
252	1504	32	35	1	3	2
253	1575	30	32	3	1	2
254	1131	6	9	3	4	1
255	55	20	22	2	2	3
256	1376	64	65	1	2	3
257	235	51	54	1	2	3
258	765	65	66	3	2	2
259	1185	41	44	3	4	1
260	223	31	34	3	4	1
261	1899	33	35	3	1	3
262	675	43	45	3	4	1
263	199	6	8	1	3	1
264	2162	10	12	3	1	1
265	1774	53	55	2	1	2
266	313	30	32	2	3	2
267	2049	44	46	3	4	2
268	1111	7	10	3	3	2
269	516	40	42	1	3	1
270	176	35	38	2	2	1
271	933	38	41	2	2	1
272	786	42	45	3	4	1
273	129	10	11	3	2	1
274	2048	58	61	3	2	3
275	2157	38	39	2	1	3
276	1653	5	7	2	4	1
277	1746	50	53	3	4	2
278	2011	57	59	3	2	3
279	2049	64	66	1	4	1
280	258	27	30	1	4	2
281	779	65	66	1	2	3
282	1525	19	20	3	2	2
283	1942	13	16	1	2	3
284	1796	50	51	2	1	2
285	929	62	65	3	3	2
286	1985	36	37	3	4	2
287	721	17	20	1	4	3
288	1587	61	62	2	1	2
289	1191	1	3	3	2	2
290	1037	10	12	3	2	2
291	266	2	3	2	3	1
292	645	67	68	1	2	3
293	564	39	40	2	3	2
294	942	23	25	1	2	1
295	526	38	40	2	3	1
296	1061	54	57	3	2	1
297	490	46	47	2	4	1
298	511	1	2	1	1	2
299	1383	49	51	2	3	2
300	630	18	21	3	2	2
301	743	8	9	1	1	3
302	792	44	45	1	1	2
303	2080	6	8	2	1	2
304	1921	1	3	1	4	2
305	453	23	26	3	4	1
306	106	22	25	2	1	1
307	1028	29	32	3	1	3
308	854	40	41	2	2	3
309	1797	55	56	1	3	1
310	965	36	37	2	2	3
311	1232	37	40	3	3	3
312	2003	56	57	1	2	3
313	1271	6	7	3	1	3
314	338	8	10	2	2	3
315	363	16	17	2	3	1
316	1161	25	28	3	2	3
317	1820	48	51	1	2	3
318	1408	61	63	2	2	3
319	1247	62	64	2	2	2
320	789	50	51	1	3	3
321	831	31	33	2	4	3
322	423	15	18	1	2	2
323	163	11	12	1	4	3
324	70	49	50	3	2	1
325	1926	51	53	1	1	1
326	387	28	29	3	3	2
327	898	9	10	3	2	2
328	1762	56	57	2	2	3
329	180	27	30	2	3	2
330	212	18	21	3	1	3
331	1857	18	21	2	4	2
332	2057	62	65	2	4	3
333	1592	67	68	1	3	1
334	1325	55	58	2	1	2
335	498	66	68	2	3	3
336	1248	26	28	1	1	1
337	1713	4	5	2	3	3
338	2004	36	37	1	1	3
339	356	26	28	3	4	1
340	2118	10	13	3	2	3
341	1982	15	18	1	3	2
342	1164	46	49	3	1	3
343	907	46	49	1	1	3
344	1467	7	9	3	2	3
345	1648	55	56	3	3	3
346	385	34	35	3	2	2
347	425	46	49	3	3	1
348	730	1	4	3	2	3
349	465	41	43	2	2	1
350	761	41	43	1	1	3
351	517	24	27	2	4	1
352	127	37	38	2	4	2
353	1311	4	6	2	3	2
354	1511	47	49	1	4	2
355	937	62	63	3	1	1
356	1399	65	66	2	3	3
357	1441	48	49	1	4	2
358	1945	46	47	3	2	3
359	118	25	28	3	3	3
360	960	12	15	2	3	3
361	374	47	50	2	1	1
362	451	32	33	1	3	3
363	2017	49	52	2	2	2
364	288	3	5	3	1	3
365	1446	34	35	2	4	2
366	400	11	14	1	4	3
367	326	49	52	3	2	2
368	1774	64	65	2	2	1
369	22	15	18	2	4	1
370	1934	9	10	2	3	1
371	2015	47	50	3	3	2
372	688	33	36	3	3	3
373	1059	27	28	1	2	1
374	2021	57	59	1	4	2
375	1283	30	31	3	4	3
376	63	51	54	2	4	1
377	622	38	40	3	1	1
378	873	10	13	3	3	1
379	276	22	23	3	2	2
380	322	40	42	1	3	3
381	1955	14	17	2	2	1
382	605	50	52	2	3	3
383	1137	21	22	1	1	2
384	870	16	17	2	4	3
385	77	12	14	1	4	2
386	184	51	52	2	4	2
387	1125	22	25	2	3	3
388	413	49	50	1	2	3
389	1565	37	40	2	1	3
390	1822	35	36	2	3	2
391	1964	28	30	2	2	1
392	1100	64	67	1	3	1
393	853	58	61	2	4	2
394	250	51	53	2	1	3
395	1480	5	7	1	4	1
396	1361	27	29	2	4	1
397	1690	11	14	3	1	1
398	371	14	15	1	2	3
399	649	3	4	2	3	2
400	657	61	62	3	2	1
401	1543	23	24	2	2	2
402	9	53	56	2	4	2
403	1152	24	27	1	1	3
404	2101	13	14	2	1	3
405	1400	18	19	1	3	1
406	1146	13	14	3	1	3
407	1772	9	12	2	1	2
408	1920	31	34	2	4	1
409	59	46	49	3	3	1
410	1197	4	5	1	4	1
411	1190	11	14	1	2	2
412	1783	12	14	3	4	3
413	896	60	63	1	1	2
414	1419	58	59	2	1	2
415	85	12	15	2	1	2
416	426	41	43	1	2	1
417	590	13	14	1	1	1
418	486	19	22	2	2	2
419	1780	9	11	3	3	3
420	392	49	52	1	1	3
421	378	64	66	2	1	2
422	1533	8	11	2	4	2
423	89	22	24	2	4	2
424	891	59	62	1	1	3
425	1321	44	47	1	4	1
426	1930	47	50	2	3	2
427	1403	25	27	1	3	2
428	501	7	9	2	2	3
429	1138	15	18	1	4	2
430	2100	53	56	3	1	3
431	1561	12	14	3	3	1
432	1087	10	12	2	3	2
433	1389	40	42	3	1	1
434	1458	25	28	1	3	1
435	355	1	2	1	2	1
436	422	17	19	2	3	2
437	1551	8	11	1	1	3
438	1665	40	43	2	2	2
439	682	65	66	3	1	2
440	1755	64	65	2	1	3
441	707	35	37	3	1	2
442	2144	13	14	1	2	1
443	311	54	57	2	1	2
444	963	38	40	3	2	3
445	1200	18	20	3	2	2
446	2070	24	25	2	2	2
447	109	60	63	3	3	1
448	1335	15	17	3	3	2
449	496	18	20	2	2	3
450	700	55	57	2	2	1
451	1591	27	30	1	4	1
452	1925	54	56	3	2	1
453	37	29	30	2	3	3
454	1385	31	33	2	2	3
455	1844	19	21	1	3	2
456	704	51	52	1	4	2
457	567	18	20	1	3	1
458	1252	13	16	2	4	1
459	1784	57	60	3	4	1
460	1088	36	37	3	3	3
461	340	62	65	1	1	2
462	623	23	25	1	4	2
463	493	13	15	3	1	2
464	970	53	56	3	3	2
465	289	65	68	2	3	2
466	1391	23	25	1	2	3
467	2170	33	35	1	3	2
468	1843	42	44	3	1	2
469	1890	47	49	1	1	2
470	48	17	20	2	3	2
471	189	62	64	1	1	3
472	1053	47	48	3	3	1
473	1222	25	28	2	2	1
474	1530	40	43	3	2	1
475	566	16	19	2	4	2
476	666	45	46	2	1	3
477	1045	17	18	2	2	3
478	1450	12	13	3	4	3
479	885	2	5	2	4	2
480	637	26	27	1	1	2
481	705	6	8	3	1	1
482	2038	23	26	1	4	3
483	1590	12	15	3	1	2
484	1046	18	20	1	3	1
485	1162	52	55	1	1	3
486	1928	38	40	3	1	1
487	2116	23	24	1	3	1
488	740	49	50	1	4	1
489	2096	27	29	2	3	3
490	1979	48	50	3	1	3
491	365	55	56	2	2	1
492	953	38	40	2	4	3
493	1911	15	18	2	3	1
494	781	38	40	1	4	3
495	1931	61	62	3	1	1
496	359	20	22	1	2	3
497	1814	57	59	3	2	2
498	220	38	40	3	2	3
499	1009	19	20	2	2	1
500	525	29	30	1	3	2
501	803	25	28	3	4	3
502	1494	31	33	3	1	3
503	1786	29	30	2	3	2
504	1804	54	56	3	2	1
505	507	42	45	3	1	3
506	1047	30	33	1	3	1
507	715	12	14	1	4	2
508	1941	58	59	2	1	1
509	1905	15	18	2	1	3
510	1986	43	46	2	2	3
511	1528	55	58	1	4	1
512	1094	20	22	3	2	1
513	382	55	57	3	2	3
514	569	46	47	2	4	2
515	1586	40	43	1	2	1
516	1510	30	33	3	1	1
517	600	46	48	2	2	1
518	2050	57	58	1	3	3
519	1616	17	20	2	2	2
520	316	20	23	1	2	2
521	1358	7	8	1	4	1
522	583	64	65	3	2	2
523	1549	32	34	1	4	2
524	275	6	8	2	2	1
525	1173	60	63	1	3	2
526	996	32	34	3	1	2
527	1472	33	34	3	3	3
528	892	6	7	2	2	3
529	911	56	58	3	2	1
530	1461	32	33	1	4	3
531	317	39	40	3	4	2
532	2087	17	19	2	3	1
533	1166	56	58	2	1	3
534	880	17	19	2	1	1
535	753	62	64	1	4	1
536	393	13	14	3	4	3
537	232	53	54	2	3	3
538	146	37	39	2	4	3
539	931	64	67	2	1	1
540	309	51	53	1	4	2
541	1344	64	66	2	4	2
542	1963	48	51	3	4	3
543	616	29	32	2	2	1
544	27	66	67	3	4	1
545	851	56	57	1	4	3
546	1546	50	53	2	3	2
547	205	50	52	3	3	1
548	1709	25	27	2	4	3
549	255	27	29	1	1	1
550	350	57	60	3	3	2
551	374	21	22	3	1	1
552	2098	63	65	1	4	1
553	406	67	68	2	3	2
554	332	29	32	3	2	1
555	1149	6	9	2	3	2
556	464	55	56	3	3	1
557	884	15	16	2	3	2
558	582	10	11	2	1	1
559	1018	13	15	1	2	3
560	1581	20	21	3	1	2
561	1994	12	14	1	3	2
562	1901	56	59	3	1	1
563	22	61	64	1	3	1
564	617	43	45	1	2	1
565	1666	24	25	3	4	3
566	2009	31	32	1	4	3
567	1074	12	15	1	2	3
568	265	28	30	2	1	3
569	72	52	54	2	3	2
570	1960	68	69	1	3	2
571	697	9	10	2	1	2
572	1755	30	33	3	1	2
573	531	65	66	2	4	1
574	169	16	18	1	3	1
575	1717	44	47	3	1	2
576	343	19	22	3	3	3
577	1909	23	25	1	2	1
578	1141	8	11	2	1	2
579	570	12	14	3	1	2
580	1338	53	54	1	3	1
581	1825	44	45	2	1	2
582	262	55	56	1	4	2
583	1623	38	39	3	1	2
584	644	6	9	1	2	3
585	1217	48	50	3	2	3
586	1774	5	8	3	2	1
587	1150	61	64	2	3	2
588	1831	4	7	2	3	2
589	216	49	52	1	2	1
590	993	19	22	1	3	2
591	811	59	61	3	2	3
592	904	37	38	1	2	1
593	1990	58	60	1	3	2
594	1665	38	40	1	4	3
595	977	13	14	1	3	1
596	922	19	20	1	2	1
597	1946	15	17	1	1	2
598	532	56	58	2	1	2
599	1730	65	66	1	1	2
600	1414	34	37	1	4	2
601	148	15	17	1	4	1
602	402	54	57	1	3	2
603	543	20	23	3	2	2
604	1494	29	30	3	2	3
605	1969	49	51	3	4	1
606	240	22	24	1	2	1
607	628	49	51	3	1	3
608	1937	9	12	3	1	3
609	1357	3	4	3	1	1
610	214	57	59	3	2	1
611	904	6	8	2	1	2
612	1210	27	28	3	2	1
613	146	23	25	3	1	2
614	331	20	21	1	2	2
615	1531	14	17	1	1	2
616	1334	33	36	3	2	3
617	529	25	26	1	1	1
618	763	5	8	3	3	2
619	306	59	60	3	1	1
620	1476	25	27	3	3	2
621	233	41	44	1	1	2
622	1736	34	36	3	2	1
623	1369	54	56	2	4	2
624	521	30	33	2	3	3
625	593	22	25	3	3	1
626	561	54	56	3	2	2
627	1372	7	9	2	2	1
628	1939	52	53	3	1	1
629	1264	53	55	2	3	3
630	1136	41	44	1	2	2
631	851	36	39	1	2	2
632	629	56	58	2	1	2
633	2040	1	2	3	3	1
634	1477	7	9	3	2	1
635	589	66	67	3	4	3
636	1099	9	11	3	3	3
637	621	44	46	1	1	3
638	992	49	52	2	2	1
639	2051	61	63	2	2	1
640	1277	41	44	1	1	1
641	610	21	22	1	4	2
642	1013	45	46	2	4	3
643	1765	35	37	3	3	1
644	609	34	37	1	4	2
645	1557	64	65	3	1	3
646	386	9	11	3	2	3
647	158	15	16	3	2	3
648	662	40	41	1	3	2
649	1745	16	18	2	3	3
650	2150	35	37	3	2	3
651	1170	34	36	2	2	1
652	726	31	32	2	3	3
653	198	35	37	1	4	2
654	482	11	13	2	1	1
655	1772	31	32	2	1	3
656	283	39	40	1	4	2
657	504	60	62	3	2	2
658	1801	15	16	3	2	3
659	2035	52	54	2	2	2
660	2130	49	51	3	4	2
661	1290	61	63	3	3	2
662	1753	61	63	3	4	1
663	22	21	23	3	2	1
664	1993	7	9	1	1	3
665	1560	15	18	1	2	3
666	145	62	65	1	2	1
667	56	11	13	3	1	3
668	1381	3	4	1	4	2
669	1555	32	35	2	1	1
670	1211	32	33	2	3	3
671	556	50	52	2	3	2
672	1603	23	25	2	1	1
673	736	34	37	2	4	3
674	1065	61	62	2	1	2
675	1384	54	57	1	1	3
676	1705	36	37	3	3	1
677	2139	36	39	1	2	3
678	2163	1	3	2	3	2
679	1243	2	5	3	4	2
680	932	2	5	1	1	1
681	1955	37	39	1	2	1
682	1171	65	66	3	2	1
683	1827	50	51	3	1	2
684	1550	27	29	2	3	1
685	1768	43	46	2	3	2
686	380	57	59	2	2	1
687	1995	30	31	1	2	1
688	1805	13	16	2	1	2
689	144	7	9	2	2	3
690	1289	24	25	3	2	1
691	1051	43	46	1	4	3
692	284	48	50	3	2	2
693	1980	48	50	2	2	1
694	980	63	65	2	1	3
695	476	15	16	1	1	2
696	1518	24	25	3	1	1
697	746	27	29	1	2	3
698	20	3	4	1	2	1
699	100	52	55	2	3	3
700	1406	40	42	1	4	1
701	920	58	59	3	4	1
702	1356	6	7	1	2	3
703	1340	58	60	2	2	2
704	325	26	28	3	2	2
705	1597	61	64	2	2	2
706	1266	8	9	3	4	3
707	1998	50	53	2	4	2
708	1854	35	36	2	2	2
709	4	45	48	1	2	2
710	1029	33	36	2	2	3
711	638	11	14	1	3	2
712	1382	54	55	2	4	3
713	1749	60	62	1	4	1
714	1813	36	37	1	3	2
715	866	32	34	2	3	3
716	984	21	22	3	4	3
717	1633	52	55	2	1	2
718	1724	28	31	2	3	2
719	224	49	50	1	4	1
720	190	60	62	3	2	1
721	62	56	59	2	1	2
722	323	36	37	2	3	1
723	1134	48	51	3	4	2
724	1836	65	66	3	1	3
725	1032	65	68	2	4	3
726	1787	44	47	1	3	2
727	415	14	17	1	3	2
728	1823	59	62	3	3	1
729	1986	20	22	3	1	2
730	1578	20	22	3	4	2
731	1491	6	8	3	4	1
732	1855	56	58	2	2	1
733	959	3	4	3	2	2
734	1965	15	17	2	4	3
735	248	45	47	1	4	1
736	1628	48	51	1	3	2
737	2026	48	51	3	1	1
738	320	57	59	1	2	3
739	101	19	20	3	2	2
740	1714	59	61	1	1	2
741	269	50	52	2	2	2
742	493	54	56	1	2	3
743	1913	42	43	1	4	3
744	1490	32	33	3	1	2
745	1841	57	58	3	2	3
746	310	63	65	2	2	1
747	1508	65	66	1	1	2
748	944	66	67	1	2	2
749	2027	42	45	2	4	1
750	2147	49	52	3	2	1
751	1157	55	58	3	4	2
752	2148	50	51	2	1	2
753	324	18	20	1	4	2
754	1736	47	50	1	1	1
755	80	33	35	1	3	3
756	354	57	58	2	4	1
757	1213	37	38	1	4	2
758	1193	53	54	1	4	1
759	887	60	62	2	1	2
760	880	58	59	3	3	3
761	1638	12	14	1	2	3
762	1443	41	44	2	1	2
763	454	41	44	3	1	1
764	1789	51	54	3	4	1
765	1040	59	62	3	4	3
766	778	48	50	3	3	1
767	821	40	41	1	4	3
768	291	4	5	3	3	2
769	1600	18	20	2	2	2
770	140	17	20	2	1	3
771	545	10	13	3	4	1
772	1509	56	59	1	3	1
773	1847	8	10	3	2	1
774	6	37	40	3	1	3
775	251	57	60	2	2	1
776	466	10	11	2	3	1
777	2134	26	28	2	1	2
778	599	64	66	2	4	2
779	1891	58	61	1	2	3
780	805	57	58	3	2	1
781	1398	22	25	3	1	1
782	407	43	44	3	4	3
783	976	29	31	1	3	1
784	1702	17	20	3	1	3
785	1142	1	3	2	2	2
786	844	50	52	3	3	1
787	2129	36	37	3	1	1
788	50	24	26	2	1	1
789	557	57	58	1	3	3
790	1000	54	57	2	2	2
791	1230	61	64	2	3	3
792	923	5	8	1	2	2
793	1756	61	64	1	2	1
794	1120	12	14	2	4	3
795	1847	36	38	2	1	3
796	1072	56	57	1	1	1
797	615	58	59	2	2	2
798	334	50	52	2	1	2
799	882	36	39	2	1	1
800	1326	51	53	1	2	1
801	1227	49	51	3	2	3
802	1782	58	60	3	2	1
803	2117	52	54	3	4	2
804	1987	54	55	3	2	1
805	1673	46	48	1	1	1
806	119	17	18	1	4	2
807	417	19	21	2	4	2
808	501	8	11	2	4	3
809	495	32	33	3	4	2
810	663	66	67	2	3	2
811	353	35	36	1	3	1
812	207	55	57	2	1	3
813	686	40	41	2	4	1
814	1422	15	16	1	1	1
815	1589	5	8	1	3	1
816	87	4	7	3	1	3
817	573	26	27	3	1	1
818	555	58	60	3	2	1
819	1526	6	9	1	2	2
820	2008	39	41	2	3	2
821	456	28	31	3	3	1
822	647	53	55	2	4	1
823	1025	60	62	2	4	3
824	1965	50	52	3	2	2
825	449	57	59	1	1	2
826	1278	42	43	2	1	1
827	2120	33	34	3	3	3
828	1992	28	29	3	4	2
829	297	11	14	1	2	1
830	1215	34	35	3	4	2
831	1664	26	28	1	2	1
832	699	46	49	2	1	1
833	1662	14	17	2	3	3
834	708	20	21	1	3	1
835	1353	45	47	3	2	3
836	1416	20	21	1	2	2
837	648	19	20	1	3	2
838	1168	40	43	1	3	2
839	1817	30	31	1	1	3
840	11	16	17	2	1	3
841	254	35	38	3	3	1
842	19	23	26	3	1	2
843	1221	22	24	1	1	3
844	171	41	43	3	2	1
845	14	40	41	2	1	3
846	948	50	53	1	3	1
847	94	8	9	2	2	1
848	943	21	22	3	4	3
849	33	20	23	3	1	3
850	1374	28	29	2	2	2
851	1305	7	10	3	3	1
852	75	53	56	1	1	3
853	1403	36	37	3	1	3
854	298	47	49	1	1	2
855	990	64	65	3	1	1
856	1604	5	8	3	4	2
857	66	16	19	1	4	3
858	2016	59	62	1	4	1
859	1751	15	18	2	4	1
860	1799	51	53	3	1	3
861	2117	24	26	1	2	2
862	1773	2	4	3	1	2
863	1148	61	62	2	1	1
864	515	52	54	3	3	2
865	928	39	42	2	3	1
866	1793	17	18	1	2	2
867	1259	50	51	3	1	1
868	303	6	7	3	4	2
869	1553	51	53	2	1	3
870	898	24	25	1	3	2
871	1160	64	65	1	2	1
872	1115	42	43	2	4	3
873	777	3	5	3	2	1
874	799	6	7	3	2	2
875	505	14	15	3	4	3
876	2058	22	24	1	1	2
877	1777	29	32	2	1	2
878	1249	52	54	2	3	1
879	1004	50	51	1	4	1
880	553	60	62	2	3	3
881	1769	3	6	3	2	2
882	172	55	57	1	1	2
883	340	67	68	1	3	3
884	1601	16	19	2	2	3
885	1740	21	22	1	2	1
886	1308	47	48	3	2	2
887	401	42	45	2	2	3
888	2139	56	57	2	4	3
889	821	6	9	1	4	1
890	955	4	7	3	2	3
891	1872	31	34	2	2	2
892	1285	43	44	1	3	1
893	1411	30	31	1	4	2
894	642	60	61	3	3	2
895	1439	51	54	1	4	3
896	200	20	22	2	3	1
897	225	11	12	1	3	1
898	502	32	34	2	3	1
899	571	52	54	3	4	3
900	1188	42	43	2	3	1
901	1187	13	15	1	4	3
902	685	45	47	1	2	2
903	522	50	51	2	1	3
904	1489	12	14	1	2	2
905	2064	49	52	2	4	1
906	687	46	48	3	2	3
907	1902	26	29	2	1	2
908	846	6	7	3	4	1
909	1485	36	38	1	1	1
910	1935	57	60	1	4	3
911	65	25	28	3	1	3
912	1239	48	51	1	3	2
913	288	43	46	3	2	3
914	530	16	19	2	4	1
915	1507	24	27	3	2	3
916	1584	22	23	1	2	3
917	1392	28	31	3	2	2
918	1075	47	48	1	3	3
919	1728	45	47	2	4	2
920	132	38	40	1	2	1
921	1387	51	53	3	1	1
922	656	32	33	1	4	3
923	1117	54	55	2	2	3
924	279	43	44	3	2	2
925	970	17	18	3	4	2
926	1479	39	41	2	1	1
927	186	40	43	1	1	1
928	2064	33	34	3	2	3
929	551	15	17	1	4	3
930	1762	5	7	2	2	1
931	1710	38	41	2	3	1
932	1345	48	50	2	3	1
933	1923	31	34	1	3	2
934	499	45	48	3	3	3
935	1608	25	27	1	3	2
936	1033	28	31	3	2	3
937	1074	42	44	3	1	3
938	2034	62	65	3	4	2
939	872	64	67	2	3	3
940	1375	29	30	2	1	3
941	359	6	8	3	3	3
942	179	62	63	3	3	1
943	1022	19	20	1	3	1
944	958	13	14	3	2	3
945	1764	14	16	3	3	3
946	2023	66	67	1	4	1
947	1611	52	55	2	3	3
948	706	35	37	1	2	2
949	2095	1	4	2	1	2
950	1456	27	29	3	1	3
951	2018	22	23	1	1	2
952	514	8	10	3	2	1
953	957	2	5	3	3	3
954	827	17	20	3	1	2
955	1463	51	52	1	2	3
956	1251	47	49	3	1	2
957	1428	66	67	3	4	1
958	1739	35	36	1	4	3
959	469	28	30	1	3	3
960	478	45	47	1	1	1
961	830	26	29	3	3	2
962	1950	54	56	2	1	1
963	1996	56	59	1	3	2
964	1017	25	28	2	2	1
965	1896	62	65	3	1	2
966	764	64	67	1	3	2
967	2024	21	22	1	4	2
968	1793	21	22	3	3	2
969	931	30	33	1	2	3
970	612	5	8	2	3	1
971	934	6	8	1	2	2
972	1330	25	27	1	1	2
973	925	27	28	3	4	1
974	983	3	4	1	2	1
975	1154	14	16	1	4	2
976	1557	45	46	3	1	3
977	418	2	5	3	4	1
978	2078	30	31	2	3	1
979	1734	8	10	1	3	2
980	1760	66	67	1	1	1
981	1643	3	5	1	4	3
982	1971	63	66	1	2	1
983	1450	1	2	2	1	2
984	1206	30	31	1	4	1
985	398	15	17	3	3	1
986	2002	5	8	1	1	3
987	243	1	3	2	2	3
988	1425	24	27	1	3	3
989	369	47	48	3	4	1
990	691	46	48	1	1	2
991	1241	56	58	3	4	3
992	270	44	46	3	2	2
993	562	18	21	3	2	3
994	783	64	67	3	2	1
995	787	20	23	2	4	1
996	410	63	64	1	2	2
997	1284	66	69	1	4	1
998	242	45	46	1	2	3
999	2077	41	44	1	2	1
1000	650	15	17	2	4	3
1001	2114	22	23	1	3	1
1002	1353	11	14	2	3	2
1003	421	50	52	1	2	1
1004	542	11	12	2	4	2
1005	1526	63	64	1	4	1
1006	1328	51	54	2	3	1
1007	32	48	51	1	4	2
1008	1720	4	5	1	4	3
1009	772	17	20	1	3	3
1010	587	10	12	1	3	1
1011	1027	18	20	2	2	2
1012	1859	40	41	1	3	3
1013	349	19	20	3	2	1
1014	1659	65	66	2	1	1
1015	1355	24	25	1	2	3
1016	141	59	61	2	2	3
1017	1395	55	57	1	2	2
1018	1544	22	25	2	1	2
1019	847	1	3	2	3	2
1020	603	35	37	1	3	2
1021	1798	37	39	2	2	1
1022	20	13	16	2	2	2
1023	1838	38	41	2	1	3
1024	1849	37	38	1	4	2
1025	1483	18	21	1	2	1
1026	498	18	19	3	4	2
1027	1360	41	43	3	1	1
1028	1663	38	41	1	2	3
1029	197	26	28	3	4	3
1030	1341	56	58	2	4	1
1031	678	2	4	3	4	1
1032	1718	37	38	2	2	2
1033	728	7	10	1	2	3
1034	539	11	14	2	4	2
1035	1371	33	36	3	1	1
1036	684	4	5	3	2	3
1037	1101	27	30	2	3	1
1038	1516	7	8	1	3	3
1039	261	38	41	1	1	3
1040	1569	34	36	3	3	1
1041	467	53	55	1	3	3
1042	924	65	67	3	1	1
1043	1024	64	67	1	3	3
1044	1396	46	48	1	2	1
1045	913	26	28	2	3	1
1046	1430	29	32	2	1	1
1047	1693	50	53	3	4	1
1048	477	35	38	1	3	2
1049	821	65	67	3	1	3
1050	2149	49	51	1	4	3
1051	601	6	8	1	4	1
1052	1205	21	24	2	3	2
1053	2042	3	5	3	4	2
1054	676	2	3	3	3	2
1055	114	33	36	1	1	2
1056	1605	28	30	2	1	3
1057	1853	3	6	2	3	3
1058	181	23	25	1	3	1
1059	973	8	11	1	4	1
1060	624	40	42	2	3	1
1061	1499	15	16	1	2	1
1062	142	36	39	1	2	3
1063	1438	8	11	2	3	2
1064	1981	33	35	1	2	1
1065	598	19	22	2	1	2
1066	433	25	26	1	3	1
1067	42	6	9	3	4	1
1068	1043	31	32	3	4	1
1069	92	12	15	3	3	2
1070	914	25	26	3	1	1
1071	1292	4	5	1	3	2
1072	1567	3	5	2	4	2
1073	672	48	49	3	2	1
1074	46	20	23	1	2	1
1075	1766	61	62	1	1	1
1076	1972	22	24	1	4	3
1077	1306	25	27	3	3	3
1078	1495	67	68	1	4	2
1079	152	55	58	1	1	1
1080	281	7	10	2	2	2
1081	696	49	51	2	2	3
1082	1676	21	22	2	2	3
1083	1679	45	47	2	3	3
1084	1464	65	68	2	1	1
1085	962	37	38	3	2	3
1086	739	26	29	3	1	1
1087	1096	13	15	2	2	3
1088	1552	55	57	3	1	1
1089	1879	55	58	2	1	1
1090	509	20	21	1	4	1
1091	279	61	64	2	2	1
1092	840	30	32	3	4	2
1093	1182	28	30	3	2	2
1094	590	32	33	3	3	1
1095	813	43	45	3	2	3
1096	213	5	7	3	1	3
1097	1585	66	67	1	2	2
1098	22	67	68	2	1	1
1099	483	56	57	2	1	2
1100	1688	19	21	3	2	1
1101	911	51	52	2	4	1
1102	138	11	14	1	1	3
1103	22	9	11	2	3	3
1104	336	3	5	2	1	1
1105	1502	24	26	3	4	2
1106	436	37	40	2	1	1
1107	832	45	47	3	3	3
1108	968	13	14	1	2	2
1109	200	1	3	2	3	2
1110	683	37	40	3	2	1
1111	1169	3	6	1	2	1
1112	1809	8	9	3	4	2
1113	1090	15	16	3	1	1
1114	2076	10	13	3	3	3
1115	1461	56	59	3	3	1
1116	86	60	63	3	1	3
1117	1568	63	64	3	2	3
1118	1660	16	18	3	3	3
1119	822	58	61	3	4	1
1120	790	8	9	1	2	2
1121	954	65	68	1	1	1
1122	1015	61	64	1	1	2
1123	414	35	36	1	4	1
1124	606	22	24	2	3	3
1125	1349	41	44	1	2	2
1126	627	35	37	3	4	1
1127	590	19	22	3	4	3
1128	1318	22	25	1	2	3
1129	1519	56	59	2	2	2
1130	793	47	50	2	4	3
1131	29	35	38	1	3	3
1132	287	2	4	2	2	2
1133	1938	35	38	1	1	1
1134	1234	53	56	3	1	3
1135	1978	61	62	3	1	2
1136	2103	34	35	1	4	2
1137	2075	49	50	1	4	1
1138	1300	59	61	1	1	3
1139	2091	13	15	3	3	3
1140	723	6	8	1	1	3
1141	1818	25	26	3	3	2
1142	747	40	42	2	4	2
1143	1744	1	3	3	2	1
1144	2066	28	31	1	2	2
1145	757	60	62	1	1	3
1146	1367	46	49	2	4	3
1147	1573	27	29	3	3	3
1148	1869	45	48	1	4	1
1149	947	36	37	2	4	1
1150	263	57	60	3	2	3
1151	1165	60	63	2	1	2
1152	1708	47	50	2	2	3
1153	150	48	49	3	2	2
1154	946	66	67	3	3	3
1155	1339	16	19	3	3	2
1156	1409	31	33	1	4	2
1157	353	10	13	2	2	3
1158	273	34	36	2	3	2
1159	552	39	41	2	2	1
1160	1554	41	44	1	3	1
1161	1329	51	54	2	2	1
1162	1715	38	39	1	2	2
1163	652	45	47	2	2	1
1164	1438	44	46	2	4	3
1165	2134	21	22	2	2	1
1166	1781	19	20	2	4	3
1167	1057	14	16	2	3	1
1168	1529	29	30	2	2	1
1169	447	60	61	3	4	2
1170	1331	24	27	3	4	1
1171	1293	2	3	1	1	3
1172	356	44	46	1	4	1
1173	1268	3	5	2	1	3
1174	2167	25	28	2	4	2
1175	1894	23	26	3	2	3
1176	58	46	49	2	1	3
1177	1906	43	44	2	3	1
1178	1691	62	64	3	2	1
1179	631	51	52	2	1	2
1180	901	60	61	3	1	1
1181	503	9	11	1	4	1
1182	755	26	29	2	2	1
1183	689	57	60	3	1	2
1184	914	62	63	2	3	2
1185	883	41	43	2	2	2
1186	559	57	58	3	2	3
1187	1636	2	3	2	2	3
1188	1492	39	40	2	4	1
1189	869	19	22	3	1	3
1190	1401	24	27	3	3	3
1191	2086	13	14	1	4	1
1192	1175	25	27	1	4	1
1193	1261	4	7	2	2	1
1194	1313	21	24	1	4	3
1195	348	55	57	2	2	1
1196	1069	13	16	1	1	2
1197	527	27	29	2	3	2
1198	833	51	53	3	4	1
1199	1409	36	38	1	2	2
1200	2166	32	35	1	3	1
1201	1807	22	23	2	3	2
1202	1478	13	16	2	4	2
1203	274	38	40	3	3	1
1204	1655	9	12	1	2	2
1205	124	64	67	1	4	2
1206	1806	8	10	2	2	3
1207	1701	30	31	2	4	2
1208	1471	16	17	1	2	1
1209	774	43	45	3	2	3
1210	201	11	14	2	2	2
1211	165	31	33	2	4	1
1212	2170	27	30	2	2	2
1213	263	44	46	3	2	3
1214	492	33	36	1	1	1
1215	867	43	44	2	2	3
1216	815	26	27	3	2	1
1217	278	68	69	1	4	3
1218	958	39	40	3	2	2
1219	115	32	34	1	2	3
1220	1253	48	50	3	4	2
1221	654	39	41	1	4	1
1222	1030	41	44	2	3	1
1223	25	17	20	3	4	1
1224	744	13	14	2	3	3
1225	782	59	60	2	4	1
1226	1810	27	28	1	1	3
1227	2168	15	17	3	4	2
1228	2107	64	66	3	1	2
1229	479	49	51	3	1	3
1230	457	28	30	1	4	2
1231	809	55	58	3	3	1
1232	632	19	22	1	2	3
1233	1773	32	35	1	3	2
1234	2094	53	54	3	3	1
1235	893	6	7	3	4	1
1236	857	34	36	2	3	2
1237	585	26	27	2	3	3
1238	698	29	32	2	4	1
1239	54	2	4	1	2	3
1240	1758	38	41	2	4	3
1241	352	14	15	2	3	3
1242	732	50	52	3	1	3
1243	729	31	34	2	3	1
1244	302	67	69	1	2	3
1245	591	53	56	2	3	1
1246	280	20	21	1	2	3
1247	167	5	8	2	3	1
1248	362	2	5	3	1	3
1249	1626	64	65	2	1	1
1250	211	46	47	2	1	3
1251	936	24	25	2	2	3
1252	576	34	35	3	1	3
1253	1413	30	31	2	1	3
1254	1139	5	8	1	1	3
1255	308	43	45	3	2	3
1256	1954	61	63	2	1	2
1257	321	44	45	3	3	2
1258	878	63	66	2	3	2
1259	1176	16	17	2	2	2
1260	1493	58	59	3	3	2
1261	138	20	21	2	3	1
1262	1747	54	55	2	3	1
1263	1837	65	68	2	3	2
1264	1961	47	50	2	1	3
1265	556	55	57	2	2	3
1266	1644	62	65	2	4	3
1267	110	56	59	3	1	3
1268	719	36	38	2	4	3
1269	253	1	3	3	3	3
1270	139	15	17	3	1	3
1271	1974	32	35	3	4	1
1272	503	22	23	2	2	2
1273	756	60	61	1	2	3
1274	716	9	12	1	4	1
1275	91	17	19	3	2	1
1276	991	54	57	2	4	1
1277	1094	44	46	3	1	3
1278	1410	45	47	1	3	3
1279	1402	45	46	2	2	3
1280	1713	40	42	3	2	1
1281	1049	2	3	3	3	3
1282	794	60	62	2	1	3
1283	1527	32	34	2	2	3
1284	2155	50	52	1	2	3
1285	2067	18	19	2	4	3
1286	836	35	36	1	1	1
1287	98	7	10	1	3	3
1288	7	65	66	3	1	1
1289	1903	42	44	3	4	2
1290	1393	2	3	3	4	1
1291	2063	6	9	1	2	1
1292	1001	28	29	3	1	1
1293	128	30	32	1	1	1
1294	1192	34	36	1	4	3
1295	862	54	56	2	3	3
1296	2156	22	23	3	2	3
1297	550	62	64	1	1	1
1298	1473	22	24	2	2	1
1299	975	19	21	3	1	3
1300	1044	41	42	2	4	2
1301	1516	33	35	2	2	1
1302	1808	20	22	1	4	1
1303	1129	12	14	3	4	2
1304	161	43	45	2	2	2
1305	51	7	10	2	4	2
1306	835	65	68	2	4	2
1307	972	4	6	3	4	1
1308	581	61	62	2	4	3
1309	1055	40	42	3	2	3
1310	1730	2	5	2	1	2
1311	762	44	46	3	2	2
1312	1677	6	8	3	2	3
1313	761	64	65	1	3	3
1314	1722	30	32	1	2	1
1315	1591	44	46	3	1	2
1316	153	13	16	1	2	3
1317	440	18	20	2	3	1
1318	1436	32	35	3	4	1
1319	1687	63	66	1	2	2
1320	1686	55	56	3	4	1
1321	2037	16	18	1	1	3
1322	1158	60	63	3	2	3
1323	620	9	11	3	1	2
1324	1342	30	32	1	2	2
1325	160	23	25	1	1	2
1326	1309	20	22	3	4	2
1327	640	42	43	3	3	2
1328	18	47	50	3	4	2
1329	641	51	54	3	2	1
1330	520	29	31	2	2	1
1331	1107	50	51	2	2	1
1332	1642	23	25	3	4	2
1333	523	43	44	1	3	3
1334	768	41	42	1	1	3
1335	1455	44	45	3	4	2
1336	1521	40	43	3	1	1
1337	471	62	63	2	1	3
1338	1757	50	51	1	4	3
1339	515	10	13	2	1	3
1340	1273	23	25	2	3	1
1341	1140	46	47	1	1	2
1342	395	24	27	3	2	3
1343	1858	32	35	2	4	1
1344	1258	28	31	1	3	2
1345	488	32	34	3	2	1
1346	2092	6	9	3	3	3
1347	1790	15	16	2	1	1
1348	1253	58	61	2	4	3
1349	547	20	21	2	4	2
1350	661	22	25	2	1	1
1351	1607	7	8	2	3	1
1352	1754	33	36	2	3	1
1353	592	50	53	2	4	2
1354	1974	55	57	3	3	2
1355	876	21	23	1	3	1
1356	541	3	4	2	1	1
1357	1898	14	17	2	4	3
1358	983	36	39	2	4	1
1359	837	49	50	1	4	1
1360	921	13	15	1	4	1
1361	1704	15	16	3	3	1
1362	1970	56	59	3	2	3
1363	855	18	20	2	3	2
1364	259	66	68	1	4	1
1365	501	10	12	2	3	2
1366	1445	67	68	1	2	3
1367	1372	25	27	2	4	2
1368	164	12	13	2	3	1
1369	307	6	8	2	1	2
1370	240	42	43	3	4	3
1371	1237	18	20	1	2	2
1372	249	43	44	3	2	2
1373	1407	8	9	2	4	1
1374	1010	49	52	1	2	2
1375	894	24	27	3	1	3
1376	1684	12	15	2	2	1
1377	1629	54	55	1	1	2
1378	197	36	37	2	2	2
1379	1196	17	20	1	1	1
1380	280	57	59	2	4	2
1381	1475	49	52	3	1	2
1382	534	50	52	3	4	2
1383	734	11	12	1	2	1
1384	975	56	59	2	1	2
1385	1946	23	25	1	3	1
1386	1922	57	59	2	3	3
1387	2014	26	29	2	3	1
1388	838	2	5	2	3	2
1389	1054	67	68	1	2	2
1390	941	62	63	2	1	2
1391	546	31	33	3	4	3
1392	1131	62	64	1	2	1
1393	1681	63	65	1	1	3
1394	1711	25	26	1	1	3
1395	1102	54	57	1	1	2
1396	1506	9	10	1	3	2
1397	1814	4	5	2	3	1
1398	2065	40	42	1	1	1
1399	1050	62	65	1	3	1
1400	905	37	40	3	4	1
1401	631	20	23	3	2	1
1402	2005	10	11	2	3	1
1403	1220	35	37	2	3	3
1404	563	52	54	2	3	1
1405	1092	24	26	2	4	1
1406	1023	22	24	1	3	2
1407	814	54	55	1	2	2
1408	580	22	24	2	3	3
1409	1497	41	43	1	4	1
1410	335	41	43	2	4	2
1411	1622	28	30	1	1	2
1412	222	23	24	1	3	3
1413	1340	34	37	3	3	2
1414	1286	40	42	2	1	2
1415	1606	36	38	1	2	1
1416	1915	6	9	2	4	2
1417	369	17	20	3	1	3
1418	852	58	60	2	1	1
1419	2135	49	52	3	1	2
1420	1723	49	51	2	1	3
1421	513	7	9	1	4	3
1422	2089	31	33	3	3	1
1423	1615	24	25	3	3	1
1424	1127	49	52	1	2	2
1425	175	41	43	1	1	1
1426	2121	36	37	1	2	2
1427	2143	5	8	1	3	2
1428	720	3	5	3	3	3
1429	608	9	11	2	2	1
1430	1845	10	12	3	1	1
1431	986	53	55	1	2	2
1432	61	57	59	2	1	1
1433	2074	5	8	3	4	2
1434	384	38	41	1	3	1
1435	698	66	69	1	4	2
1436	1699	44	45	3	2	2
1437	1761	23	24	3	1	2
1438	3	6	8	1	3	3
1439	1571	39	40	3	2	3
1440	1097	50	53	2	1	1
1441	1829	62	63	2	2	1
1442	126	31	33	2	2	2
1443	1214	52	53	1	2	2
1444	2124	64	65	1	1	2
1445	96	10	11	3	4	2
1446	2045	61	64	2	2	2
1447	895	31	34	1	4	3
1448	45	22	23	2	2	3
1449	1200	20	23	1	3	3
1450	1052	7	10	1	2	1
1451	370	49	51	1	2	1
1452	1685	50	52	3	2	3
1453	383	59	61	2	3	2
1454	1656	36	39	1	1	1
1455	1082	3	6	2	3	2
1456	2032	1	4	2	1	1
1457	728	28	31	2	3	1
1458	554	32	34	3	3	1
1459	1209	64	65	1	3	3
1460	1260	3	6	3	2	2
1461	162	41	42	1	3	3
1462	1498	4	6	1	3	3
1463	2025	24	25	2	4	1
1464	750	46	49	1	4	2
1465	1508	38	40	2	3	1
1466	503	15	17	3	1	1
1467	1020	53	54	2	4	1
1468	1073	30	31	3	2	3
1469	459	50	53	3	1	1
1470	201	11	12	3	3	2
1471	981	32	34	1	4	3
1472	2164	23	24	3	3	2
1473	2158	48	49	3	1	3
1474	139	1	2	1	1	2
1475	1918	10	11	3	1	3
1476	1947	13	15	2	2	1
1477	388	40	41	3	3	1
1478	816	27	28	2	2	2
1479	908	34	36	3	4	2
1480	1453	49	52	1	2	1
1481	1637	63	64	3	2	3
1482	268	35	38	3	3	1
1483	97	23	25	2	2	2
1484	424	33	36	2	1	1
1485	877	31	34	2	2	2
1486	1802	57	59	2	4	3
1487	1203	51	53	2	2	1
1488	519	1	4	1	3	3
1489	2109	57	59	3	3	2
1490	574	27	28	1	1	2
1491	841	50	53	3	1	1
1492	964	48	50	1	4	3
1493	865	45	46	2	2	1
1494	221	60	63	2	1	2
1495	1955	9	10	3	3	2
1496	1978	63	66	1	4	3
1497	665	41	43	1	3	2
1498	2113	18	20	1	1	3
1499	83	3	5	2	4	2
1500	1068	14	16	3	4	2
1501	2068	46	48	3	3	2
1502	1872	49	51	1	1	2
1503	646	20	23	1	2	1
1504	1002	15	16	1	2	2
1505	304	65	66	3	4	1
1506	1924	3	4	1	2	3
1507	879	56	57	3	1	2
1508	712	49	52	2	2	2
1509	868	53	54	2	3	2
1510	1093	25	26	2	4	2
1511	1295	53	55	1	3	2
1512	1036	32	33	3	1	3
1513	1563	39	42	1	2	1
1514	1174	26	29	1	2	3
1515	1641	12	14	1	2	2
1516	997	30	32	2	3	2
1517	915	15	17	3	1	3
1518	2036	11	13	3	1	1
1519	1870	51	54	2	4	2
1520	1291	28	29	1	4	3
1521	890	17	20	1	2	1
1522	2082	12	13	2	4	2
1523	1273	18	21	3	4	2
1524	1544	37	38	1	3	3
1525	1154	65	67	1	3	2
1526	2001	29	30	3	2	3
1527	1245	8	9	1	3	1
1528	178	9	11	2	2	1
1529	1555	64	66	2	4	3
1530	299	49	51	3	2	3
1531	768	34	37	1	4	1
1532	1140	39	42	1	2	3
1533	1021	53	54	1	4	3
1534	1733	60	63	3	4	2
1535	2014	7	10	3	4	2
1536	1301	66	68	2	2	2
1537	455	46	49	1	1	2
1538	1500	2	3	1	4	2
1539	1250	63	66	2	1	1
1540	1424	52	54	3	3	3
1541	819	25	28	1	3	1
1542	1524	42	43	2	2	1
1543	399	41	42	3	3	1
1544	78	3	4	3	2	3
1545	1743	44	46	2	3	2
1546	988	48	49	2	3	3
1547	336	12	14	3	3	2
1548	1895	30	31	3	3	2
1549	1287	58	59	1	4	2
1550	460	10	12	2	3	1
1551	923	66	67	2	3	2
1552	1463	24	27	3	1	3
1553	639	50	52	3	3	2
1554	268	17	18	3	1	3
1555	1741	33	36	1	4	2
1556	1970	18	21	3	4	1
1557	679	60	62	3	2	3
1558	2047	39	41	3	4	2
1559	1497	15	16	2	3	3
1560	318	44	47	1	2	2
1561	1390	56	57	3	1	3
1562	1631	66	67	2	2	1
1563	692	49	51	3	1	3
1564	907	38	39	2	3	2
1565	1727	19	22	1	2	2
1566	412	42	44	3	2	2
1567	1814	36	39	2	4	3
1568	1280	58	60	3	2	1
1569	181	42	45	3	2	1
1570	1624	55	57	1	2	2
1571	1632	22	25	2	3	2
1572	1790	55	56	2	3	2
1573	2044	54	57	1	3	1
1574	484	6	9	2	1	1
1575	1151	59	61	2	3	2
1576	1153	36	38	1	4	2
1577	1639	22	23	3	1	3
1578	1574	46	49	1	1	2
1579	123	13	14	2	3	1
1580	1435	18	19	3	4	3
1581	52	37	38	2	2	3
1582	2138	57	59	1	2	3
1583	643	24	27	3	2	1
1584	1927	16	19	1	3	3
1585	1	32	35	3	2	1
1586	834	15	17	2	1	2
1587	1619	4	6	3	3	3
1588	1305	64	66	3	4	2
1589	1167	48	49	3	2	1
1590	137	27	29	2	1	1
1591	881	13	16	1	4	3
1592	2020	19	22	3	1	2
1593	399	11	13	2	4	1
1594	1275	7	10	2	3	3
1595	26	15	18	1	3	3
1596	774	29	30	2	1	3
1597	1019	20	23	3	4	1
1598	367	25	26	3	4	2
1599	517	49	51	2	2	2
1600	773	33	35	3	1	1
1601	1943	53	56	2	3	3
1602	1421	20	23	2	2	3
1603	1678	29	30	1	1	2
1604	155	41	44	3	2	2
1605	1329	2	4	1	3	1
1606	1088	52	54	1	3	2
1607	2136	54	57	2	1	3
1608	461	21	24	1	3	3
1609	215	29	31	3	2	1
1610	1882	2	4	3	1	2
1611	1147	55	56	2	3	1
1612	1542	53	56	3	1	1
1613	2112	6	9	3	1	2
1614	1680	19	21	1	2	2
1615	660	44	45	3	3	2
1616	1462	53	56	2	3	1
1617	327	9	10	1	4	3
1618	469	33	34	3	4	3
1619	1362	1	2	2	3	2
1620	880	66	67	3	4	3
1621	1352	19	21	3	3	2
1622	328	53	56	1	2	2
1623	1235	23	25	1	4	1
1624	2110	32	34	2	1	2
1625	1322	12	13	3	4	3
1626	1394	56	59	2	1	3
1627	1	17	19	3	3	1
1628	1083	66	68	2	3	1
1629	1515	63	64	3	1	3
1630	1208	35	38	1	3	2
1631	1380	43	45	3	2	1
1632	192	24	26	1	2	2
1633	1274	55	57	3	4	2
1634	2154	65	67	2	2	1
1635	17	16	18	1	1	1
1636	1098	17	20	2	1	3
1637	1883	30	33	3	2	1
1638	319	52	54	1	1	2
1639	1418	24	26	2	2	3
1640	1327	27	30	2	1	3
1641	1952	1	3	3	2	1
1642	1880	58	60	1	4	1
1643	1350	29	30	1	1	1
1644	1536	2	3	2	2	2
1645	294	61	64	2	4	3
1646	473	10	13	3	1	3
1647	801	49	52	1	1	1
1648	1976	62	64	2	2	3
1649	937	30	31	1	1	2
1650	1121	46	47	3	3	2
1651	752	56	57	2	2	2
1652	12	30	33	3	3	2
1653	408	39	41	2	1	2
1654	956	44	46	1	2	1
1655	267	18	20	3	4	1
1656	583	17	19	1	4	3
1657	2056	33	36	2	4	3
1658	314	51	54	3	3	3
1659	1089	24	26	3	2	2
1660	1815	44	46	1	3	1
1661	1830	33	35	1	4	2
1662	342	1	4	2	4	3
1663	995	33	35	3	1	3
1664	863	60	63	1	4	3
1665	1031	45	48	1	4	1
1666	1423	55	57	2	2	3
1667	143	8	10	2	2	3
1668	749	33	35	2	2	1
1669	828	58	60	2	2	2
1670	1645	15	18	3	4	1
1671	245	24	25	1	2	2
1672	1333	33	35	1	1	1
1673	1046	62	65	1	4	1
1674	597	1	3	2	1	3
1675	671	7	8	3	1	2
1676	1653	41	43	1	3	3
1677	31	23	24	3	4	1
1678	1212	44	45	2	4	2
1679	463	45	47	1	4	1
1680	939	6	7	2	1	1
1681	1467	5	7	1	3	2
1682	1983	25	26	3	1	1
1683	1444	22	23	1	2	3
1684	918	52	55	2	1	3
1685	897	54	56	1	1	3
1686	538	18	19	3	4	1
1687	1846	58	59	1	1	2
1688	1426	14	16	1	2	3
1689	256	60	62	3	3	3
1690	1038	63	64	1	2	2
1691	1700	66	67	1	3	3
1692	1992	39	40	1	1	2
1693	470	23	24	3	3	1
1694	1319	10	11	1	3	3
1695	796	8	10	1	1	1
1696	1735	14	16	1	3	1
1697	767	66	67	1	2	2
1698	668	35	36	1	1	2
1699	183	50	52	1	1	1
1700	2000	24	25	1	3	3
1701	2111	55	56	1	2	1
1702	1412	8	9	3	3	3
1703	1520	44	47	1	1	1
1704	39	33	34	1	1	2
1705	1316	32	33	3	2	1
1706	390	34	36	1	2	1
1707	1566	43	46	2	3	2
1708	681	61	64	3	2	2
1709	345	39	40	2	1	3
1710	1442	62	64	1	4	1
1711	1916	35	37	2	2	2
1712	1674	64	67	3	1	2
1713	468	54	57	3	4	2
1714	1501	30	31	1	1	2
1715	1324	59	61	1	4	3
1716	1198	40	41	3	4	3
1717	1432	39	42	2	3	1
1718	1627	4	5	2	3	1
1719	2055	20	21	3	2	1
1720	358	23	26	1	2	2
1721	1312	39	41	2	4	1
1722	1470	21	23	3	3	2
1723	780	41	44	1	3	1
1724	1946	35	37	2	2	2
1725	1199	43	44	2	2	1
1726	1904	55	56	1	3	3
1727	480	61	63	3	3	2
1728	2165	61	64	3	3	3
1729	524	27	28	2	4	2
1730	2018	10	13	2	3	1
1731	1864	31	33	2	4	1
1732	664	33	35	2	3	2
1733	538	8	11	3	4	1
1734	2131	20	21	2	2	1
1735	2031	13	16	2	2	3
1736	1551	21	23	3	1	3
1737	377	8	9	3	2	1
1738	536	11	13	2	1	1
1739	1697	36	38	2	4	2
1740	82	6	7	1	3	2
1741	1131	16	17	2	1	2
1742	271	32	34	2	1	1
1743	1572	44	47	1	2	1
1744	2152	40	41	3	2	2
1745	1366	35	36	2	1	3
1746	1177	25	27	2	1	3
1747	1082	42	44	3	2	2
1748	1949	13	15	1	4	3
1749	952	36	39	2	3	2
1750	1378	4	7	2	2	1
1751	1393	44	45	1	1	2
1752	733	22	25	1	1	3
1753	1840	38	40	1	4	2
1754	8	38	39	3	2	2
1755	203	1	3	2	2	2
1756	1238	32	35	3	3	3
1757	71	51	52	1	2	3
1758	1298	65	67	1	1	2
1759	2012	17	18	1	1	3
1760	1048	46	49	2	1	3
1761	444	36	39	2	1	2
1762	149	42	45	1	1	3
1763	1932	35	37	1	3	3
1764	510	29	31	1	2	2
1765	219	37	38	3	2	3
1766	1008	52	53	1	2	1
1767	549	15	18	1	4	3
1768	2061	44	46	1	3	2
1769	1114	46	48	2	2	3
1770	1296	23	26	3	1	2
1771	229	25	26	1	1	1
1772	1919	24	27	3	1	2
1773	1523	6	8	3	3	3
1774	1667	32	34	1	2	3
1775	405	55	56	3	4	3
1776	1867	26	27	3	4	1
1777	771	8	9	3	4	2
1778	738	11	12	2	4	3
1779	1037	6	7	3	4	3
1780	1014	26	28	2	3	1
1781	1973	63	66	1	4	2
1782	735	4	6	3	2	2
1783	1323	45	47	3	4	1
1784	1070	53	55	2	1	3
1785	1091	9	10	1	3	3
1786	1358	32	33	3	1	3
1787	2084	3	5	3	4	1
1788	344	11	14	1	3	3
1789	111	38	39	2	4	2
1790	246	54	57	3	1	3
1791	2123	34	35	3	4	2
1792	742	20	23	2	1	2
1793	389	56	59	3	2	1
1794	2069	32	35	1	4	1
1795	1110	61	63	2	4	2
1796	1337	22	24	3	2	3
1797	1618	59	62	1	1	2
1798	2141	25	26	2	4	2
1799	1348	52	53	3	2	2
1800	489	20	22	1	2	3
1801	504	44	45	3	4	3
1802	864	40	42	2	1	3
1803	228	58	59	3	3	2
1804	1873	26	29	2	2	1
1805	1875	18	19	3	3	3
1806	257	28	30	2	3	1
1807	966	53	56	2	4	1
1808	1513	1	3	1	2	1
1809	1862	47	50	2	3	2
1810	1231	52	54	1	4	1
1811	917	6	7	3	1	1
1812	2007	10	11	2	2	3
1813	1373	36	38	2	2	1
1814	273	32	33	3	1	1
1815	49	8	9	1	4	2
1816	1674	30	31	3	2	3
1817	718	40	43	1	2	2
1818	1297	13	15	2	2	3
1819	534	26	29	3	1	2
1820	485	17	18	3	3	2
1821	287	40	42	1	2	2
1822	760	13	14	3	4	2
1823	411	30	31	1	1	3
1824	1535	6	9	2	4	3
1825	1683	29	32	1	1	3
1826	420	56	57	3	4	3
1827	987	8	11	3	1	1
1828	244	17	20	1	3	1
1829	1694	49	51	1	4	1
1830	2153	24	26	1	1	3
1831	1794	41	42	3	2	1
1832	193	63	65	1	2	1
1833	611	54	55	3	2	2
1834	1738	59	60	2	1	1
1835	1415	14	17	1	4	3
1836	902	67	69	1	2	2
1837	1405	31	34	2	3	2
1838	1812	21	22	2	1	2
1839	2019	32	33	1	4	1
1840	1850	47	48	1	1	3
1841	1640	43	44	2	1	1
1842	154	6	8	2	3	1
1843	1263	12	14	1	1	2
1844	1654	64	66	3	2	1
1845	2028	47	49	1	4	3
1846	1195	63	64	3	1	1
1847	446	52	54	1	1	2
1848	1791	40	43	1	3	1
1849	1657	43	46	1	3	1
1850	652	17	18	2	3	2
1851	871	34	37	3	4	3
1852	812	44	46	3	3	3
1853	842	6	8	2	1	2
1854	1135	57	59	2	2	1
1855	125	34	36	3	3	3
1856	174	52	55	2	1	2
1857	1126	60	62	1	2	3
1858	644	31	32	3	3	3
1859	540	43	44	2	2	1
1860	56	24	25	1	4	2
1861	795	36	37	3	3	2
1862	195	16	19	2	2	2
1863	500	53	54	1	4	2
1864	1308	63	66	3	4	1
1865	2085	27	28	2	4	2
1866	1975	51	53	1	4	3
1867	528	64	65	3	1	2
1868	68	55	56	3	3	1
1869	432	29	30	2	4	2
1870	301	39	40	1	2	2
1871	1621	41	42	1	4	2
1872	1634	14	15	2	2	1
1873	1602	8	9	3	4	2
1874	548	44	47	2	2	3
1875	64	16	18	1	2	3
1876	238	34	37	2	3	3
1877	625	16	18	3	1	1
1878	295	67	68	2	4	2
1879	806	27	29	3	1	3
1880	1302	14	17	2	1	2
1881	1598	2	4	3	4	1
1882	429	17	19	2	3	1
1883	655	21	23	3	3	2
1884	1035	45	47	1	3	1
1885	1631	36	39	1	2	1
1886	2	38	40	3	3	1
1887	131	56	59	3	2	1
1888	494	11	14	1	4	1
1889	1876	4	7	2	1	2
1890	1055	3	4	3	4	3
1891	752	5	6	2	3	1
1892	1757	14	17	1	1	2
1893	403	37	38	1	4	3
1894	264	17	18	2	2	3
1895	677	16	17	1	4	3
1896	1562	37	38	3	2	2
1897	2041	13	15	2	2	2
1898	1006	58	59	1	2	2
1899	1279	27	29	2	2	2
1900	875	40	41	2	3	2
1901	1155	6	9	2	1	3
1902	651	61	62	2	1	2
1903	1729	47	49	1	1	2
1904	147	34	35	3	1	2
1905	1668	55	58	1	2	3
1906	282	59	62	2	3	3
1907	1431	41	43	3	1	3
1908	102	24	25	2	3	1
1909	1370	62	63	3	2	2
1910	923	49	51	3	1	2
1911	381	53	56	3	2	3
1912	1228	63	65	1	3	1
1913	535	58	59	3	2	1
1914	858	20	23	1	4	2
1915	38	9	10	2	4	1
1916	927	21	23	3	2	3
1917	427	8	9	2	3	2
1918	1015	37	39	1	2	2
1919	1496	35	37	3	4	3
1920	782	20	21	1	4	2
1921	1517	39	40	1	2	1
1922	747	5	6	2	1	1
1923	1532	29	32	1	2	3
1924	1262	51	53	3	1	3
1925	653	39	42	2	3	1
1926	1706	49	52	1	1	2
1927	2102	21	22	2	1	1
1928	1545	57	59	1	4	2
1929	710	8	10	3	3	2
1930	578	49	50	2	1	3
1931	1576	8	11	3	4	3
1932	159	62	63	1	1	2
1933	333	15	18	3	2	3
1934	1077	9	12	3	2	3
1935	825	64	67	2	4	2
1936	1445	43	44	3	3	2
1937	1257	65	66	2	4	2
1938	785	59	60	2	2	1
1939	1989	7	10	1	4	1
1940	1726	36	38	2	1	1
1941	249	9	11	1	2	2
1942	105	26	27	1	2	2
1943	667	3	5	1	2	3
1944	1917	53	54	1	3	3
1945	442	3	4	1	2	2
1946	430	50	53	1	2	1
1947	913	25	27	3	4	2
1948	978	36	37	2	4	3
1949	1502	41	44	2	3	1
1950	103	5	7	2	4	2
1951	595	8	11	2	4	3
1952	28	6	8	2	1	3
1953	930	25	26	1	3	2
1954	1522	24	27	1	3	2
1955	272	6	7	1	2	2
1956	899	60	61	3	3	3
1957	1490	50	53	1	2	2
1958	438	1	4	3	1	2
1959	544	44	45	2	3	2
1960	1596	22	25	1	3	2
1961	1541	16	18	2	4	3
1962	1118	24	27	3	1	3
1963	1128	58	61	2	1	2
1964	187	24	27	1	4	1
1965	368	62	65	1	3	3
1966	1179	17	20	3	4	2
1967	1906	35	38	1	4	2
1968	1695	16	19	1	1	1
1969	818	44	45	1	4	3
1970	1240	6	7	3	2	2
1971	512	43	45	1	3	1
1972	1643	30	33	1	1	1
1973	1274	66	67	3	2	2
1974	194	58	60	1	1	2
1975	2115	14	16	2	3	2
1976	1042	5	7	2	2	1
1977	856	32	33	2	3	1
1978	1707	26	28	3	2	3
1979	548	64	66	3	3	2
1980	284	29	32	2	1	2
1981	481	2	4	3	1	2
1982	16	36	39	2	4	3
1983	2089	35	36	1	2	3
1984	686	26	29	2	2	3
1985	1646	48	51	3	2	2
1986	1386	7	9	2	2	3
1987	217	27	29	1	1	1
1988	361	15	18	1	1	1
1989	1675	52	55	1	2	2
1990	1860	42	44	3	4	1
1991	263	36	39	2	1	3
1992	994	63	65	3	3	3
1993	537	55	57	3	4	1
1994	1788	59	62	2	4	2
1995	1026	45	47	2	1	1
1996	674	53	56	2	1	2
1997	2159	50	52	3	4	3
1998	1620	16	18	1	3	2
1999	983	48	51	2	3	3
2000	714	40	42	1	1	3
2001	1474	32	34	2	1	2
2002	1781	4	6	1	2	1
2003	44	55	58	1	2	3
2004	1116	11	14	2	1	2
2005	435	11	12	1	3	3
2006	931	67	68	2	3	3
2007	1071	26	28	3	3	1
2008	1877	29	32	3	4	2
2009	1233	66	69	1	1	3
2010	94	35	38	3	2	2
2011	695	25	28	1	3	2
2012	914	54	55	1	2	1
2013	560	49	51	1	3	1
2014	209	22	24	1	4	2
2015	1991	10	12	3	1	1
2016	112	39	41	3	2	3
2017	1345	45	47	2	1	1
2018	136	65	66	2	2	3
2019	751	17	19	1	3	2
2020	788	63	66	1	1	3
2021	266	29	32	1	2	1
2022	596	63	64	3	2	2
2023	152	61	62	3	1	3
2024	1907	6	9	3	4	1
2025	1066	38	40	2	3	2
2026	1236	5	8	1	1	3
2027	156	13	14	1	1	3
2028	724	30	31	1	4	1
2029	1832	26	28	3	3	2
2030	634	56	58	2	4	3
2031	1887	42	44	3	2	2
2032	1244	52	54	2	4	3
2033	1734	41	44	3	1	3
2034	99	33	34	2	1	1
2035	713	44	47	3	2	2
2036	120	14	16	2	4	3
2037	808	32	33	2	1	1
2038	989	16	18	1	1	3
2039	1447	26	28	1	2	2
2040	1320	20	22	2	2	3
2041	178	54	55	2	1	3
2042	1661	35	37	3	2	3
2043	1437	60	61	3	2	1
2044	475	4	6	2	4	1
2045	51	26	27	3	2	1
2046	1614	67	69	1	4	3
2047	351	12	13	3	3	2
2048	1233	11	13	1	2	2
2049	2125	43	44	2	2	1
2050	1459	63	64	2	4	1
2051	1457	41	44	2	1	2
2052	260	21	22	2	1	3
2053	1618	31	33	2	2	2
2054	1304	42	44	3	2	1
2055	1787	20	22	1	2	2
2056	1060	40	43	2	4	1
2057	1448	57	59	3	3	3
2058	2112	51	53	3	4	1
2059	1778	26	28	2	1	1
2060	1486	48	50	3	3	2
2061	305	32	33	3	1	3
2062	1365	66	68	1	3	2
2063	1749	52	55	2	2	2
2064	1652	42	45	1	3	1
2065	703	62	65	1	3	3
2066	1856	29	31	3	3	2
2067	1610	16	17	3	3	3
2068	1081	33	36	3	3	2
2069	804	33	36	3	3	3
2070	1108	17	19	1	3	2
2071	2060	15	17	2	3	1
2072	803	12	14	2	1	1
2073	594	37	39	1	1	2
2074	2052	48	49	1	4	2
2075	508	35	37	2	4	3
2076	1228	56	58	3	1	3
2077	292	49	52	1	1	2
2078	1429	52	53	2	1	2
2079	1388	19	20	2	2	1
2080	1485	32	35	1	3	2
2081	673	7	8	1	2	1
2082	820	31	34	3	3	2
2083	252	8	11	1	3	3
2084	1338	27	28	3	1	1
2085	1977	53	55	1	2	3
2086	2059	21	24	2	2	1
2087	239	58	59	1	1	1
2088	2105	45	48	2	1	1
2089	998	19	22	1	1	1
2090	1673	34	36	2	1	2
2091	775	20	21	2	3	2
2092	1281	52	53	2	3	2
2093	116	56	59	1	2	3
2094	707	9	10	1	1	3
2095	2150	63	64	1	2	1
2096	1583	16	19	3	4	1
2097	717	14	15	1	2	1
2098	1666	57	59	2	4	3
2099	1897	14	16	1	4	1
2100	797	14	17	3	1	1
2101	182	19	20	1	4	2
2102	2106	36	38	3	1	1
2103	1548	43	46	3	4	1
2104	1940	62	63	2	4	2
2105	95	5	7	2	3	3
2106	979	6	9	1	2	2
2107	2160	50	53	1	1	2
2108	241	15	17	2	3	1
2109	607	16	19	3	1	2
2110	558	9	12	1	4	3
2111	1609	66	68	1	1	1
2112	1798	43	46	2	2	1
2113	1936	61	62	1	1	1
2114	1270	15	16	3	2	3
2115	1596	42	44	1	1	2
2116	1958	53	56	3	4	3
2117	196	27	30	1	3	2
2118	84	24	25	2	2	3
2119	1539	41	44	2	4	2
2120	1811	21	22	2	2	3
2121	1294	59	60	3	1	1
2122	1307	28	31	3	1	1
2123	130	30	31	3	1	1
2124	230	31	32	1	1	1
2125	1487	6	9	2	1	1
2126	1839	36	38	1	1	1
2127	1172	1	3	1	4	1
2128	1878	3	6	2	2	2
2129	1044	43	45	2	3	2
2130	1163	66	69	1	2	2
2131	2151	24	26	2	4	2
2132	1826	32	33	3	3	2
2133	669	28	31	3	1	2
2134	1723	13	14	3	4	3
2135	1848	4	7	3	2	2
2136	271	26	27	2	2	1
2137	2010	4	5	3	1	3
2138	187	27	28	2	2	2
2139	1223	57	59	1	3	3
2140	1351	3	5	2	3	3
2141	1084	4	5	3	3	1
2142	330	19	22	2	2	2
2143	23	18	20	2	1	2
2144	1080	58	61	2	2	2
2145	133	31	32	3	3	3
2146	13	50	51	3	4	1
2147	1721	62	63	3	2	2
2148	518	24	26	2	3	3
2149	744	65	68	2	1	1
2150	1306	64	67	3	1	1
2151	533	5	7	3	2	3
2152	135	32	33	3	3	3
2153	113	16	18	2	1	2
2154	1696	44	45	2	4	2
2155	237	41	42	2	4	1
2156	1332	15	18	1	4	1
2157	1885	28	31	2	2	2
2158	1599	35	36	3	3	3
2159	1767	49	51	3	4	3
2160	716	30	33	1	1	3
2161	941	55	58	3	4	1
2162	1775	14	15	1	3	1
2163	1104	64	65	1	4	3
2164	2069	38	39	1	3	3
2165	709	12	14	3	2	2
2166	1703	46	49	3	4	1
2167	1070	37	40	3	3	1
2168	305	15	16	2	2	2
2169	2022	20	23	1	3	3
2170	1376	32	35	1	1	1
2171	1248	37	39	1	2	3
2172	1256	12	15	2	4	3
2173	1649	14	15	3	1	1
2174	439	57	58	1	1	2
2175	2083	52	54	3	1	1
2176	1078	3	4	3	2	2
2177	851	42	44	2	2	3
2178	839	8	9	3	4	2
2179	1813	39	40	1	1	2
2180	1842	7	9	1	2	2
2181	845	60	63	3	3	2
2182	1546	56	59	3	3	2
2183	1670	18	19	1	1	2
2184	478	60	63	1	1	1
2185	1835	13	15	1	3	1
2186	134	30	32	3	2	2
2187	758	28	29	3	1	2
2188	315	36	38	1	3	2
2189	1613	21	23	2	1	1
2190	441	17	20	1	3	3
2191	506	1	3	1	1	1
2192	1132	14	16	1	2	3
2193	1750	2	4	3	1	3
2194	491	1	3	1	2	1
2195	132	15	17	2	1	1
2196	1564	18	19	2	3	1
2197	633	57	59	2	3	1
2198	1914	2	5	2	1	2
2199	1130	30	31	1	4	1
2200	874	58	60	1	4	1
2201	1944	56	57	3	2	1
2202	375	54	57	1	1	3
2203	731	63	65	3	1	1
2204	2058	21	22	2	4	2
2205	802	17	18	3	3	1
2206	618	10	11	1	4	2
2207	1682	48	51	3	4	2
2208	437	58	60	1	4	3
2209	277	60	62	1	2	2
2210	1276	13	16	2	4	3
2211	1671	50	51	3	1	3
2212	1889	9	11	2	1	3
2213	1513	39	41	2	4	3
2214	166	61	63	2	1	2
2215	602	56	58	3	1	2
2216	151	2	5	1	2	2
2217	57	39	42	3	1	1
2218	1202	11	13	3	4	1
2219	906	42	45	1	4	3
2220	14	37	40	3	3	2
2221	1884	42	45	1	3	3
2222	1124	66	69	1	1	2
2223	636	14	15	3	3	3
2224	1363	26	29	2	2	3
2225	842	20	21	3	1	1
2226	614	64	66	2	3	1
2227	1297	7	9	2	3	2
2228	53	37	38	3	3	1
2229	1770	66	67	1	2	1
2230	1160	55	58	2	3	1
2231	1633	2	4	1	2	3
2232	1046	30	32	1	4	2
2233	1752	53	54	1	3	1
2234	577	32	33	2	2	3
2235	1669	48	49	3	2	3
2236	1417	42	43	1	3	3
2237	731	57	58	3	3	3
2238	700	61	62	3	3	1
2239	658	20	22	1	3	1
2240	1953	17	18	1	4	3
2241	2161	7	8	1	4	3
2242	404	21	23	1	1	1
2243	1267	5	6	3	3	2
2244	1225	17	18	1	4	2
2245	2137	25	28	1	1	3
2246	949	14	15	1	4	1
2247	1570	52	53	2	3	3
2248	360	44	46	1	1	3
2249	826	32	35	1	3	2
2250	1852	23	25	3	2	3
2251	619	34	35	3	1	2
2252	861	5	7	2	3	2
2253	227	42	45	2	4	3
2254	142	31	32	1	2	2
2255	236	58	60	2	4	3
2256	1742	7	10	1	3	3
2257	267	5	7	1	2	1
2258	1103	56	59	3	1	1
2259	1910	62	64	3	2	3
2260	1505	41	43	2	4	2
2261	846	34	36	1	4	1
2262	889	40	43	3	3	1
2263	1280	10	12	1	2	3
2264	2133	7	8	2	3	3
2265	1041	29	31	2	1	1
2266	919	23	24	3	3	1
2267	2145	44	46	3	1	1
2268	1039	29	30	2	3	1
2269	206	24	27	1	2	1
2270	1984	62	64	1	2	1
2271	982	14	17	3	2	3
2272	168	21	24	2	3	2
2273	800	29	31	1	4	1
2274	1527	66	68	1	3	1
2275	372	22	23	3	1	1
2276	1343	45	47	3	4	1
2277	1538	45	46	2	2	3
2278	1201	30	33	3	3	2
2279	36	63	66	1	1	3
2280	1219	29	32	2	1	2
2281	711	40	41	1	3	2
2282	1928	13	15	3	4	3
2283	604	65	66	3	1	2
2284	784	30	32	2	3	3
2285	1821	9	10	3	4	3
2286	1988	64	65	3	4	1
2287	586	6	9	2	1	1
2288	218	61	63	3	3	3
2289	1272	1	4	2	4	3
2290	859	48	49	2	2	2
2291	2097	32	35	3	1	2
2292	2000	4	5	1	2	1
2293	1802	65	68	2	4	1
2294	1375	66	68	1	4	1
2295	364	2	3	3	4	1
2296	1016	40	42	1	1	3
2297	1106	42	43	1	4	3
2298	41	58	59	1	4	1
2299	969	61	63	1	4	1
2300	2126	12	13	1	3	2
2301	1559	57	58	1	4	2
2302	1418	8	10	1	4	2
2303	1112	59	61	2	3	1
2304	701	33	34	3	2	2
2305	1303	34	37	3	2	2
2306	30	45	47	1	4	2
2307	702	55	56	3	4	2
2308	2062	8	11	3	1	2
2309	1698	5	7	1	2	2
2310	1888	1	4	3	2	1
2311	985	13	14	1	4	2
2312	2146	30	32	1	4	2
2313	396	50	51	3	4	1
2314	971	36	38	3	1	2
2315	1465	7	8	3	3	1
2316	1079	55	56	3	1	2
2317	170	40	42	1	3	3
2318	246	27	28	1	4	2
2319	1255	30	31	2	1	2
2320	474	6	7	1	3	1
2321	1759	10	13	3	1	3
2322	1159	35	36	3	4	1
2323	900	12	13	3	1	2
2324	515	29	30	3	4	3
2325	2030	33	36	3	4	1
2326	1725	8	11	2	1	2
2327	1229	55	57	1	2	1
2328	1929	39	41	3	1	1
2329	226	39	41	1	4	2
2330	741	66	67	3	3	2
2331	1006	44	47	3	3	2
2332	1133	12	15	1	2	3
2333	634	25	26	2	2	3
2334	1722	19	21	2	4	1
2335	1900	31	34	1	4	1
2336	1176	19	22	3	3	2
2337	1468	31	34	2	3	3
2338	635	16	18	3	2	1
2339	1368	19	20	1	4	2
2340	309	43	45	2	4	1
2341	1951	44	47	1	2	1
2342	1741	12	15	3	2	2
2343	1632	7	8	2	2	1
2344	776	6	8	1	4	3
2345	121	19	21	2	2	3
2346	1871	32	35	1	2	3
2347	337	30	33	2	4	1
2348	1452	26	27	3	4	3
2349	849	26	27	1	1	3
2350	1095	58	59	2	3	2
2351	961	64	67	2	2	3
2352	2061	18	21	1	3	3
2353	1833	57	58	1	1	2
2354	334	56	58	3	1	2
2355	1659	22	23	2	4	3
2356	196	12	13	1	1	2
2357	431	55	58	3	3	2
2358	1888	9	10	1	3	2
2359	823	24	25	2	3	3
2360	487	12	15	3	4	2
2361	1658	5	7	1	3	3
2362	2033	60	62	2	1	3
2363	24	47	50	2	3	3
2364	419	34	36	2	2	1
2365	948	19	22	2	2	2
2366	296	49	52	3	3	1
2367	434	41	44	3	4	2
2368	1718	29	31	2	3	1
2369	2088	6	8	1	4	1
2370	1537	1	4	2	2	1
2371	208	21	24	1	3	1
2372	572	22	24	1	1	3
2373	1785	16	18	2	1	2
2374	722	9	11	3	3	2
2375	346	67	69	1	4	1
2376	940	41	44	2	2	2
2377	109	67	69	1	3	2
2378	428	25	26	3	1	3
2379	2108	52	54	1	3	2
2380	416	33	35	3	3	3
2381	626	8	9	3	3	3
2382	122	45	47	3	3	3
2383	204	8	10	1	1	3
2384	938	14	16	1	4	3
2385	1795	62	65	1	3	3
2386	2132	40	41	2	2	3
2387	1164	33	36	3	1	2
2388	1145	55	57	3	1	3
2389	1865	63	64	3	2	2
2390	1547	5	8	3	2	1
2391	1834	40	41	3	4	2
2392	1824	10	12	2	2	2
2393	1347	11	14	3	1	3
2394	1792	43	44	1	3	3
2395	1460	7	9	1	2	1
2396	69	45	46	3	4	1
2397	1927	37	40	1	3	3
2398	926	22	23	1	4	3
2399	157	5	6	3	3	3
2400	647	19	22	2	4	3
2401	1579	51	52	3	1	3
2402	1109	10	13	2	2	2
2403	1912	3	4	2	2	3
2404	1582	32	35	3	4	2
2405	803	34	37	1	3	3
2406	2142	34	36	1	3	1
2407	1228	53	56	1	4	2
2408	1379	21	23	3	4	1
2409	1183	23	26	3	3	1
2410	379	35	37	2	2	3
2411	247	8	10	1	4	1
2412	202	52	53	1	4	3
2413	47	35	36	1	4	3
2414	1122	2	3	2	4	1
2415	164	57	58	1	1	2
2416	575	38	39	2	3	1
2417	829	19	21	3	1	3
2418	1469	25	27	3	3	1
2419	1007	20	22	1	4	1
2420	769	46	49	1	3	2
2421	1800	10	13	1	2	1
2422	1086	15	16	3	2	2
2423	2054	64	66	2	1	2
2424	1484	9	11	1	2	3
2425	507	64	65	1	1	2
2426	1364	61	63	1	4	3
2427	1181	2	4	1	3	3
2428	1956	36	39	1	3	1
2429	1314	1	2	1	4	3
2430	945	28	30	1	3	3
2431	1246	27	28	1	2	1
2432	1803	35	36	3	1	1
2433	177	49	52	3	1	3
2434	1076	63	64	2	4	3
2435	1315	24	27	3	4	2
2436	97	33	36	3	1	1
2437	1612	7	8	2	2	2
2438	1466	10	12	3	4	2
2439	34	55	57	2	4	1
2440	1577	5	7	1	2	1
2441	938	29	31	1	3	3
2442	43	41	44	2	1	3
2443	1595	42	43	2	3	1
2444	745	58	59	3	2	3
2445	1186	33	36	3	3	2
2446	719	51	54	2	3	3
2447	967	66	67	1	2	2
2448	188	26	29	1	3	2
2449	584	26	27	3	1	3
2450	1440	19	21	1	4	1
2451	1846	12	14	2	4	2
2452	1123	65	68	1	4	2
2453	2078	43	46	1	4	2
2454	1194	44	46	3	3	1
2455	1433	2	4	2	3	3
2456	1861	36	39	3	4	3
2457	2169	12	13	1	2	3
2458	1488	3	6	2	2	1
2459	21	4	6	1	1	1
2460	1434	5	6	2	2	3
2461	942	2	4	1	4	2
2462	15	65	67	1	3	1
2463	1299	62	65	3	1	2
2464	2043	39	41	3	2	1
2465	1608	25	28	2	1	2
2466	2140	52	53	1	4	3
2467	1482	53	55	3	1	2
2468	1617	23	25	3	2	1
2469	1588	61	64	3	4	2
2470	1219	56	58	3	4	1
2471	2119	19	22	2	1	3
2472	1178	49	50	3	3	3
2473	294	32	35	1	3	2
2474	1503	45	48	1	3	2
2475	2029	22	24	3	4	2
2476	40	29	31	2	4	3
2477	1209	24	26	1	1	3
2478	191	62	65	2	4	2
2479	173	7	9	1	1	3
2480	2090	27	30	1	2	1
2481	1005	10	12	3	1	3
2482	28	52	55	1	4	3
2483	1156	47	50	2	4	1
2484	935	16	18	2	4	1
2485	1638	46	48	1	1	3
2486	1650	64	67	3	2	3
2487	2079	26	29	2	3	3
2488	1242	63	64	1	4	1
2489	1771	35	36	2	1	3
2490	1382	59	61	2	2	1
2491	10	2	4	3	4	3
2492	824	38	40	3	3	1
2493	1224	39	40	3	2	1
2494	2039	37	38	3	1	2
2495	791	50	53	2	3	1
2496	1540	1	2	2	4	2
2497	117	38	41	2	2	1
2498	525	23	25	2	2	3
2499	282	39	41	3	4	3
2500	843	19	22	3	3	3

