DATASET = ORTEC-hidden instance set VeRoLog competition
NAME = vehicle days over tools over vehicles over distance with 1500 requests over 40 days

DAYS = 40
CAPACITY = 35
MAX_TRIP_DISTANCE = 15000
DEPOT_COORDINATE = 0

VEHICLE_COST = 3000
VEHICLE_DAY_COST = 10000000
DISTANCE_COST = 1

TOOLS = 4
1	6	80	300000
2	12	52	100000
3	3	76	400000
4	9	74	100000

COORDINATES = 1374
0	3917	6819
1	9492	6138
2	7808	6140
3	8838	6142
4	7392	6161
5	8695	6166
6	4289	6176
7	3849	4137
8	7828	6186
9	6556	3496
10	7086	6195
11	7528	6208
12	8208	6215
13	8234	6229
14	4551	6246
15	8498	6151
16	7231	6257
17	8447	6267
18	8275	6267
19	7679	6273
20	5361	4335
21	7462	6312
22	7511	6317
23	7821	6335
24	4058	6337
25	7737	6338
26	6700	6347
27	8235	6363
28	6212	6371
29	7651	6376
30	4434	4169
31	8478	6380
32	3500	6386
33	3479	6391
34	3548	6393
35	6329	6398
36	8599	6447
37	7328	6450
38	8567	6467
39	8358	6475
40	8469	6486
41	4351	6492
42	6013	6496
43	3929	6497
44	8592	6497
45	4600	4191
46	7733	6519
47	7909	6520
48	3961	6524
49	7918	6540
50	8453	6548
51	7024	8205
52	7480	6561
53	8626	6565
54	3890	6571
55	4262	6571
56	7287	6576
57	6761	6579
58	3465	6593
59	7055	6604
60	7641	6607
61	7125	6613
62	6741	6622
63	8495	6624
64	7055	6633
65	3543	6639
66	7403	6659
67	8051	6671
68	7699	6674
69	7282	6675
70	3869	4218
71	7770	6681
72	7828	6696
73	4161	6702
74	7890	6705
75	8111	6709
76	4129	6713
77	7002	6731
78	8331	6741
79	7784	6743
80	6771	6758
81	8747	6798
82	3782	6801
83	8598	6808
84	7574	6812
85	8205	6813
86	3917	6819
87	3718	6821
88	6875	6823
89	3698	6826
90	8581	6835
91	8153	6845
92	4585	6863
93	8633	6863
94	6246	4252
95	7016	6889
96	3987	6892
97	7785	6896
98	4153	6897
99	3907	6900
100	4627	6910
101	4574	6917
102	8443	6917
103	9657	6925
104	4676	6935
105	7447	6938
106	5974	6943
107	7598	6267
108	4064	6977
109	8204	4268
110	7724	6983
111	4257	6994
112	3940	7006
113	3916	5560
114	7370	7029
115	7513	7034
116	8157	7058
117	7540	7063
118	3982	7074
119	3466	7079
120	8052	6289
121	3680	7083
122	4161	7088
123	4742	7090
124	8018	7095
125	8242	7105
126	8923	7121
127	4010	7131
128	3938	7135
129	4299	7138
130	6744	7140
131	7531	7155
132	3518	7158
133	4418	7167
134	8665	7168
135	7562	7181
136	5029	3164
137	7939	7191
138	7688	7192
139	6726	7197
140	3882	7199
141	6813	7209
142	8985	7209
143	4266	7217
144	7804	7225
145	8998	7231
146	3437	7236
147	3345	7245
148	8108	4313
149	7443	7253
150	4913	7263
151	8387	7264
152	7367	7268
153	3447	7271
154	4042	7271
155	7236	7272
156	6795	7280
157	3527	7281
158	5851	7285
159	7429	7322
160	8018	7325
161	5406	4327
162	7521	7330
163	9629	7341
164	8928	7347
165	8216	7347
166	7613	7352
167	3967	4333
168	3945	7371
169	6382	7381
170	7102	7391
171	8351	7401
172	7500	8347
173	9741	8349
174	6971	7422
175	8011	7434
176	4177	7438
177	5979	7440
178	3841	7443
179	8342	6350
180	8979	7472
181	7678	7478
182	8365	7480
183	6941	7490
184	9024	7494
185	9064	7497
186	4030	7507
187	9420	7511
188	8259	7513
189	6795	7530
190	8782	7531
191	5981	7531
192	3542	7541
193	6994	7542
194	6918	7542
195	6448	7544
196	9599	7567
197	6484	7569
198	4513	7581
199	8449	7583
200	4386	7590
201	3796	7596
202	7497	7597
203	4310	4372
204	7680	7599
205	7823	7601
206	7548	7605
207	8349	7616
208	10000	8386
209	7716	7647
210	7994	7657
211	7501	7663
212	8699	7670
213	7570	7679
214	8917	7680
215	5611	7683
216	6729	7690
217	6740	7696
218	3542	7699
219	8100	7702
220	9723	8785
221	7322	7707
222	6622	7714
223	3555	7733
224	8410	7741
225	7156	7744
226	6659	7747
227	6235	7751
228	8167	7751
229	7102	7752
230	4496	2401
231	7530	7806
232	6769	7808
233	8580	7809
234	8362	7816
235	7986	7816
236	6816	7820
237	7980	7833
238	6942	8420
239	4059	7849
240	8403	7862
241	7145	7864
242	5813	7873
243	7047	7876
244	6800	7923
245	6647	7949
246	4189	7953
247	9230	7956
248	6117	7957
249	9462	7957
250	5680	7966
251	9704	7975
252	8401	4435
253	8213	7984
254	7949	7995
255	8654	7998
256	7514	8000
257	5920	8003
258	6172	8008
259	4297	4441
260	6402	8016
261	3644	6447
262	7437	8025
263	7764	8026
264	6213	8032
265	8324	8034
266	6115	8035
267	5393	8043
268	7878	8047
269	3539	8057
270	6480	8059
271	7366	8065
272	7521	8068
273	8417	8073
274	7634	8077
275	5543	8082
276	6001	8084
277	5683	8100
278	7999	8108
279	8627	8109
280	8466	4458
281	4999	4459
282	7077	8124
283	5562	8126
284	5454	8140
285	7581	8143
286	5850	8149
287	6943	8149
288	6920	8157
289	7688	8161
290	5704	6470
291	7701	8163
292	9332	8172
293	6402	8188
294	6272	8193
295	7591	8199
296	5736	8480
297	8830	8230
298	6933	8261
299	5492	8268
300	6500	8276
301	8776	8277
302	5331	8286
303	7753	8293
304	7501	8298
305	4923	4490
306	5391	8312
307	5818	8320
308	7930	8405
309	5601	8333
310	7174	8333
311	7694	8344
312	7414	8347
313	7634	8349
314	7259	8356
315	9351	8361
316	3908	4501
317	7326	8371
318	7505	8376
319	5600	8401
320	8841	8408
321	8174	8419
322	8318	8429
323	6123	8442
324	8025	8443
325	3787	8446
326	8864	8461
327	6504	8464
328	5884	8471
329	7501	8473
330	4094	5209
331	7697	4519
332	6483	8484
333	7296	8495
334	6465	8498
335	7581	8498
336	6181	8500
337	7042	8501
338	5904	8506
339	3886	8508
340	3684	8516
341	7603	8517
342	9533	8520
343	5764	8521
344	5943	8525
345	6874	8534
346	5865	8538
347	9552	8539
348	5790	8560
349	6679	8539
350	8829	4533
351	7485	8570
352	3948	8575
353	5776	8577
354	8271	8578
355	7722	8583
356	3933	8596
357	4575	4539
358	6109	8620
359	9828	8623
360	7506	8625
361	7489	8628
362	8118	8630
363	4177	2541
364	8407	8636
365	8155	8651
366	6190	8654
367	8218	8657
368	3887	2546
369	7254	8667
370	7737	4551
371	7964	4552
372	6937	8678
373	9267	8678
374	6390	8686
375	7242	8694
376	5727	8697
377	5678	8698
378	6897	8699
379	5802	8708
380	7736	8716
381	7048	8720
382	3910	8726
383	3796	4564
384	7764	8763
385	6494	8764
386	6814	8778
387	9491	8786
388	6846	8788
389	6967	8801
390	8020	8806
391	5796	8831
392	7774	8835
393	6045	8847
394	7589	8862
395	5486	8866
396	5825	2584
397	8793	8895
398	8907	8917
399	6103	8919
400	4199	4593
401	3764	6597
402	7814	8948
403	7851	8953
404	5571	8957
405	8017	8960
406	7628	8963
407	7065	8965
408	5973	8965
409	9709	8965
410	7711	8969
411	6107	8979
412	9179	8986
413	3750	8611
414	8067	8995
415	7735	9001
416	8795	9004
417	7986	9007
418	7888	9019
419	7925	9021
420	6666	9042
421	7744	8619
422	7837	9046
423	7360	9056
424	7746	9085
425	5792	9089
426	8185	9094
427	8548	9096
428	9670	9100
429	6565	9101
430	9254	9110
431	9573	9115
432	6705	9117
433	9526	9117
434	7062	9119
435	6890	9127
436	2474	4430
437	8123	8635
438	8832	9156
439	9323	9167
440	6233	9170
441	8498	9172
442	6177	9177
443	4773	2633
444	6815	9186
445	4564	2635
446	6879	9200
447	6316	9204
448	7501	9205
449	8098	9207
450	8384	9213
451	8738	9215
452	6685	9223
453	6554	9244
454	6827	8654
455	7212	9250
456	6374	9255
457	7213	4649
458	6579	9263
459	8383	9269
460	8690	9274
461	6206	2649
462	8185	9296
463	8313	9297
464	6956	9298
465	6488	9308
466	7344	9321
467	8754	9332
468	6389	9338
469	9096	9341
470	6921	9347
471	9193	9353
472	7074	9359
473	8037	9361
474	9347	9362
475	6144	9370
476	8403	9374
477	6420	9382
478	7991	6673
479	9043	9385
480	4579	2668
481	6207	9409
482	6755	9423
483	9122	9424
484	6521	9429
485	7498	4678
486	7754	9442
487	7189	9460
488	6681	9464
489	2564	4441
490	7102	9496
491	6736	9500
492	6741	9501
493	7171	9503
494	7102	9504
495	7951	9506
496	8122	8699
497	6809	9521
498	8945	9521
499	3878	4696
500	4041	7646
501	8885	9550
502	8136	9552
503	5608	2694
504	6520	9558
505	7772	9559
506	8466	9561
507	8383	9563
508	4188	4705
509	8444	9601
510	2737	2703
511	4976	9605
512	4934	9612
513	7282	9626
514	8495	9631
515	8187	9634
516	6844	9643
517	5037	9648
518	5076	9654
519	6273	2714
520	8948	8728
521	6474	8742
522	3704	6761
523	6196	8764
524	7291	9976
525	7402	9981
526	7410	9989
527	7352	10000
528	9509	8781
529	7127	8862
530	3495	2776
531	9400	6061
532	8431	4781
533	2567	2779
534	6882	6792
535	8071	4798
536	4492	2798
537	8095	8812
538	4256	2805
539	7219	4810
540	4061	4816
541	4162	6821
542	6962	8830
543	6507	8831
544	7233	8833
545	8467	6833
546	3463	6843
547	4778	4844
548	8654	4847
549	4707	4475
550	6936	8870
551	3688	4077
552	6577	8874
553	5078	2868
554	8114	4882
555	6948	8681
556	7767	9287
557	2788	4905
558	6160	2903
559	8837	4887
560	9406	6938
561	8208	6093
562	4065	4945
563	8125	4965
564	8650	5698
565	7012	4983
566	8627	4988
567	4098	4992
568	4205	7002
569	7313	2903
570	7724	6506
571	3954	5008
572	7124	5010
573	8604	7015
574	3815	5015
575	8019	5308
576	7903	6109
577	5610	5022
578	3845	5024
579	8997	7028
580	6140	5025
581	8171	5028
582	4766	7035
583	8102	9316
584	3885	4115
585	7780	9066
586	8752	5064
587	9030	5073
588	5915	3076
589	4770	3076
590	6818	2519
591	3538	5088
592	7567	4687
593	6110	45
594	6331	74
595	6536	79
596	4282	6546
597	5431	5123
598	6506	112
599	6519	115
600	8670	5129
601	4493	7135
602	3165	5133
603	8049	9142
604	7619	7140
605	4598	7143
606	6893	200
607	8043	5142
608	6262	220
609	6559	223
610	4658	5147
611	6809	6537
612	5261	4290
613	8582	5165
614	8462	5169
615	6320	364
616	6003	401
617	6559	426
618	6519	435
619	4384	4541
620	9098	5186
621	8726	5187
622	9225	7192
623	7657	6145
624	6648	543
625	4154	7206
626	4199	5205
627	4007	5209
628	6337	603
629	7989	7214
630	8492	5212
631	8794	5224
632	8334	7228
633	8586	5234
634	6732	770
635	7202	5248
636	9333	5253
637	6275	872
638	6429	911
639	1168	2957
640	8778	7271
641	6519	1009
642	7347	9287
643	3935	5282
644	6297	1062
645	7307	7290
646	8009	5287
647	6785	1074
648	3374	4162
649	6476	1102
650	5618	3292
651	6560	1158
652	4293	7307
653	6602	1166
654	6945	1287
655	5070	5337
656	6848	1434
657	6461	3350
658	6933	1470
659	3850	7359
660	6576	7359
661	7046	5372
662	6301	1616
663	6399	1647
664	5938	1668
665	6458	1685
666	6326	1710
667	6418	1717
668	1426	1775
669	6383	1805
670	6529	1813
671	3993	3409
672	7737	7419
673	3887	7421
674	6343	3416
675	6817	1872
676	7110	1902
677	6911	1910
678	6550	1915
679	0	1922
680	5754	1953
681	6503	1958
682	3823	4191
683	7229	1979
684	5884	1980
685	1855	1992
686	5797	3444
687	7410	5448
688	6384	2037
689	405	2069
690	5882	2071
691	5693	2073
692	7687	5456
693	6270	2083
694	4557	3454
695	7155	2089
696	6200	2108
697	6510	2118
698	824	2124
699	5060	2126
700	5295	2129
701	6297	2134
702	6896	2137
703	6095	2140
704	6175	2158
705	5781	2160
706	6482	2161
707	1548	2169
708	5175	2176
709	5907	2207
710	6138	2209
711	6382	2244
712	4651	2260
713	7845	5491
714	6537	2297
715	6363	2302
716	6403	2302
717	1607	2320
718	6579	2335
719	7368	7502
720	9166	5499
721	6276	2366
722	4879	2379
723	7352	2410
724	6342	2417
725	6030	2422
726	4898	2435
727	3682	2442
728	5016	2457
729	4908	2481
730	4127	2483
731	3061	2518
732	4565	2532
733	3126	2532
734	5067	2539
735	3932	2542
736	5026	2543
737	4127	2545
738	6911	2548
739	6884	2550
740	4807	2571
741	1437	2589
742	3279	2595
743	6939	2603
744	6706	2616
745	1184	2621
746	5846	2625
747	1227	2628
748	7105	2633
749	916	2637
750	6259	2641
751	7299	7553
752	3247	2649
753	6644	2664
754	4859	2666
755	4702	2674
756	6427	2679
757	5047	2681
758	3322	2684
759	4832	3555
760	514	2703
761	6168	7564
762	2853	2709
763	5671	2709
764	3166	2719
765	6277	2732
766	4552	2736
767	3391	2737
768	2841	2740
769	3932	2752
770	5156	2757
771	295	2759
772	8879	5569
773	740	2768
774	683	2771
775	4629	2774
776	4472	2776
777	6188	2790
778	685	2795
779	7417	2810
780	256	2814
781	5836	2819
782	3662	2829
783	3168	2830
784	4673	2836
785	8105	7822
786	2256	2843
787	5728	2846
788	622	2861
789	5420	2863
790	4779	2868
791	5044	2871
792	4201	2872
793	6203	2873
794	3084	2878
795	4810	2880
796	4051	2888
797	3219	2892
798	5453	2896
799	4767	2900
800	3546	2907
801	4005	2911
802	323	2919
803	2316	2921
804	3420	6225
805	251	2924
806	2996	2928
807	6404	2948
808	5625	2951
809	6495	7604
810	5917	2954
811	7792	5601
812	1913	2960
813	6520	2981
814	4633	2982
815	6630	2984
816	5725	2985
817	6421	2990
818	4578	2992
819	5140	2996
820	8507	5611
821	5745	3022
822	6540	3037
823	6055	3039
824	6802	3048
825	6799	3049
826	6227	3059
827	4939	3063
828	5940	3079
829	2200	3082
830	5932	3086
831	6241	3090
832	6793	3116
833	4088	3626
834	6878	3123
835	4933	3128
836	7837	5631
837	2786	3134
838	4899	3142
839	3238	3158
840	4652	3160
841	4578	3170
842	6259	3175
843	5628	3188
844	1696	3193
845	6200	3198
846	4029	3226
847	3925	3227
848	5074	3236
849	6511	3239
850	7748	8636
851	5259	3260
852	3999	3264
853	5723	3268
854	6327	3271
855	6285	3286
856	3724	3302
857	4432	3304
858	4762	3305
859	6183	1653
860	2345	3314
861	3540	3315
862	6821	3326
863	6387	3337
864	5297	3351
865	3599	3357
866	1397	3361
867	4108	3365
868	5429	3370
869	4232	3371
870	4158	3374
871	4882	3376
872	1738	3392
873	4093	3395
874	5886	3395
875	4048	3414
876	4026	3417
877	6531	3432
878	5269	3448
879	3372	3451
880	6856	3454
881	5949	3464
882	6874	3465
883	6165	3466
884	9564	5688
885	5656	3483
886	6050	3491
887	9028	5691
888	3584	3505
889	5632	3509
890	5976	3519
891	5819	4243
892	6067	3534
893	3034	3538
894	4812	3550
895	4354	3569
896	4101	3572
897	4196	3702
898	3196	3575
899	6627	3582
900	6154	3586
901	5481	3587
902	6157	3589
903	4267	3596
904	5833	3617
905	6271	7716
906	5584	4246
907	5942	3630
908	4866	3643
909	2558	3650
910	4432	3656
911	8338	6012
912	6021	3670
913	5490	3672
914	4768	3680
915	4485	3680
916	5987	3689
917	4873	3693
918	8028	5449
919	6766	3702
920	6134	3705
921	3056	3708
922	4007	5730
923	5732	3730
924	6428	3743
925	4718	3751
926	5382	3768
927	6000	7741
928	5567	3776
929	4802	3781
930	6120	3781
931	5383	3792
932	4413	3811
933	8509	7747
934	6775	3846
935	1546	3895
936	6036	3900
937	2427	3919
938	3761	3936
939	5185	3940
940	4567	3950
941	4454	3953
942	5474	3955
943	2097	3956
944	6174	3958
945	4676	3982
946	4343	3987
947	3916	3988
948	5063	3995
949	6722	3997
950	4994	3999
951	2381	4001
952	2873	4003
953	7010	4008
954	2322	4020
955	2056	4023
956	4425	4023
957	4273	4028
958	2236	4031
959	3448	4039
960	4234	6662
961	3728	4045
962	3044	3781
963	4281	4049
964	3996	4071
965	3621	4076
966	3705	4081
967	1929	4085
968	8888	5790
969	5257	4092
970	3573	4097
971	8037	4101
972	4656	4110
973	3871	4115
974	5903	4127
975	7026	6665
976	7981	9466
977	2106	4137
978	4052	4138
979	9112	5800
980	5217	4168
981	3690	4168
982	7542	5804
983	4125	4172
984	8351	4172
985	6738	4174
986	4402	4176
987	3535	4184
988	3520	4190
989	5504	4201
990	4120	4213
991	3710	4215
992	4390	4218
993	4200	4219
994	6776	4220
995	4132	4221
996	4016	4226
997	5168	4227
998	8315	4234
999	4503	4235
1000	8566	4238
1001	8106	4239
1002	8355	4256
1003	3984	4269
1004	5089	4269
1005	4985	4271
1006	6210	4274
1007	6091	4286
1008	8445	4297
1009	4291	4301
1010	4216	4301
1011	8117	4304
1012	7325	7830
1013	4444	4308
1014	6136	4325
1015	6166	4327
1016	5363	4342
1017	6289	4347
1018	3663	4348
1019	6309	4352
1020	6076	4358
1021	5522	4365
1022	4749	4380
1023	9151	5839
1024	3338	4387
1025	6089	4391
1026	4291	4391
1027	6351	4391
1028	8609	4395
1029	7849	4398
1030	5203	4416
1031	3944	4422
1032	8317	4425
1033	3585	4427
1034	4495	4430
1035	3982	4433
1036	7735	4435
1037	5807	4441
1038	9054	4440
1039	8570	4442
1040	7905	4452
1041	4986	4459
1042	7282	4461
1043	5799	4467
1044	8115	4471
1045	5208	4478
1046	3518	4482
1047	8963	4496
1048	7063	4504
1049	8467	4505
1050	4794	4514
1051	7191	4514
1052	2377	4531
1053	4755	4533
1054	8686	4534
1055	7209	4540
1056	3342	4545
1057	5021	4552
1058	7709	4552
1059	4246	7872
1060	4985	4564
1061	8568	4564
1062	6530	7873
1063	7897	4568
1064	8362	4569
1065	7125	4580
1066	4818	4585
1067	3709	4590
1068	8072	4591
1069	7703	4604
1070	7565	4605
1071	4939	4606
1072	4891	4619
1073	5045	4622
1074	3872	4629
1075	8392	4630
1076	8822	4652
1077	7780	4658
1078	8082	4663
1079	3784	4665
1080	8540	4671
1081	7331	4672
1082	8730	4677
1083	8042	4679
1084	8697	4690
1085	2838	4694
1086	3805	4697
1087	8399	4697
1088	8528	4701
1089	7808	4707
1090	7409	4714
1091	7732	4725
1092	8672	4732
1093	3857	4736
1094	7987	4744
1095	3752	4746
1096	7235	4750
1097	8375	4752
1098	8586	4779
1099	8607	4785
1100	6926	5486
1101	7172	4789
1102	4309	4799
1103	4074	4807
1104	4709	4809
1105	8396	4813
1106	8589	4817
1107	8241	4817
1108	3549	4828
1109	5390	4830
1110	2759	4839
1111	4180	4845
1112	7429	4847
1113	3752	4850
1114	7811	4852
1115	8572	4852
1116	5443	4856
1117	3534	4859
1118	3657	4864
1119	3727	4865
1120	3684	4869
1121	7046	4876
1122	7996	4886
1123	3597	4887
1124	5589	4888
1125	4044	4904
1126	7116	4905
1127	8053	5490
1128	3106	4913
1129	3173	4916
1130	7562	4927
1131	7209	4936
1132	5363	4948
1133	8762	4951
1134	3954	4958
1135	2739	4965
1136	3770	4966
1137	8022	4965
1138	3497	4967
1139	5582	4968
1140	7689	5937
1141	7185	4977
1142	3453	4980
1143	3175	4981
1144	3663	4984
1145	8566	4987
1146	3726	4994
1147	7015	5942
1148	5366	5008
1149	5313	3941
1150	3464	5015
1151	8645	5017
1152	8484	5019
1153	7903	5026
1154	4447	5028
1155	9070	5031
1156	7143	5033
1157	7084	5038
1158	8806	5043
1159	8149	5047
1160	3492	5049
1161	8336	5051
1162	3960	5063
1163	8101	5063
1164	4583	5068
1165	8697	5074
1166	3047	5078
1167	8748	5077
1168	7806	5081
1169	3794	5082
1170	7009	5094
1171	8131	5104
1172	7332	5104
1173	7031	5106
1174	8675	5117
1175	5068	3959
1176	8303	5127
1177	4553	5130
1178	3382	5132
1179	5883	5132
1180	3580	5134
1181	8246	5154
1182	5459	5155
1183	7217	5156
1184	5692	5899
1185	3208	5165
1186	6674	7974
1187	8719	5166
1188	8402	5168
1189	6997	5170
1190	8156	5172
1191	3458	5176
1192	7776	5974
1193	4307	5199
1194	7686	5204
1195	5231	5205
1196	3956	5210
1197	3206	5212
1198	3184	5216
1199	4024	5218
1200	8193	5229
1201	1838	3978
1202	7094	5241
1203	8507	5241
1204	7015	5244
1205	3115	5251
1206	5178	5255
1207	7382	5262
1208	4192	5265
1209	8964	5270
1210	7413	5272
1211	8030	5272
1212	3745	5273
1213	8197	5284
1214	7007	5293
1215	4148	5294
1216	8151	5323
1217	7094	5324
1218	8246	5340
1219	8550	5343
1220	3492	5347
1221	4226	5348
1222	8085	5349
1223	7696	5350
1224	7740	5357
1225	3457	5364
1226	3447	5370
1227	8416	5377
1228	7688	5379
1229	4276	5388
1230	8637	5389
1231	4928	5401
1232	7807	5402
1233	3850	5404
1234	7863	5409
1235	7543	5420
1236	5339	5423
1237	7022	5424
1238	5076	5426
1239	8881	5439
1240	7842	5440
1241	7826	6016
1242	8352	5460
1243	7757	5460
1244	8070	5462
1245	8351	5468
1246	8417	5470
1247	8590	5471
1248	3881	5477
1249	7557	5479
1250	7841	5482
1251	6959	5483
1252	8412	5501
1253	8296	5501
1254	8507	5502
1255	6911	5507
1256	4331	5508
1257	7108	5509
1258	4962	5515
1259	3934	5520
1260	4605	4027
1261	7799	5542
1262	3817	5544
1263	8044	5553
1264	4061	5555
1265	9377	5511
1266	6926	4032
1267	5601	4033
1268	7588	5569
1269	4247	5578
1270	7792	5584
1271	3942	5596
1272	8031	5598
1273	2900	5607
1274	8096	5615
1275	7210	5627
1276	9120	5629
1277	9158	5630
1278	4309	5633
1279	6954	5634
1280	7057	5649
1281	8557	5653
1282	7360	5659
1283	7675	5674
1284	7903	4051
1285	7634	5678
1286	8610	5680
1287	5238	5682
1288	6790	5689
1289	4598	5690
1290	8438	5691
1291	8576	5708
1292	8396	5712
1293	4909	4058
1294	9110	5716
1295	7703	5717
1296	9437	5720
1297	4863	4060
1298	4424	5732
1299	8399	5740
1300	9002	5742
1301	8375	5745
1302	7291	5746
1303	7116	5748
1304	8795	5753
1305	6930	5759
1306	8185	5763
1307	8917	5764
1308	8819	5771
1309	9072	5802
1310	7701	5804
1311	7002	5805
1312	9436	5806
1313	7843	5815
1314	3290	5818
1315	7026	5821
1316	8791	5821
1317	8989	5828
1318	5471	8084
1319	8125	5830
1320	5441	3519
1321	6933	5840
1322	8906	5840
1323	5907	4080
1324	7428	5849
1325	9481	5851
1326	7737	5855
1327	9370	5858
1328	9456	5866
1329	7297	5872
1330	7841	5876
1331	9077	5876
1332	9100	5880
1333	9663	5881
1334	9555	5883
1335	9610	5886
1336	5176	5898
1337	9529	5904
1338	8935	5914
1339	7833	5941
1340	9672	5943
1341	7772	5947
1342	7148	5960
1343	5554	5971
1344	8897	6104
1345	5570	4101
1346	9011	5976
1347	7701	5984
1348	6935	5984
1349	5788	4103
1350	7896	5988
1351	8082	6005
1352	7499	6007
1353	8805	6020
1354	7631	6027
1355	8439	6027
1356	9097	6036
1357	8766	6051
1358	4242	6059
1359	7913	6059
1360	9559	6070
1361	7929	6075
1362	3532	6083
1363	9056	6091
1364	7621	6099
1365	3351	6103
1366	7949	6106
1367	9541	6110
1368	8644	6115
1369	9075	6116
1370	7349	6129
1371	8173	6127
1372	4148	6129
1373	8044	6129

REQUESTS = 1500
1	1294	34	37	3	3	1
2	877	19	20	2	2	1
3	875	14	15	3	2	1
4	457	13	16	3	4	1
5	820	24	27	1	3	1
6	1276	4	5	2	2	2
7	241	24	26	2	4	1
8	1258	6	9	2	1	1
9	957	3	5	2	1	2
10	1002	9	11	3	1	1
11	382	17	18	3	3	3
12	86	7	8	3	3	1
13	1357	1	3	2	2	2
14	1158	7	10	3	4	3
15	746	16	17	2	2	1
16	624	32	34	2	4	1
17	234	23	26	3	3	1
18	384	29	32	1	2	2
19	732	13	16	2	1	3
20	737	21	23	2	1	3
21	711	15	18	2	2	2
22	447	32	34	1	3	1
23	54	27	30	1	3	2
24	813	29	31	1	2	1
25	895	33	35	1	3	2
26	1185	10	13	2	1	2
27	1237	31	33	2	4	1
28	68	6	9	3	4	1
29	339	3	4	2	2	2
30	769	4	5	1	1	2
31	742	35	36	2	1	3
32	743	13	14	2	3	3
33	78	25	28	1	3	2
34	441	15	18	3	2	2
35	1362	19	22	1	3	1
36	1281	7	8	3	1	3
37	94	4	7	1	1	2
38	1296	32	34	1	4	2
39	250	37	39	1	3	3
40	591	10	11	2	2	1
41	922	20	22	1	2	2
42	461	10	11	2	2	2
43	1146	19	20	3	2	2
44	552	14	15	3	3	2
45	774	6	7	1	1	1
46	1069	10	11	3	1	3
47	300	11	12	2	2	1
48	411	7	9	3	1	2
49	72	5	7	3	3	2
50	485	22	25	3	3	3
51	311	10	11	3	3	2
52	1343	29	31	1	1	2
53	1148	1	3	3	2	1
54	419	34	35	2	2	2
55	696	19	20	2	4	1
56	939	31	33	2	3	2
57	791	5	8	2	2	1
58	1251	36	38	2	1	1
59	386	17	18	2	2	2
60	789	14	17	1	4	2
61	700	15	18	2	2	1
62	675	22	24	3	3	2
63	783	6	7	3	3	1
64	1189	37	39	1	1	2
65	603	19	22	3	1	2
66	200	15	17	3	4	3
67	1364	22	24	3	1	2
68	863	19	21	2	2	2
69	946	3	6	3	1	2
70	1348	30	31	1	2	1
71	827	20	22	2	1	3
72	42	26	28	3	2	1
73	674	15	16	3	1	2
74	1330	32	33	3	3	2
75	1084	16	19	3	3	2
76	1192	14	16	3	4	2
77	376	7	8	3	2	2
78	51	35	38	2	4	1
79	998	16	18	2	1	3
80	1121	5	7	1	3	1
81	74	22	23	2	2	2
82	855	30	33	3	2	2
83	566	9	11	1	1	3
84	533	21	22	1	4	3
85	650	34	37	3	1	3
86	948	28	31	1	2	1
87	175	30	33	1	2	1
88	158	29	31	3	3	1
89	723	30	33	3	2	1
90	954	30	31	1	3	3
91	556	11	13	1	1	1
92	63	28	30	1	3	3
93	496	11	13	1	4	3
94	207	30	32	2	4	1
95	990	10	11	1	3	3
96	285	26	27	2	1	1
97	1133	23	26	1	1	1
98	564	2	5	2	2	1
99	971	29	32	3	4	3
100	807	22	24	3	4	3
101	784	25	26	3	4	2
102	1367	32	34	3	3	1
103	1123	29	31	1	4	1
104	667	29	31	1	2	1
105	568	5	7	2	3	2
106	77	16	17	3	1	1
107	1272	34	36	2	1	3
108	438	17	18	2	1	3
109	1096	9	12	2	3	1
110	466	6	7	2	3	2
111	1320	34	36	2	1	2
112	1036	13	15	1	4	2
113	504	24	27	2	3	2
114	880	15	16	2	4	3
115	109	10	12	3	3	2
116	1014	31	34	3	2	2
117	162	13	14	3	4	3
118	35	13	16	2	4	1
119	53	31	33	2	3	3
120	32	30	31	3	3	3
121	646	35	37	1	2	1
122	616	31	32	2	2	1
123	1306	23	24	1	1	2
124	1105	31	34	2	1	1
125	984	34	37	1	4	2
126	780	29	31	2	2	2
127	930	33	35	2	2	1
128	1111	12	15	3	3	2
129	1235	30	33	3	1	3
130	202	6	7	1	4	3
131	1082	12	15	2	1	3
132	238	8	10	3	3	3
133	142	19	22	3	3	1
134	917	25	28	1	1	1
135	403	8	11	1	4	2
136	181	12	14	2	3	2
137	514	23	25	1	4	1
138	610	23	26	2	4	3
139	1137	12	13	2	4	1
140	1121	12	13	3	4	2
141	396	17	20	2	2	2
142	620	35	36	2	3	2
143	1046	25	27	2	2	1
144	725	23	26	3	3	3
145	715	31	33	3	4	1
146	29	8	9	3	2	1
147	1090	23	25	1	1	1
148	643	19	20	3	2	2
149	78	13	15	1	3	3
150	1003	34	36	2	3	2
151	1205	14	15	3	3	3
152	743	12	13	3	1	3
153	810	29	30	3	3	1
154	649	18	20	1	3	3
155	452	4	7	3	3	2
156	149	35	36	2	4	1
157	923	4	7	3	4	2
158	805	16	17	1	3	1
159	843	18	19	2	1	1
160	566	25	28	2	3	1
161	57	28	31	3	4	2
162	437	34	36	3	3	2
163	599	9	12	1	3	1
164	698	36	37	3	4	2
165	1043	34	35	1	3	1
166	38	31	34	3	4	3
167	1006	32	35	3	3	1
168	205	13	14	3	3	1
169	974	29	30	2	4	2
170	380	30	31	1	1	1
171	249	30	33	3	4	3
172	325	2	4	3	4	2
173	1309	1	4	2	1	3
174	752	9	12	3	1	2
175	933	20	23	1	1	2
176	1289	2	3	3	2	1
177	753	23	24	3	1	2
178	1149	3	6	2	4	3
179	918	12	14	1	1	1
180	143	15	17	1	1	1
181	1311	17	19	3	1	2
182	542	28	30	2	4	1
183	665	21	24	2	4	2
184	171	17	19	3	1	1
185	587	14	17	1	1	3
186	695	9	11	3	1	2
187	1188	11	13	2	3	3
188	974	13	14	2	3	3
189	740	12	15	3	4	1
190	9	28	29	3	4	1
191	504	12	15	1	1	1
192	662	14	16	1	1	3
193	1213	16	17	2	3	2
194	228	1	4	1	3	1
195	728	29	30	3	4	1
196	492	35	38	2	3	1
197	1157	11	14	3	3	1
198	711	30	32	3	3	3
199	1127	16	19	1	2	2
200	476	18	21	3	4	1
201	1242	2	4	3	3	1
202	351	31	33	1	2	1
203	132	12	14	2	3	3
204	1015	29	30	3	2	2
205	529	29	32	2	3	3
206	30	23	26	3	4	2
207	993	14	15	3	1	3
208	96	16	19	2	2	2
209	458	2	5	3	2	2
210	915	18	19	2	1	3
211	144	31	34	1	1	1
212	128	2	5	2	2	1
213	1005	14	17	1	4	3
214	209	23	25	3	4	3
215	1372	13	16	2	4	3
216	952	20	22	1	3	1
217	127	33	34	1	2	2
218	885	5	6	1	3	3
219	531	2	5	1	3	3
220	44	30	33	3	3	2
221	148	21	22	1	2	1
222	870	23	25	3	2	2
223	928	18	21	3	4	3
224	497	26	28	3	1	2
225	310	22	25	2	1	2
226	477	10	12	2	3	3
227	865	14	15	1	2	1
228	1087	32	33	2	4	2
229	232	12	15	3	1	3
230	1079	34	36	2	3	3
231	697	34	36	1	2	2
232	907	7	8	1	4	2
233	324	21	24	2	3	2
234	679	27	29	3	2	1
235	367	23	25	3	1	1
236	1070	2	3	2	1	2
237	1042	27	30	2	4	2
238	353	31	34	2	1	3
239	347	35	37	1	3	2
240	1267	12	15	1	4	1
241	892	19	21	2	3	3
242	1285	8	11	1	4	3
243	738	9	12	1	2	1
244	123	13	14	1	2	1
245	283	2	4	2	1	3
246	156	10	12	3	1	3
247	588	18	19	2	4	3
248	532	35	37	3	4	1
249	535	5	6	2	1	2
250	972	22	23	3	3	3
251	174	25	26	2	2	1
252	1206	34	36	2	3	3
253	1013	34	36	3	2	2
254	623	15	18	1	1	2
255	182	3	5	3	1	2
256	1170	6	7	2	2	2
257	405	28	31	1	3	3
258	248	11	13	3	1	3
259	191	7	8	3	3	3
260	530	17	19	1	2	2
261	183	8	10	1	2	1
262	1112	4	6	3	1	2
263	1371	1	3	2	3	2
264	1208	15	18	3	3	2
265	451	32	33	1	2	2
266	821	35	37	1	4	3
267	289	18	21	2	3	3
268	1304	17	19	1	1	1
269	1039	20	22	3	2	1
270	904	31	33	3	3	3
271	1140	29	31	3	1	2
272	381	15	17	3	3	2
273	557	20	23	2	3	2
274	802	3	5	1	3	1
275	734	23	26	3	1	1
276	1225	22	25	3	1	2
277	905	7	9	3	1	1
278	264	2	4	3	1	3
279	81	26	28	2	2	1
280	390	15	18	3	1	3
281	1341	11	12	2	1	2
282	1099	3	6	2	4	2
283	334	14	16	2	4	3
284	348	32	34	3	2	1
285	343	4	6	1	4	3
286	980	25	28	1	1	1
287	753	28	30	1	3	2
288	1062	29	32	2	3	2
289	822	28	29	1	4	3
290	494	27	29	2	2	2
291	442	10	13	3	1	2
292	931	21	24	3	2	1
293	562	11	14	1	3	3
294	995	19	20	2	1	1
295	507	24	25	3	4	1
296	837	20	21	1	2	1
297	1063	9	12	3	1	2
298	312	3	4	3	1	1
299	522	11	12	3	2	2
300	1011	10	12	1	1	3
301	1159	14	16	1	4	3
302	638	21	24	3	3	2
303	750	33	36	1	4	3
304	1362	15	17	3	2	1
305	34	5	7	1	1	2
306	836	11	14	1	2	1
307	981	31	33	1	1	2
308	295	10	13	3	3	1
309	293	12	15	3	2	1
310	800	22	25	3	3	2
311	704	9	11	2	3	3
312	920	26	27	2	1	1
313	237	1	4	2	4	1
314	618	23	25	2	3	1
315	701	3	6	2	4	2
316	1155	15	18	2	1	3
317	490	8	11	2	3	1
318	167	23	24	1	2	2
319	356	29	31	2	1	2
320	89	8	11	3	2	2
321	941	13	16	3	2	1
322	58	15	17	3	3	3
323	172	25	27	2	3	3
324	584	13	16	1	4	1
325	376	9	12	2	1	3
326	630	21	24	2	2	2
327	233	21	23	2	4	3
328	1346	1	4	1	4	2
329	51	32	35	2	1	3
330	251	3	4	1	1	3
331	503	13	16	2	4	3
332	314	32	34	3	2	1
333	138	29	31	2	3	2
334	27	31	32	3	1	3
335	1040	34	37	2	3	3
336	938	13	14	2	2	2
337	1024	23	25	1	3	2
338	999	31	34	3	1	1
339	1035	22	24	1	4	3
340	623	23	26	3	2	2
341	489	27	28	1	4	1
342	235	14	17	1	2	1
343	45	35	36	2	4	2
344	1142	13	15	3	2	2
345	1334	25	27	3	1	1
346	87	12	15	1	1	1
347	1199	13	16	2	4	2
348	1201	14	17	2	4	2
349	124	31	34	2	1	3
350	550	21	22	3	2	1
351	862	32	35	2	4	2
352	1	34	37	1	2	1
353	526	24	26	2	3	2
354	219	6	7	3	1	1
355	1038	31	33	1	3	3
356	1248	16	18	1	1	3
357	1067	4	5	2	2	2
358	110	24	27	1	4	2
359	1360	34	36	1	2	2
360	82	18	20	3	1	2
361	656	24	27	1	2	2
362	594	29	31	2	2	1
363	423	12	14	3	3	2
364	927	1	4	1	3	2
365	361	24	26	1	3	1
366	66	27	28	1	3	2
367	1347	35	36	3	3	3
368	866	7	10	2	4	2
369	1053	5	7	3	4	2
370	493	35	36	2	3	2
371	792	3	5	3	1	1
372	517	35	36	2	2	2
373	819	13	16	2	4	1
374	71	32	34	3	1	1
375	366	14	15	1	1	2
376	319	33	35	1	3	1
377	1287	10	13	2	3	1
378	7	28	30	2	1	2
379	989	5	8	3	4	3
380	991	13	15	1	3	2
381	125	32	33	3	4	3
382	186	31	33	3	1	3
383	17	6	7	3	4	3
384	856	18	20	3	4	3
385	935	25	27	2	1	1
386	85	30	33	3	2	2
387	596	11	13	1	2	2
388	202	28	31	3	1	3
389	346	34	36	1	4	1
390	634	35	36	1	2	1
391	12	5	8	1	4	3
392	43	6	8	3	4	3
393	831	22	25	2	3	1
394	642	24	25	3	4	2
395	748	22	24	2	4	1
396	1351	23	26	1	2	2
397	561	32	33	1	1	2
398	708	18	21	2	4	2
399	1363	24	25	2	3	2
400	714	31	33	1	4	2
401	471	26	28	2	4	2
402	1025	10	13	2	3	2
403	406	24	27	3	3	2
404	605	15	17	1	3	1
405	1066	27	28	1	2	2
406	744	6	7	3	2	2
407	694	18	20	2	1	1
408	1098	15	17	3	4	2
409	8	13	16	2	1	1
410	2	4	5	2	3	2
411	1214	5	7	1	2	2
412	719	13	16	3	4	2
413	940	31	33	1	1	1
414	213	29	30	1	3	2
415	929	19	21	2	1	3
416	1207	30	32	2	4	1
417	1266	35	37	3	3	2
418	106	7	9	1	4	2
419	686	28	31	2	2	1
420	1197	10	13	1	1	2
421	195	14	15	1	3	3
422	710	20	23	2	4	3
423	1050	2	5	2	3	2
424	1317	35	38	1	2	2
425	1086	34	35	2	2	2
426	1188	1	3	3	4	3
427	331	33	34	3	4	3
428	464	30	32	3	4	3
429	80	10	13	1	4	2
430	592	13	15	3	2	1
431	968	25	28	3	1	3
432	1233	26	29	1	3	3
433	585	26	27	3	2	1
434	189	6	8	2	4	1
435	136	18	21	3	1	1
436	64	3	4	1	3	1
437	392	17	19	1	2	2
438	1230	15	17	3	3	2
439	963	12	15	1	1	3
440	848	10	12	1	1	1
441	28	6	8	3	3	3
442	148	3	5	3	4	2
443	614	35	38	1	2	1
444	15	32	35	2	1	2
445	1315	15	17	1	2	2
446	1258	10	13	2	2	1
447	210	20	23	3	4	2
448	509	33	36	3	1	3
449	336	21	22	2	3	3
450	811	6	9	1	2	2
451	1273	18	19	3	1	1
452	841	24	27	1	3	1
453	299	32	35	3	3	1
454	925	18	21	1	2	1
455	110	36	39	1	3	2
456	1095	31	33	2	2	2
457	941	27	30	3	4	2
458	1338	18	21	1	2	2
459	146	28	30	2	2	2
460	756	14	15	3	3	3
461	1238	19	21	3	4	1
462	290	25	28	1	1	1
463	1202	13	16	3	4	3
464	37	4	6	3	1	2
465	884	37	38	2	1	3
466	56	18	20	2	4	3
467	1128	10	11	3	2	1
468	443	15	18	3	4	1
469	449	17	19	2	3	2
470	440	29	32	2	2	1
471	1170	30	32	2	2	1
472	360	7	10	1	3	2
473	19	22	23	3	1	1
474	786	16	17	2	3	2
475	1210	7	10	1	4	2
476	636	19	21	3	3	3
477	754	20	22	2	1	3
478	553	34	37	2	3	1
479	1335	28	31	1	1	1
480	1314	31	32	2	3	3
481	500	7	10	1	1	1
482	956	2	5	1	1	1
483	953	10	11	2	4	1
484	479	18	19	1	2	1
485	1032	9	11	1	4	2
486	217	23	24	1	1	2
487	967	21	22	3	3	2
488	708	10	11	1	3	1
489	111	26	27	3	3	2
490	565	12	13	2	3	3
491	1196	4	5	2	4	3
492	1139	30	33	3	1	1
493	385	21	23	3	4	3
494	431	28	31	1	4	2
495	187	25	27	3	1	3
496	803	11	12	1	1	3
497	1030	20	23	1	1	1
498	571	3	6	3	3	1
499	1116	14	17	1	4	2
500	606	21	22	1	2	1
501	160	24	25	3	2	1
502	537	17	18	3	2	1
503	112	16	18	1	3	3
504	542	21	22	1	2	1
505	651	13	16	1	1	3
506	1163	22	23	2	4	1
507	444	8	10	2	1	3
508	1329	28	31	2	3	3
509	79	29	31	2	1	1
510	778	13	14	3	4	3
511	1152	22	23	3	2	2
512	871	2	3	1	2	2
513	49	14	15	3	4	2
514	292	17	18	1	3	3
515	328	10	11	1	3	2
516	97	17	18	3	3	3
517	762	19	20	3	3	3
518	816	5	6	1	1	3
519	1164	17	18	1	3	3
520	424	27	29	1	1	1
521	639	7	10	1	3	2
522	883	8	9	1	3	1
523	1300	23	24	2	4	3
524	275	12	14	3	2	1
525	788	16	18	2	4	1
526	378	36	39	1	1	2
527	221	20	23	3	4	1
528	301	11	14	2	1	3
529	1190	1	4	1	1	3
530	179	28	30	3	1	2
531	473	28	30	1	2	2
532	1000	25	26	2	1	1
533	426	4	5	2	2	1
534	718	32	34	1	4	3
535	188	30	33	1	1	2
536	801	11	12	2	2	2
537	875	28	30	3	2	1
538	236	30	32	1	4	3
539	1240	13	14	2	3	1
540	982	11	14	3	2	1
541	1047	14	16	3	1	2
542	1345	24	27	2	4	1
543	536	25	26	2	3	1
544	50	3	6	2	1	1
545	1339	9	10	1	1	1
546	964	35	36	1	4	2
547	31	31	33	2	2	2
548	1104	32	34	1	4	1
549	1243	37	38	2	2	2
550	394	5	7	1	3	2
551	1103	3	6	2	1	3
552	481	15	16	2	3	3
553	1275	38	39	1	3	2
554	1310	29	31	1	2	2
555	554	12	13	2	3	1
556	682	1	4	1	2	1
557	203	32	34	2	2	1
558	1352	24	26	3	2	1
559	777	33	35	1	3	2
560	840	17	20	1	3	1
561	495	18	20	2	4	1
562	190	20	23	3	2	2
563	1261	32	35	2	1	1
564	717	31	34	3	1	2
565	590	24	25	2	4	1
566	944	9	10	2	1	1
567	222	36	37	3	4	2
568	1229	1	2	3	1	2
569	270	3	6	3	2	2
570	1215	5	8	2	2	1
571	663	29	30	1	1	2
572	61	1	2	3	1	3
573	860	12	15	2	1	1
574	743	34	37	2	1	2
575	627	15	17	3	1	3
576	1355	1	4	1	4	3
577	1301	31	32	2	4	2
578	617	3	4	3	3	1
579	418	27	28	2	2	1
580	176	22	24	3	2	2
581	475	17	20	2	3	1
582	1239	33	36	3	4	3
583	688	26	28	3	1	1
584	297	26	28	1	2	1
585	281	18	20	2	3	2
586	730	25	27	1	3	3
587	104	34	35	2	4	3
588	985	17	20	3	2	2
589	413	38	39	1	1	1
590	961	8	11	2	4	3
591	958	17	20	2	1	3
592	422	19	22	3	2	2
593	1236	35	38	1	4	3
594	1026	30	31	2	4	3
595	572	15	16	3	2	2
596	368	10	13	1	3	1
597	1373	8	11	2	1	3
598	626	5	7	1	2	1
599	1115	31	33	3	1	1
600	1257	27	28	1	3	1
601	99	19	22	1	3	2
602	545	38	39	1	4	3
603	60	31	34	2	3	1
604	969	16	19	3	3	3
605	973	7	9	1	4	1
606	321	30	33	2	2	2
607	1204	21	22	1	4	2
608	1008	13	16	3	3	1
609	1154	36	38	2	4	1
610	430	33	34	1	4	1
611	26	23	26	2	1	1
612	65	24	27	1	3	3
613	621	7	9	1	1	3
614	657	14	16	1	2	1
615	1361	4	7	1	3	2
616	1136	10	12	3	4	2
617	839	16	17	2	2	2
618	508	1	3	3	3	2
619	1041	21	24	3	2	2
620	326	25	28	2	4	1
621	309	20	22	1	1	2
622	547	35	36	2	2	2
623	1280	5	8	1	4	1
624	912	32	33	3	1	1
625	196	16	18	3	2	1
626	239	13	16	1	2	2
627	1262	17	20	1	2	2
628	864	1	2	3	2	1
629	1324	10	11	2	1	2
630	1268	17	20	2	2	1
631	428	34	37	3	4	1
632	706	24	26	2	4	2
633	829	27	28	3	1	3
634	617	34	36	1	2	1
635	1144	21	24	2	2	1
636	1223	24	27	3	2	1
637	629	10	12	2	3	1
638	1353	23	26	1	3	3
639	724	11	12	3	1	2
640	1018	20	23	3	4	3
641	997	17	20	1	3	2
642	575	11	14	3	1	1
643	648	2	5	3	2	2
644	521	7	10	3	2	1
645	141	3	5	3	3	2
646	881	29	30	3	4	1
647	288	2	3	1	4	3
648	1129	13	16	3	4	1
649	1241	27	28	2	2	1
650	397	9	11	1	4	1
651	826	15	17	3	1	1
652	1091	11	12	3	4	2
653	252	28	30	3	4	1
654	1191	16	18	3	2	1
655	567	32	34	3	2	2
656	40	27	30	1	4	3
657	847	17	20	1	1	3
658	595	32	34	3	3	3
659	685	4	5	2	4	1
660	73	17	18	1	3	2
661	1179	30	33	2	2	1
662	955	17	20	2	2	2
663	1183	21	23	3	2	2
664	1009	38	39	1	3	1
665	816	1	2	2	3	2
666	641	8	9	2	4	3
667	364	28	29	2	1	1
668	825	15	18	3	3	3
669	166	20	22	3	4	1
670	593	16	18	1	1	3
671	602	33	35	3	3	1
672	265	1	3	2	2	1
673	1031	24	25	3	3	3
674	246	14	17	3	3	3
675	715	10	12	1	1	2
676	1054	15	18	3	4	3
677	1209	22	25	3	2	2
678	900	5	6	3	2	2
679	254	13	14	2	3	3
680	1113	12	15	1	3	2
681	151	29	31	2	3	3
682	1220	2	4	1	3	1
683	1027	4	6	3	1	1
684	1266	11	12	3	3	3
685	745	19	20	2	4	1
686	1370	35	36	3	4	2
687	992	10	12	1	1	1
688	1307	29	32	2	2	1
689	1019	4	7	2	3	3
690	1328	23	25	1	2	2
691	970	10	12	3	2	1
692	1083	6	9	3	3	3
693	1016	9	12	2	4	3
694	932	18	19	2	3	3
695	1297	32	33	1	3	1
696	874	7	9	2	4	2
697	163	1	3	2	1	3
698	271	26	28	2	2	1
699	950	32	34	2	2	1
700	1175	21	22	1	3	2
701	1167	14	17	1	4	3
702	1260	10	13	2	2	2
703	502	2	5	2	4	1
704	258	8	10	2	4	2
705	1247	34	36	2	2	1
706	602	33	36	3	4	1
707	468	20	23	2	1	3
708	352	23	24	3	4	2
709	1319	28	30	2	4	3
710	1217	12	15	1	3	3
711	39	6	8	3	2	2
712	1244	20	21	1	4	1
713	1303	18	19	3	2	2
714	423	32	34	2	1	2
715	266	4	7	3	1	3
716	882	12	14	3	4	3
717	893	29	30	2	4	1
718	666	31	33	3	1	2
719	1049	30	32	1	1	3
720	661	3	4	3	1	1
721	409	36	37	3	3	3
722	6	29	32	2	4	2
723	41	28	30	3	2	2
724	1333	24	27	1	4	1
725	470	18	21	1	3	2
726	751	20	21	1	2	1
727	1021	15	17	2	2	2
728	1203	26	28	1	3	2
729	597	13	15	2	3	1
730	586	20	21	2	3	1
731	782	11	12	1	1	1
732	808	29	31	3	4	3
733	1145	30	33	3	3	2
734	59	15	17	2	4	3
735	227	23	26	3	4	2
736	180	14	17	2	2	1
737	943	33	35	3	2	2
738	275	2	5	3	4	1
739	1143	7	10	3	2	2
740	703	5	6	2	3	1
741	903	20	23	1	3	1
742	1147	36	37	3	2	2
743	480	1	2	2	4	2
744	1252	30	31	1	4	3
745	767	8	10	1	1	1
746	787	21	22	2	1	3
747	185	13	16	3	4	1
748	512	12	15	2	1	3
749	1327	5	7	2	2	1
750	212	32	34	1	3	1
751	1033	16	19	2	1	3
752	1295	5	7	1	3	1
753	625	36	39	1	3	3
754	527	18	19	1	2	1
755	631	36	39	1	2	1
756	164	32	34	1	1	2
757	1296	8	10	2	3	1
758	131	32	34	1	1	3
759	261	3	5	3	2	1
760	579	3	5	3	1	2
761	1162	18	19	3	1	1
762	274	26	28	2	1	1
763	375	10	11	1	1	3
764	119	30	31	3	4	2
765	422	19	20	2	1	3
766	691	28	31	2	4	1
767	1134	14	16	1	2	1
768	1037	8	10	2	2	2
769	344	30	31	3	4	1
770	722	27	28	1	2	2
771	450	11	14	3	1	3
772	436	31	33	3	4	1
773	581	6	7	3	1	1
774	1001	31	34	1	4	1
775	55	4	6	1	3	2
776	652	13	16	3	2	2
777	528	12	14	3	3	2
778	1126	18	21	3	4	1
779	129	17	20	3	1	3
780	758	18	21	3	3	3
781	600	1	3	2	3	3
782	1269	34	37	1	2	2
783	332	29	30	2	3	1
784	101	8	10	3	2	2
785	1057	33	35	1	2	1
786	469	14	15	3	1	1
787	619	19	20	1	3	3
788	993	33	36	3	4	3
789	731	19	20	2	2	1
790	1080	24	26	1	4	1
791	966	15	16	2	4	3
792	247	1	3	2	2	2
793	1020	11	12	1	1	3
794	976	31	33	1	4	2
795	355	18	19	2	4	1
796	494	35	36	2	1	3
797	337	26	27	3	1	3
798	168	3	6	3	1	2
799	707	5	8	1	1	2
800	702	23	24	2	3	1
801	1207	26	27	1	4	2
802	1124	21	23	2	1	3
803	316	10	11	1	1	3
804	313	30	33	1	2	1
805	318	37	38	2	3	2
806	177	5	6	3	1	2
807	1326	16	19	2	1	3
808	267	33	36	2	3	3
809	692	12	13	2	3	1
810	914	1	2	1	1	1
811	499	3	4	3	1	3
812	11	2	5	2	2	2
813	1246	33	35	1	1	3
814	478	6	9	2	3	2
815	945	28	30	3	1	3
816	1316	9	12	2	4	2
817	317	19	22	2	3	3
818	1342	36	39	1	3	1
819	790	32	34	3	2	2
820	681	3	6	2	2	1
821	1315	8	11	1	1	1
822	570	5	7	2	3	2
823	1097	13	14	3	3	1
824	105	5	7	1	1	1
825	1093	13	16	3	3	2
826	1283	30	31	3	2	1
827	135	34	36	3	2	1
828	448	9	12	2	2	1
829	741	16	17	1	3	2
830	262	1	4	3	4	2
831	84	14	16	3	3	2
832	858	34	36	2	2	2
833	1094	26	28	1	1	3
834	173	35	38	1	2	1
835	1168	28	30	3	1	1
836	1313	30	31	1	4	2
837	1359	18	21	2	3	1
838	926	6	9	2	2	2
839	857	12	15	1	4	2
840	335	3	6	2	2	2
841	350	10	12	1	3	1
842	90	2	4	2	3	2
843	357	3	4	3	4	1
844	1058	20	22	2	3	3
845	154	18	19	2	4	3
846	844	33	35	2	3	2
847	420	30	33	3	2	1
848	803	19	20	3	1	2
849	88	9	11	3	4	3
850	93	25	28	2	2	2
851	393	7	9	3	4	2
852	739	22	24	2	1	3
853	372	30	33	1	2	2
854	582	11	13	3	2	1
855	5	28	30	3	4	2
856	1368	6	7	3	4	2
857	540	13	16	1	3	2
858	712	26	29	3	1	1
859	259	32	35	1	2	2
860	1182	15	17	3	3	3
861	1027	14	16	2	1	1
862	68	24	27	1	3	2
863	815	33	34	3	3	3
864	377	7	10	2	3	3
865	305	35	37	2	3	2
866	879	28	31	3	2	1
867	439	29	32	1	4	2
868	515	12	13	2	1	3
869	472	17	20	3	1	1
870	607	30	31	1	3	2
871	835	21	22	1	2	1
872	1292	32	33	3	1	2
873	1056	18	19	1	2	1
874	4	18	21	2	1	1
875	100	20	22	3	2	1
876	1088	32	35	3	4	2
877	755	20	21	2	1	3
878	819	23	26	3	3	2
879	277	26	29	1	3	1
880	362	19	20	2	2	2
881	766	8	11	1	4	3
882	256	19	21	3	4	1
883	894	35	36	1	3	1
884	273	26	28	1	1	2
885	220	1	2	3	2	1
886	642	9	11	1	1	2
887	204	19	20	1	4	2
888	161	9	10	2	1	1
889	1358	26	28	2	2	1
890	936	23	24	2	3	2
891	747	17	20	1	4	2
892	429	8	11	1	1	3
893	1222	18	19	2	2	1
894	937	28	29	3	3	1
895	282	20	23	1	3	3
896	811	24	27	2	1	1
897	901	17	19	2	4	3
898	453	23	24	1	1	2
899	211	12	15	2	1	1
900	1246	14	17	1	2	1
901	1217	6	9	3	4	3
902	1108	28	31	1	4	3
903	1060	6	8	1	4	3
904	1071	12	13	3	3	3
905	1173	23	25	3	1	2
906	996	8	10	3	2	2
907	1221	1	3	1	2	2
908	779	23	25	1	2	2
909	524	8	11	1	1	3
910	1184	33	36	1	2	1
911	1224	8	11	1	1	3
912	654	9	12	3	2	1
913	1050	30	32	2	2	1
914	1200	1	2	1	1	3
915	721	8	9	1	4	3
916	578	34	36	1	1	2
917	823	27	30	3	3	1
918	951	14	17	2	1	3
919	671	24	25	1	3	3
920	170	25	26	2	1	3
921	199	3	4	2	4	3
922	878	5	7	3	2	1
923	896	30	31	3	4	2
924	668	21	22	1	1	2
925	354	28	29	3	1	1
926	633	15	18	2	2	1
927	707	29	30	3	4	2
928	828	13	15	1	2	2
929	1337	24	25	2	1	3
930	809	1	3	1	2	1
931	890	24	25	1	3	3
932	391	17	19	3	3	3
933	519	23	26	3	4	2
934	867	35	37	3	4	1
935	434	11	12	3	2	1
936	859	14	16	2	1	3
937	838	28	31	2	2	2
938	306	16	18	2	4	3
939	987	29	32	3	1	2
940	13	9	12	2	2	2
941	539	19	20	2	4	2
942	120	10	11	2	2	1
943	24	6	7	2	2	2
944	1256	35	38	2	2	2
945	62	34	37	2	2	2
946	432	18	21	1	2	1
947	1046	8	9	2	3	2
948	658	13	16	2	3	2
949	1274	23	26	3	4	3
950	133	16	17	3	3	1
951	263	32	34	1	1	2
952	463	34	37	3	2	1
953	399	19	22	1	4	3
954	1322	4	5	1	3	2
955	197	23	24	3	1	3
956	480	4	5	2	3	1
957	48	2	5	3	4	2
958	655	17	20	3	2	1
959	795	14	15	2	3	3
960	1218	4	7	2	2	2
961	573	7	8	2	2	1
962	383	35	38	2	1	3
963	793	29	32	1	4	3
964	726	28	29	1	2	1
965	91	17	20	2	1	3
966	1152	34	36	1	2	2
967	456	23	24	1	2	1
968	1284	4	7	2	2	1
969	371	11	14	3	1	2
970	234	35	38	2	1	3
971	942	30	31	1	2	2
972	869	29	31	2	4	2
973	740	34	36	2	2	2
974	245	6	8	1	1	1
975	20	6	7	1	1	3
976	1198	2	3	3	4	1
977	628	20	23	1	1	1
978	902	21	24	3	2	1
979	776	3	6	3	2	1
980	229	6	7	3	3	3
981	208	32	33	1	3	2
982	559	4	7	2	2	1
983	736	3	4	1	3	2
984	276	32	33	1	1	1
985	294	30	32	3	4	3
986	1144	33	36	1	4	2
987	898	26	29	2	4	1
988	280	25	26	1	1	2
989	613	33	34	3	2	1
990	975	12	14	2	3	2
991	660	33	36	1	3	2
992	1065	35	37	1	4	3
993	690	24	25	2	4	2
994	977	8	10	3	3	3
995	1187	11	12	1	2	1
996	1076	22	23	2	4	3
997	1226	21	24	2	1	1
998	1369	2	4	1	2	2
999	287	30	32	2	1	2
1000	1219	24	25	2	4	3
1001	269	15	18	1	1	1
1002	150	11	14	2	4	3
1003	673	30	31	2	1	1
1004	360	25	28	1	2	1
1005	315	9	11	2	3	2
1006	1077	29	31	3	4	3
1007	1138	34	35	2	3	3
1008	214	13	14	1	3	1
1009	349	18	21	2	1	1
1010	814	4	5	2	1	2
1011	67	3	6	1	2	1
1012	1282	15	17	3	3	1
1013	82	6	9	3	4	3
1014	412	33	36	2	4	2
1015	959	18	20	1	2	1
1016	775	36	38	2	3	3
1017	402	2	5	2	3	2
1018	290	17	20	1	3	1
1019	635	3	4	3	3	1
1020	435	23	24	2	3	1
1021	1081	9	10	3	1	3
1022	1177	21	24	1	3	3
1023	1010	5	8	2	3	2
1024	676	3	6	2	3	2
1025	886	28	30	2	3	2
1026	1017	25	27	2	1	3
1027	1350	7	10	2	4	3
1028	118	37	38	1	4	1
1029	404	17	18	2	2	1
1030	255	24	25	3	2	1
1031	632	8	9	3	4	3
1032	911	10	13	1	1	3
1033	369	1	3	2	3	2
1034	655	31	34	3	4	2
1035	846	2	3	3	2	1
1036	798	15	17	1	1	2
1037	218	7	9	2	1	2
1038	705	29	32	3	3	3
1039	1298	3	5	2	2	2
1040	1271	12	13	1	1	1
1041	1349	8	10	3	4	2
1042	586	3	5	3	4	2
1043	273	13	16	2	2	1
1044	139	22	23	2	3	3
1045	407	32	34	1	3	3
1046	622	11	12	2	1	1
1047	908	7	10	2	4	1
1048	1118	24	26	3	1	1
1049	647	7	10	3	3	2
1050	640	14	16	2	3	1
1051	1312	18	20	2	3	3
1052	544	25	27	3	4	1
1053	14	22	23	2	3	2
1054	1012	16	17	3	1	1
1055	869	11	12	3	2	1
1056	424	18	21	1	3	1
1057	1044	25	28	3	4	2
1058	130	24	26	1	2	2
1059	834	5	6	3	4	2
1060	134	27	30	2	2	2
1061	230	28	30	3	1	3
1062	465	26	28	2	3	2
1063	286	12	13	1	4	3
1064	1265	23	26	1	3	3
1065	236	3	4	2	4	1
1066	359	1	3	1	4	2
1067	1180	2	3	1	1	1
1068	1102	10	13	2	4	1
1069	299	26	27	2	1	3
1070	303	9	11	3	2	1
1071	278	31	33	2	3	3
1072	683	23	24	3	1	1
1073	115	7	10	2	3	3
1074	192	28	29	1	3	2
1075	608	14	16	3	3	1
1076	1172	8	10	2	2	1
1077	501	7	8	1	2	1
1078	1055	19	20	2	4	1
1079	1249	22	24	3	2	2
1080	1194	20	22	2	2	1
1081	43	36	37	3	2	1
1082	1227	33	35	2	3	3
1083	52	27	30	1	4	1
1084	679	3	6	3	3	1
1085	1109	11	13	1	2	2
1086	794	31	34	2	2	2
1087	853	24	26	2	3	1
1088	18	34	37	2	3	2
1089	216	10	11	3	2	2
1090	965	25	27	2	1	3
1091	812	20	22	1	3	2
1092	538	15	18	3	4	3
1093	178	4	6	1	1	1
1094	147	5	7	1	2	2
1095	3	2	5	3	2	1
1096	1048	8	9	1	2	2
1097	49	13	16	3	2	1
1098	1064	14	17	2	2	1
1099	272	38	39	1	4	1
1100	1110	23	24	1	3	2
1101	421	28	30	1	1	1
1102	401	22	23	3	4	3
1103	796	37	38	1	1	3
1104	757	7	8	3	2	2
1105	253	24	26	1	1	1
1106	454	17	20	2	1	1
1107	1051	21	22	1	3	3
1108	1156	27	30	2	4	1
1109	389	3	5	3	3	2
1110	684	3	5	2	3	2
1111	257	22	24	3	1	3
1112	764	15	16	1	2	1
1113	1075	21	22	3	2	1
1114	1150	29	31	2	4	1
1115	1107	8	11	3	1	1
1116	1367	33	34	3	2	1
1117	949	2	3	1	2	1
1118	1160	21	22	2	1	1
1119	772	25	28	1	1	3
1120	1330	7	9	1	2	2
1121	659	2	3	2	2	1
1122	323	10	11	3	1	2
1123	308	34	35	1	1	1
1124	926	20	23	2	2	1
1125	1166	24	26	2	1	3
1126	1161	22	24	1	2	1
1127	979	18	21	3	2	2
1128	1165	33	35	1	3	1
1129	868	14	16	1	1	2
1130	825	29	31	3	2	2
1131	1293	35	36	2	4	1
1132	1321	4	7	1	3	2
1133	1232	29	32	2	3	2
1134	978	21	22	1	2	2
1135	1068	28	31	3	1	2
1136	580	7	10	2	2	2
1137	576	33	36	1	3	3
1138	1253	28	30	1	4	1
1139	824	14	15	1	4	3
1140	619	33	35	3	2	2
1141	988	33	35	2	4	3
1142	891	33	34	2	3	1
1143	850	26	29	1	2	1
1144	1181	2	3	2	2	1
1145	1263	13	14	1	3	3
1146	897	14	16	1	1	3
1147	534	23	24	3	2	2
1148	1007	14	15	1	1	3
1149	606	13	15	2	2	1
1150	760	12	15	3	3	2
1151	513	26	29	1	3	2
1152	664	33	36	2	2	2
1153	260	2	4	3	2	1
1154	505	23	25	1	3	1
1155	1270	28	30	2	2	1
1156	687	13	16	3	1	1
1157	750	11	13	2	1	2
1158	487	26	28	3	1	1
1159	126	4	7	1	4	3
1160	92	23	25	1	1	1
1161	1245	5	7	1	4	1
1162	653	18	19	3	4	3
1163	482	1	2	2	4	1
1164	60	23	26	3	1	3
1165	523	11	13	3	2	2
1166	733	2	3	1	2	1
1167	583	4	5	3	3	2
1168	609	30	33	1	4	3
1169	886	24	25	3	4	3
1170	1114	2	3	3	3	2
1171	459	23	26	2	3	2
1172	474	3	6	3	2	2
1173	398	33	34	2	2	1
1174	797	26	27	2	2	1
1175	739	14	16	2	2	2
1176	541	25	26	1	4	2
1177	455	26	27	2	3	3
1178	986	17	20	2	4	1
1179	63	35	38	1	4	3
1180	833	26	28	1	2	1
1181	1125	28	31	1	2	2
1182	374	18	19	2	1	2
1183	623	16	19	1	4	2
1184	307	18	19	3	2	2
1185	1305	35	38	2	2	1
1186	1282	25	28	2	3	2
1187	1250	3	6	1	3	2
1188	494	17	19	1	2	1
1189	1279	2	4	2	1	2
1190	333	6	8	3	2	2
1191	226	27	29	2	3	1
1192	1366	30	33	2	1	3
1193	1290	5	6	2	2	1
1194	330	9	12	3	2	2
1195	785	6	9	3	4	1
1196	1151	32	35	2	2	1
1197	1122	2	5	3	1	1
1198	361	19	22	2	2	2
1199	348	5	7	2	4	3
1200	1179	23	26	3	1	2
1201	240	15	17	3	4	1
1202	854	13	14	1	4	1
1203	117	21	22	1	1	3
1204	1078	27	30	3	2	2
1205	589	16	18	1	1	1
1206	771	17	19	1	2	2
1207	1023	21	23	1	1	1
1208	1288	31	34	3	3	3
1209	387	4	6	2	4	2
1210	363	24	25	1	3	3
1211	913	32	33	3	2	2
1212	342	5	6	3	2	1
1213	924	21	23	1	4	2
1214	225	17	20	2	3	1
1215	215	10	11	1	2	1
1216	555	26	28	1	4	1
1217	121	21	24	1	4	1
1218	872	3	6	2	1	2
1219	291	25	28	1	2	1
1220	1134	1	3	2	3	1
1221	1022	29	30	1	4	1
1222	132	34	36	1	2	1
1223	598	7	10	3	1	1
1224	569	2	5	2	4	1
1225	340	27	29	3	2	2
1226	699	33	34	1	4	2
1227	22	34	37	3	1	3
1228	415	35	37	1	4	1
1229	140	28	29	3	4	2
1230	560	30	31	1	2	1
1231	121	24	27	1	3	2
1232	895	16	17	3	2	2
1233	373	37	38	1	1	3
1234	1291	20	21	3	1	2
1235	818	31	34	2	1	2
1236	1354	4	6	1	2	2
1237	152	27	29	2	3	2
1238	370	5	7	3	1	3
1239	861	2	3	2	1	3
1240	1186	20	22	1	4	3
1241	70	5	7	2	4	1
1242	668	32	35	2	2	1
1243	1340	21	23	3	1	1
1244	194	11	12	1	4	1
1245	1019	5	6	3	4	1
1246	304	14	15	2	4	1
1247	852	12	15	1	2	1
1248	341	17	20	3	1	3
1249	138	30	32	1	4	1
1250	161	36	37	1	2	2
1251	845	16	19	3	1	3
1252	644	25	26	1	3	2
1253	410	21	24	3	1	1
1254	1094	31	34	1	4	1
1255	1302	35	38	1	4	2
1256	1117	28	29	3	2	1
1257	924	9	11	3	4	3
1258	601	15	18	2	2	1
1259	960	35	38	1	3	2
1260	637	12	14	1	1	1
1261	800	1	2	1	1	3
1262	921	28	29	2	4	2
1263	1277	25	28	2	3	2
1264	296	16	17	1	1	3
1265	611	35	36	1	4	2
1266	193	15	16	2	2	1
1267	445	36	39	1	2	2
1268	577	11	13	1	3	3
1269	1052	34	36	1	4	3
1270	826	28	29	3	3	1
1271	669	20	21	2	1	1
1272	169	16	17	1	3	2
1273	645	15	16	1	3	3
1274	1101	32	35	2	2	2
1275	693	33	36	2	2	1
1276	122	9	11	3	1	1
1277	1119	13	16	1	2	1
1278	25	29	31	2	4	3
1279	1120	23	26	2	4	3
1280	242	28	30	1	1	3
1281	680	8	9	3	4	3
1282	98	30	32	2	2	1
1283	815	13	15	3	3	1
1284	1278	32	34	3	2	1
1285	400	19	22	3	4	2
1286	327	32	35	2	3	2
1287	615	27	30	1	2	2
1288	320	12	15	3	4	2
1289	998	20	22	1	3	2
1290	231	1	3	3	3	1
1291	916	12	15	2	2	1
1292	462	23	25	1	3	2
1293	181	24	26	2	4	1
1294	1106	33	35	3	4	1
1295	279	24	26	2	4	2
1296	379	19	22	3	2	1
1297	76	32	35	1	4	3
1298	1234	24	26	2	3	1
1299	1092	1	3	2	4	2
1300	33	24	25	1	4	2
1301	475	27	29	3	2	2
1302	1363	2	4	2	4	1
1303	832	3	6	1	2	2
1304	174	1	4	2	2	1
1305	996	20	23	2	2	2
1306	329	17	18	2	4	3
1307	962	20	23	1	4	2
1308	916	34	37	2	2	1
1309	273	5	8	2	4	3
1310	1034	1	3	2	1	2
1311	944	16	18	3	1	1
1312	1178	8	9	1	4	3
1313	284	18	19	1	1	1
1314	486	19	21	3	2	1
1315	1055	16	18	3	1	1
1316	817	3	5	2	2	2
1317	1061	3	5	2	3	3
1318	1074	30	33	1	3	2
1319	1211	21	23	3	1	3
1320	1171	23	25	1	4	3
1321	910	28	29	2	2	2
1322	574	10	11	1	2	1
1323	873	26	27	2	4	1
1324	460	17	18	2	2	1
1325	83	28	31	1	4	1
1326	765	29	32	1	3	3
1327	919	5	6	3	1	3
1328	1059	8	9	1	1	2
1329	243	34	37	1	3	1
1330	729	3	5	3	4	2
1331	416	7	9	1	4	1
1332	425	23	25	3	1	1
1333	184	30	33	3	4	3
1334	770	1	2	2	2	2
1335	1176	37	38	2	4	2
1336	483	34	37	3	4	1
1337	510	31	32	1	3	1
1338	543	16	17	2	3	2
1339	1344	18	19	1	3	3
1340	1327	5	7	3	3	3
1341	484	1	2	3	3	3
1342	511	20	21	3	2	1
1343	1141	19	20	2	1	1
1344	680	14	15	2	2	1
1345	462	36	38	1	4	1
1346	137	26	29	3	2	1
1347	358	21	24	1	3	2
1348	395	20	22	2	2	2
1349	1085	34	35	2	1	1
1350	322	19	22	2	3	3
1351	158	17	18	2	4	3
1352	947	25	27	3	2	1
1353	506	17	18	2	3	2
1354	1228	21	22	1	3	1
1355	488	18	20	3	3	3
1356	165	22	25	3	1	2
1357	114	3	6	3	1	2
1358	994	11	13	2	3	3
1359	106	15	17	1	4	2
1360	1318	31	34	1	2	1
1361	804	3	4	1	3	1
1362	388	22	23	2	3	3
1363	164	32	35	3	4	1
1364	1089	29	30	2	4	1
1365	206	26	28	3	2	1
1366	244	21	22	1	2	1
1367	551	3	5	1	4	3
1368	1195	9	12	1	3	1
1369	1132	27	29	2	2	2
1370	498	20	21	2	1	1
1371	678	22	25	3	4	1
1372	102	20	21	3	3	3
1373	1045	29	31	1	2	2
1374	1336	30	31	3	3	1
1375	108	7	8	1	3	1
1376	1254	30	31	2	4	1
1377	338	23	26	2	2	2
1378	1308	19	20	3	1	1
1379	446	6	8	2	2	1
1380	888	10	13	2	1	2
1381	709	33	34	2	2	2
1382	159	16	17	3	4	1
1383	1332	20	21	1	1	3
1384	604	14	15	2	1	3
1385	887	5	6	3	4	1
1386	799	19	20	1	3	3
1387	155	33	35	2	3	1
1388	414	2	4	2	2	1
1389	1073	27	28	2	1	2
1390	1231	35	38	2	4	1
1391	983	2	3	1	2	1
1392	249	20	23	3	2	2
1393	761	1	3	3	2	2
1394	1135	24	26	1	2	1
1395	516	27	28	2	4	3
1396	157	22	25	3	1	3
1397	781	30	32	1	2	2
1398	365	14	15	1	1	3
1399	224	7	10	2	1	2
1400	768	30	32	1	1	3
1401	201	36	38	1	2	1
1402	969	35	36	2	3	3
1403	906	19	21	2	1	2
1404	1004	22	25	3	3	1
1405	1153	13	14	1	1	2
1406	548	1	3	2	1	1
1407	36	35	38	2	3	3
1408	1264	15	18	3	4	2
1409	520	4	6	1	1	2
1410	46	29	32	2	1	1
1411	727	25	27	1	2	2
1412	972	14	16	2	2	2
1413	95	9	10	1	3	3
1414	899	14	17	3	1	3
1415	1100	3	5	1	3	1
1416	1356	9	11	2	2	1
1417	268	27	30	3	3	3
1418	408	33	36	2	1	3
1419	1259	17	19	1	3	2
1420	21	11	12	2	1	1
1421	670	8	9	2	3	3
1422	491	8	11	2	3	1
1423	934	21	24	2	2	1
1424	107	5	8	1	4	3
1425	612	32	33	1	1	2
1426	1029	29	32	3	1	3
1427	1255	14	16	1	2	2
1428	116	7	9	3	1	2
1429	1174	10	11	1	4	2
1430	563	34	37	1	1	2
1431	145	16	18	1	3	2
1432	223	31	34	2	3	2
1433	700	15	16	3	3	2
1434	909	33	35	3	3	2
1435	75	10	13	1	2	2
1436	546	29	31	2	3	1
1437	485	28	30	1	1	1
1438	525	24	27	2	1	2
1439	105	15	18	3	4	3
1440	713	19	20	3	4	3
1441	23	19	22	2	2	2
1442	467	25	26	1	1	1
1443	689	31	34	2	2	1
1444	16	7	10	1	3	3
1445	1212	2	5	1	4	1
1446	1028	18	21	1	1	1
1447	1299	5	7	3	1	3
1448	763	30	31	1	2	1
1449	302	13	15	1	4	1
1450	298	38	39	1	2	1
1451	14	17	18	3	2	1
1452	773	9	11	1	2	2
1453	99	21	23	3	4	3
1454	735	29	31	3	1	3
1455	716	30	32	1	2	1
1456	1286	32	33	3	3	3
1457	113	20	22	1	2	1
1458	806	1	2	3	1	1
1459	433	29	32	1	3	2
1460	549	18	20	3	4	2
1461	1072	34	37	1	1	2
1462	889	3	6	2	4	2
1463	427	11	14	3	2	1
1464	1088	12	13	3	1	2
1465	69	28	31	2	4	1
1466	749	22	25	1	4	2
1467	47	34	36	2	1	2
1468	830	23	26	3	3	1
1469	876	22	25	1	3	1
1470	1270	10	13	1	3	1
1471	345	11	14	1	3	3
1472	677	9	12	3	4	2
1473	518	33	36	3	2	1
1474	1131	36	37	1	2	2
1475	558	9	10	3	2	1
1476	672	23	24	3	1	2
1477	1323	31	34	1	1	1
1478	239	25	28	1	1	2
1479	1331	33	35	1	1	3
1480	1169	36	37	2	4	2
1481	1213	23	24	1	4	3
1482	10	3	4	2	4	2
1483	1325	20	21	1	3	3
1484	1130	24	26	1	4	2
1485	849	17	19	2	4	3
1486	851	11	13	2	1	2
1487	482	22	25	2	1	3
1488	198	3	6	2	2	1
1489	592	31	32	3	4	3
1490	1193	2	4	1	3	3
1491	1365	21	22	3	2	2
1492	378	23	25	1	4	2
1493	759	20	22	1	3	2
1494	842	23	25	3	1	1
1495	103	26	28	3	4	1
1496	153	13	15	1	4	3
1497	720	33	36	1	2	1
1498	1216	29	31	2	1	2
1499	1053	25	28	3	2	1
1500	417	34	37	1	4	2

