DATASET = ORTEC-hidden instance set VeRoLog competition
NAME = vehicle days over tools over vehicles over distance with 2000 requests over 50 days

DAYS = 50
CAPACITY = 35
MAX_TRIP_DISTANCE = 16000
DEPOT_COORDINATE = 0

VEHICLE_COST = 3000
VEHICLE_DAY_COST = 50000000
DISTANCE_COST = 1

TOOLS = 4
1	9	72	500000
2	9	74	200000
3	6	76	400000
4	9	70	100000

COORDINATES = 1793
0	3976	3992
1	8284	6131
2	7450	6132
3	7550	6136
4	8838	6142
5	9133	6146
6	5701	6147
7	8803	6151
8	8209	6152
9	8025	6165
10	7802	6168
11	8975	6171
12	3496	6175
13	4289	6176
14	4275	6176
15	8736	6181
16	9432	6187
17	7604	6191
18	9092	6192
19	8172	6195
20	8317	6142
21	9037	6199
22	7376	6202
23	8220	6223
24	3615	6225
25	8982	6227
26	7726	6228
27	7650	6229
28	8234	6229
29	7527	6249
30	8731	6251
31	7231	6257
32	8109	6259
33	8582	6262
34	8153	6153
35	8275	6267
36	8105	6278
37	4320	6284
38	7700	6290
39	8725	6298
40	7895	6301
41	8247	6309
42	8157	6164
43	6794	6331
44	7846	6340
45	3490	6356
46	4118	6170
47	8269	6368
48	7200	1936
49	6309	2164
50	7651	6376
51	3500	6386
52	8344	6390
53	3548	6393
54	6903	8573
55	3823	6398
56	3572	6410
57	6650	8181
58	3943	6418
59	8468	6429
60	7816	6432
61	1452	2175
62	7807	6435
63	7720	6439
64	6918	6441
65	8496	6446
66	8599	6447
67	6763	2339
68	6895	6454
69	8590	6455
70	3973	6457
71	8567	6467
72	8286	6473
73	8173	6477
74	8049	6484
75	3845	6487
76	4073	6488
77	4351	6492
78	8330	6491
79	7809	6191
80	6013	6496
81	8080	6500
82	7089	6193
83	8683	6504
84	8117	6506
85	6020	2188
86	7567	6516
87	3351	6528
88	7528	6534
89	3737	6535
90	7500	6549
91	7448	6550
92	3837	6556
93	3754	6559
94	8262	6560
95	7423	6562
96	4435	4200
97	7450	6568
98	4262	6571
99	5537	6577
100	7286	6587
101	7349	6589
102	3465	6593
103	8443	6593
104	8197	6594
105	8721	6595
106	7373	6605
107	7349	6609
108	7666	6614
109	8574	6621
110	8369	6623
111	7550	6636
112	3667	6639
113	7590	6648
114	3411	6663
115	7414	6666
116	4190	6670
117	7685	6673
118	7880	6677
119	8716	6680
120	7863	6686
121	4072	6690
122	7828	6696
123	3790	6700
124	8668	6702
125	8579	6708
126	8111	6709
127	8388	6713
128	7978	6724
129	3567	6727
130	7002	6731
131	8479	6736
132	7819	6739
133	8331	6741
134	8604	6749
135	3692	6750
136	6599	6754
137	8625	6763
138	4180	6765
139	3979	6765
140	3702	6786
141	3330	6790
142	7348	6801
143	7689	6803
144	8598	6808
145	7574	6812
146	8205	6813
147	7962	6818
148	8442	6824
149	8661	6836
150	7129	6837
151	8737	6842
152	8479	6842
153	8339	6843
154	3492	6847
155	3847	6851
156	8062	6851
157	4140	6859
158	8084	6859
159	3787	6868
160	4281	4251
161	7016	6889
162	4010	6896
163	4153	6897
164	7715	6899
165	5019	2754
166	4226	6906
167	8443	6917
168	9658	6930
169	8750	6934
170	9459	6941
171	9426	6941
172	3471	6949
173	7481	6950
174	8720	6954
175	3957	4266
176	7794	6961
177	9024	6963
178	6777	6969
179	4207	6974
180	4064	6977
181	8412	6979
182	8144	6988
183	8426	6993
184	8741	7001
185	8440	7003
186	6313	7009
187	9168	7020
188	8780	7027
189	6890	7028
190	8754	7035
191	8157	7058
192	6871	7060
193	8759	7067
194	8801	7069
195	4012	7073
196	8764	7077
197	3995	7081
198	6793	7082
199	8857	7087
200	6127	8764
201	8766	7097
202	8492	7102
203	8542	7105
204	4528	2361
205	7738	7111
206	6749	7114
207	7153	7116
208	8138	7124
209	3506	7127
210	4010	7131
211	8750	7131
212	8903	7132
213	4316	7136
214	3985	7146
215	6693	6301
216	7246	7154
217	5891	7163
218	3882	7199
219	4353	7203
220	8985	7209
221	4244	7221
222	4032	7224
223	7546	7228
224	9179	7229
225	8998	7231
226	6839	7232
227	4147	7233
228	8794	7235
229	7594	7240
230	4219	7248
231	7576	7249
232	7896	7254
233	8539	7256
234	8058	7258
235	7349	7258
236	7625	7259
237	4913	7263
238	4951	7265
239	7367	7268
240	7385	7270
241	3447	7271
242	4042	7271
243	8205	7278
244	3527	7281
245	7447	7281
246	7654	7289
247	8268	7290
248	7416	7294
249	7522	7297
250	6719	7299
251	3919	7301
252	4054	7307
253	6693	7312
254	6909	7317
255	7090	7322
256	8054	7326
257	7480	7327
258	6671	7329
259	5406	4327
260	7521	7330
261	4521	7332
262	8928	7347
263	8887	7355
264	3845	7358
265	3779	7367
266	7311	4371
267	3509	7381
268	6382	7381
269	7256	7390
270	6954	7398
271	8050	7403
272	3615	7408
273	6549	2338
274	3810	7428
275	8011	7434
276	4177	7438
277	6494	7576
278	8342	6350
279	9015	7445
280	6952	7451
281	3928	4348
282	6565	7461
283	8096	7476
284	8365	7480
285	7765	7483
286	6845	7488
287	9078	7493
288	9628	7502
289	6795	7530
290	3807	7532
291	3542	7541
292	7390	7558
293	6595	7558
294	3785	7564
295	7253	7573
296	8247	7576
297	4513	7581
298	3750	7588
299	6887	7589
300	3796	7596
301	7734	7611
302	8349	7616
303	7920	7617
304	3908	7618
305	6941	7620
306	6507	7633
307	4486	7639
308	7400	7643
309	8145	7643
310	7264	7649
311	7994	7657
312	7501	7663
313	8035	7667
314	372	2818
315	8924	7675
316	8125	7678
317	6430	7690
318	9296	7694
319	9458	7697
320	8389	7699
321	7568	7700
322	7525	7701
323	7080	7704
324	5980	7715
325	6290	7720
326	6413	7726
327	6804	7728
328	9558	7735
329	5806	7737
330	8076	7740
331	4498	7743
332	7156	7744
333	8008	7747
334	6173	7748
335	5856	7751
336	7102	7752
337	5348	7763
338	6719	7773
339	8364	7777
340	3922	4402
341	8968	7799
342	6763	7802
343	8362	7816
344	6816	7820
345	5545	7829
346	6079	7846
347	3648	4414
348	6582	7853
349	4142	7853
350	6025	7865
351	8706	7868
352	6934	7869
353	3700	2414
354	6036	7875
355	8300	7876
356	7047	7876
357	9670	8427
358	5419	7894
359	5370	7907
360	6875	7921
361	6800	7923
362	8364	7936
363	5478	8436
364	7625	8437
365	8872	7950
366	4189	7953
367	6362	7953
368	4357	4433
369	5680	7966
370	6271	7981
371	6716	7987
372	6586	7989
373	6603	7997
374	7136	7998
375	6902	7999
376	5920	8003
377	7005	8004
378	6624	8005
379	8197	5593
380	7829	8448
381	7202	8018
382	5898	8020
383	7259	4442
384	8219	8022
385	7437	8025
386	7114	8029
387	6440	8451
388	5591	8039
389	6948	8048
390	6370	8066
391	7590	8074
392	7634	8077
393	7480	6455
394	6173	8081
395	9375	8084
396	6237	8087
397	7712	8093
398	6911	8098
399	9628	8103
400	6539	8109
401	7128	8116
402	8246	4460
403	8416	8128
404	7409	8130
405	6210	8134
406	7278	8135
407	6022	8135
408	5896	8147
409	7561	8156
410	6126	8158
411	6300	8159
412	6232	8181
413	5908	8186
414	6402	8188
415	9048	8192
416	6272	8193
417	5961	8208
418	9249	8209
419	9379	6000
420	6472	8233
421	7544	8234
422	7505	4478
423	8803	8239
424	6933	8261
425	6102	8261
426	7715	8261
427	6135	8270
428	8776	8277
429	8045	8283
430	6137	8286
431	6939	8289
432	9491	8291
433	6853	8295
434	7501	8298
435	5902	8302
436	6537	8302
437	6810	8318
438	5371	8319
439	2450	4494
440	7174	8333
441	3746	5068
442	5346	8350
443	2549	4498
444	7259	8356
445	3908	4501
446	5467	8372
447	8529	4501
448	7616	8378
449	9773	8392
450	5861	8397
451	8118	4505
452	5612	8399
453	6552	8401
454	7459	8412
455	6653	8415
456	6856	8421
457	8200	8422
458	6381	8424
459	5814	8432
460	8734	8520
461	7054	8450
462	9658	8451
463	6089	8455
464	7716	8459
465	8864	8461
466	5985	8479
467	7010	8479
468	7697	4519
469	6483	8484
470	6018	8485
471	8887	8486
472	6814	8487
473	3651	8492
474	7581	8498
475	6886	8503
476	7335	8505
477	5873	8508
478	6201	8508
479	6128	8509
480	7239	8532
481	4001	6528
482	6729	8516
483	7797	8520
484	9533	8520
485	7092	8522
486	6834	8524
487	5943	8525
488	6484	8538
489	6846	8539
490	9552	8539
491	8385	8553
492	5571	8559
493	5790	8560
494	7780	8565
495	8528	8566
496	6332	8568
497	6112	8569
498	9755	8571
499	8460	8573
500	8044	8580
501	6396	6539
502	8243	4536
503	8211	8595
504	3933	8596
505	6296	8596
506	4575	4539
507	6593	8600
508	8478	8612
509	5527	8548
510	6166	8621
511	7792	8621
512	6391	8625
513	7446	8632
514	8441	8637
515	8437	8640
516	3931	4414
517	9987	8650
518	3793	8662
519	7876	8667
520	6278	8670
521	8273	8681
522	8739	4553
523	7899	8687
524	5331	4554
525	9861	8690
526	8277	8691
527	7625	8693
528	7242	8694
529	6262	8696
530	5678	8698
531	7680	8702
532	6430	8705
533	7736	8716
534	7496	8720
535	6742	8724
536	7001	8729
537	6433	8755
538	6211	8759
539	6494	8764
540	7463	2566
541	5415	8784
542	5625	8789
543	8074	8793
544	6824	8794
545	4972	4574
546	6006	8815
547	6602	8819
548	6669	8828
549	7525	8833
550	6941	8852
551	7106	8854
552	7564	8855
553	5921	8867
554	5825	2584
555	7080	8889
556	5928	8899
557	7531	8901
558	5568	8909
559	7206	8917
560	5847	8924
561	3764	6597
562	6979	6597
563	7373	8935
564	6765	8939
565	7627	4599
566	9336	8963
567	7628	8963
568	5973	8965
569	7529	8971
570	3162	2599
571	6852	8990
572	7240	8993
573	7531	8998
574	7986	9007
575	7795	9012
576	7751	9013
577	5720	8615
578	7888	9019
579	5496	9020
580	7965	9022
581	6773	9031
582	6666	9042
583	3820	4614
584	8830	9056
585	8201	9064
586	5988	8624
587	5600	9085
588	6703	9090
589	7792	4620
590	6893	8831
591	8185	9094
592	7675	9095
593	6358	9104
594	6924	9106
595	6072	9107
596	6048	9127
597	7675	9136
598	9700	9138
599	7751	9147
600	6361	9149
601	8832	9156
602	7628	9168
603	8125	9168
604	9737	8641
605	7661	9185
606	6815	9186
607	6597	9188
608	5844	9196
609	8311	9196
610	8601	7633
611	8706	9200
612	7928	9209
613	7537	4643
614	8756	9235
615	7875	9239
616	5700	8653
617	6674	9242
618	8967	9242
619	7574	9247
620	6827	8654
621	6374	9255
622	6141	9271
623	8611	9272
624	8551	9287
625	7382	9291
626	8185	9296
627	8313	9297
628	6956	9298
629	7685	9305
630	9638	8272
631	6488	9308
632	5697	6662
633	8951	9321
634	7464	9323
635	8010	9323
636	7082	9327
637	6725	9329
638	9212	9338
639	6943	9340
640	8838	9345
641	6921	9347
642	9193	9353
643	8115	9362
644	8868	9369
645	6655	9373
646	8624	9374
647	8707	9376
648	6597	9383
649	8326	9384
650	7171	9389
651	6556	9396
652	8226	9403
653	7006	9424
654	4059	4678
655	8491	9461
656	6681	9464
657	9189	9464
658	6162	8690
659	8995	9471
660	7091	9474
661	6935	9479
662	9152	9482
663	8418	9485
664	8213	8694
665	7102	9496
666	7102	9504
667	7951	9506
668	9209	9509
669	8474	6043
670	8122	8699
671	8393	9531
672	7040	9539
673	7257	9542
674	5608	2694
675	6909	9562
676	8563	9572
677	8997	9575
678	8286	9586
679	4976	9605
680	7282	9626
681	8495	9631
682	7085	9637
683	5076	9654
684	5105	9672
685	3790	5249
686	4808	2724
687	7202	6734
688	694	2732
689	6474	8742
690	8632	9780
691	5162	2737
692	8337	4748
693	8551	4750
694	6196	8764
695	6585	2759
696	7291	9976
697	7410	9989
698	7352	10000
699	8468	4778
700	9400	6061
701	2567	2779
702	5211	2784
703	5108	2786
704	7419	2787
705	5901	8800
706	4492	2798
707	8165	6808
708	3866	2801
709	6363	1663
710	7939	6818
711	4061	4816
712	4162	6821
713	7658	8073
714	4130	5078
715	2871	4850
716	5367	2855
717	650	2864
718	6169	7680
719	5827	2877
720	8114	4882
721	6519	6888
722	6948	8681
723	8770	6891
724	7714	4890
725	8786	4882
726	8626	8899
727	2770	4894
728	5445	2890
729	4173	6900
730	7767	9287
731	3564	4899
732	5153	5285
733	6503	2902
734	6952	6913
735	5585	7873
736	8837	4887
737	6620	8490
738	7312	6922
739	4046	2933
740	7457	6943
741	9501	7643
742	3972	4950
743	8125	8967
744	5996	2959
745	8728	4966
746	4273	4498
747	7385	6971
748	8650	5698
749	5299	4978
750	7932	4980
751	5795	2983
752	8627	4988
753	7608	7304
754	4525	5143
755	3971	4994
756	8308	6105
757	8453	7003
758	7724	6506
759	7860	5017
760	5929	9032
761	3559	7029
762	7124	9488
763	8042	9056
764	3885	4115
765	3969	5058
766	5457	8521
767	4159	5076
768	3231	5078
769	6818	2519
770	7621	9097
771	2848	3091
772	4687	7101
773	9064	5098
774	4528	7106
775	4676	3104
776	6110	45
777	6355	73
778	8081	9128
779	6356	3120
780	7599	5125
781	6695	118
782	6398	134
783	3165	5133
784	9122	5132
785	8718	6132
786	6526	160
787	7327	5139
788	8043	5142
789	6959	5144
790	4658	5147
791	6502	226
792	6850	241
793	6925	253
794	4279	3150
795	6530	269
796	6668	306
797	6786	9169
798	6451	319
799	6840	330
800	8738	5165
801	7560	4370
802	8700	5176
803	6535	409
804	6559	426
805	6519	435
806	6769	3183
807	6592	469
808	4509	3186
809	6336	483
810	7731	9198
811	4712	3193
812	8379	5196
813	7300	5199
814	6648	543
815	7797	9207
816	6337	603
817	7989	7214
818	6426	664
819	8296	5221
820	8794	5224
821	6560	718
822	5504	3227
823	6182	755
824	7731	5248
825	4108	3245
826	8378	5249
827	7400	5250
828	6429	911
829	1168	2957
830	6120	3262
831	8778	7271
832	8630	5759
833	8135	5275
834	9413	5284
835	3519	4164
836	6733	1168
837	6405	1175
838	7057	5068
839	2942	4966
840	6435	1187
841	8654	9315
842	6885	1288
843	6461	6170
844	6774	1324
845	6936	3326
846	7844	9337
847	8024	5333
848	6991	1359
849	6397	9345
850	7346	9347
851	8697	5342
852	6648	3341
853	4011	3344
854	8452	5348
855	3679	5352
856	6800	1462
857	6461	3350
858	6933	1470
859	6576	7359
860	2993	4976
861	3984	3357
862	3509	7380
863	6971	1606
864	6005	1647
865	7576	5386
866	6246	1677
867	6458	1685
868	6934	3387
869	6499	7403
870	4679	2983
871	5668	5402
872	6236	1765
873	8452	5785
874	1426	1775
875	1564	1805
876	6841	1813
877	6938	7417
878	6392	1844
879	7558	4988
880	6817	1872
881	7149	1876
882	7358	8191
883	5114	1882
884	5847	1908
885	6472	1915
886	5123	1918
887	1796	2589
888	0	1922
889	3615	3430
890	5114	1949
891	5463	1959
892	3035	2991
893	6752	9450
894	6385	2006
895	8055	5446
896	7410	5448
897	8443	9455
898	5257	2056
899	6245	2082
900	6270	2083
901	5719	2086
902	6213	2088
903	7170	2093
904	850	2096
905	7991	5462
906	6510	2118
907	5295	2129
908	5489	2130
909	5743	2134
910	4244	4597
911	5127	2154
912	6175	2158
913	6482	2161
914	1548	2169
915	7566	7475
916	3517	6200
917	6085	2191
918	6319	2204
919	5843	2208
920	6237	2230
921	6089	2231
922	6104	2234
923	5227	2237
924	5194	2239
925	6382	2244
926	5294	2264
927	4786	2269
928	5015	2277
929	6272	2278
930	4809	2300
931	6403	2302
932	6251	2318
933	6310	2325
934	5392	2351
935	2043	2355
936	5125	2357
937	7723	5504
938	4879	2379
939	6841	7511
940	6314	2394
941	6942	2400
942	2517	2407
943	6030	2422
944	2022	2469
945	6888	7525
946	1120	2476
947	2645	2485
948	4988	2491
949	3963	2499
950	2622	2503
951	4109	2504
952	6142	2507
953	2593	2525
954	3126	2532
955	3055	2534
956	3869	2553
957	3174	2561
958	4241	2577
959	5151	2579
960	3385	2580
961	3279	2595
962	2660	2607
963	4220	2615
964	904	2619
965	5846	2625
966	4600	2627
967	7105	2633
968	2769	2643
969	6291	2645
970	4674	2648
971	2812	2650
972	4592	2657
973	4470	2660
974	6781	2667
975	6942	2673
976	2510	2674
977	4557	2678
978	6427	2679
979	5047	2681
980	3322	2684
981	8436	5556
982	4832	3555
983	3805	2695
984	7170	2713
985	3240	2715
986	3822	2716
987	6124	2720
988	6225	2721
989	5155	2728
990	2936	2734
991	4552	2736
992	3706	2740
993	6974	7569
994	3618	2760
995	5484	3567
996	4804	2778
997	5723	2779
998	6010	2782
999	4254	2785
1000	2955	2789
1001	3822	2792
1002	4802	2792
1003	685	2795
1004	4087	2799
1005	2930	2804
1006	5273	2805
1007	4207	5577
1008	256	2814
1009	5836	2819
1010	7645	7583
1011	7058	2825
1012	4278	2826
1013	3168	2830
1014	4073	2832
1015	8105	7822
1016	369	2841
1017	5728	2846
1018	516	2850
1019	5831	2850
1020	6469	2855
1021	3324	4164
1022	5402	2862
1023	5008	2870
1024	6741	2870
1025	3084	2878
1026	4810	2880
1027	6112	2881
1028	1930	2884
1029	4051	2888
1030	633	2890
1031	3327	2890
1032	300	2895
1033	5991	2895
1034	4767	2900
1035	2505	2903
1036	4005	2911
1037	2517	2932
1038	2332	2935
1039	4746	2936
1040	638	2937
1041	3562	2940
1042	2990	2953
1043	4144	2958
1044	1913	2960
1045	3973	2963
1046	1194	2969
1047	3946	2977
1048	6290	2979
1049	5221	2994
1050	5544	2999
1051	5067	3004
1052	8507	5611
1053	6448	3014
1054	5745	3022
1055	5475	3031
1056	4139	7619
1057	6540	3037
1058	1012	3038
1059	5322	3039
1060	6813	3050
1061	6227	3059
1062	6465	3060
1063	5005	3060
1064	5981	3064
1065	4990	3065
1066	5522	3067
1067	6085	3078
1068	5940	3079
1069	6341	6230
1070	6121	3088
1071	6241	3090
1072	6373	3091
1073	3073	3096
1074	4563	3104
1075	6360	3106
1076	4674	3108
1077	4093	3113
1078	2685	3119
1079	5752	3119
1080	8196	5629
1081	6878	3123
1082	5527	3127
1083	4933	3128
1084	5302	3429
1085	6255	3135
1086	3207	3138
1087	6495	8634
1088	4578	3170
1089	2873	3172
1090	6259	3175
1091	6339	3178
1092	4269	3180
1093	3488	3185
1094	5861	3186
1095	5628	3188
1096	6028	3189
1097	1696	3193
1098	2753	3204
1099	3736	3213
1100	1504	3221
1101	2978	3223
1102	4917	3231
1103	6511	3239
1104	5786	3239
1105	6560	3246
1106	2953	3252
1107	6080	3261
1108	6003	3266
1109	4834	3271
1110	4037	3276
1111	6522	3280
1112	3390	3282
1113	4466	3653
1114	2793	3295
1115	5697	3295
1116	3699	3308
1117	6402	3322
1118	5953	3324
1119	4864	3330
1120	5169	3339
1121	1605	3347
1122	6506	3348
1123	4321	3350
1124	1756	3355
1125	4655	3359
1126	1397	3361
1127	4714	3361
1128	4246	3367
1129	5749	3369
1130	5548	3377
1131	4030	3380
1132	5647	3388
1133	3316	3388
1134	5579	3391
1135	6562	3394
1136	4093	3395
1137	5343	3399
1138	5639	3401
1139	5565	3402
1140	3971	3403
1141	2828	3410
1142	4053	3412
1143	4048	3414
1144	6418	3420
1145	5564	3426
1146	3972	3429
1147	6631	3437
1148	5269	3448
1149	4581	3456
1150	6509	3459
1151	6355	3469
1152	8527	5687
1153	2331	3476
1154	6514	3480
1155	5656	3483
1156	5580	3484
1157	2244	3488
1158	4208	3490
1159	4078	3490
1160	4511	3494
1161	4487	3500
1162	5259	3689
1163	3584	3505
1164	5445	3507
1165	5819	4243
1166	8663	6644
1167	1855	3527
1168	5938	3536
1169	8674	6645
1170	4666	3546
1171	9532	5844
1172	4294	3554
1173	4228	3564
1174	4222	3568
1175	4710	3570
1176	4646	3584
1177	4847	3590
1178	6853	5708
1179	5395	3598
1180	4888	3707
1181	4267	3616
1182	4880	3623
1183	5926	3629
1184	7512	5714
1185	5866	3632
1186	5851	3647
1187	6021	3670
1188	5374	3677
1189	4974	3686
1190	6822	3689
1191	8028	5449
1192	4444	3703
1193	6156	3708
1194	4986	3722
1195	1951	3729
1196	4874	3738
1197	6251	3742
1198	4262	3745
1199	4706	3747
1200	6079	3748
1201	5804	3750
1202	5794	3753
1203	6786	3759
1204	6021	3762
1205	5382	3768
1206	2939	3771
1207	6000	7741
1208	6260	3774
1209	5171	3776
1210	1739	3785
1211	6685	5740
1212	1799	3791
1213	5563	3805
1214	4413	3811
1215	5365	3815
1216	9052	5854
1217	4429	3832
1218	5759	3853
1219	5432	3887
1220	1546	3895
1221	5727	3905
1222	4433	3928
1223	6097	3948
1224	5402	3962
1225	5036	3977
1226	6734	3979
1227	4737	3983
1228	3916	3988
1229	9384	7777
1230	6722	3997
1231	6793	3997
1232	4994	3999
1233	5587	4000
1234	4000	4010
1235	5072	4010
1236	6143	4013
1237	7294	4016
1238	7811	4018
1239	6652	4024
1240	1906	4033
1241	5162	4050
1242	4142	4059
1243	7879	4060
1244	3970	4064
1245	4501	4064
1246	4020	4075
1247	5770	4080
1248	1929	4085
1249	1879	4096
1250	3871	4115
1251	4193	4125
1252	7981	9466
1253	4107	4133
1254	4052	4138
1255	5277	3796
1256	5868	4146
1257	4076	4147
1258	3713	4876
1259	6995	4157
1260	4065	4158
1261	6219	4164
1262	7274	6266
1263	7549	8337
1264	5217	4168
1265	7150	7807
1266	3688	4172
1267	4074	4179
1268	4031	4186
1269	5009	4196
1270	3997	4208
1271	3547	4212
1272	4133	4214
1273	4864	4216
1274	3858	4217
1275	7543	5467
1276	3426	4229
1277	8193	4232
1278	4320	4234
1279	8315	4234
1280	4740	4235
1281	4151	4236
1282	3809	4241
1283	3481	4242
1284	4480	4243
1285	8068	4242
1286	3688	4252
1287	8180	4251
1288	8565	4252
1289	8764	4254
1290	4935	4257
1291	8250	4258
1292	4274	4260
1293	8821	4266
1294	5470	4267
1295	3984	4269
1296	4666	4272
1297	6227	4273
1298	6210	4274
1299	3294	4283
1300	8328	4283
1301	8702	4285
1302	6091	4286
1303	8607	4288
1304	4573	4289
1305	5347	7828
1306	6222	4296
1307	4291	4301
1308	4216	4301
1309	8164	4302
1310	8504	4308
1311	6779	4314
1312	8299	4319
1313	8524	4327
1314	3626	4329
1315	8572	4329
1316	4687	4337
1317	5009	4339
1318	6020	4344
1319	3467	4346
1320	6289	4347
1321	6309	4352
1322	4468	4356
1323	6010	4359
1324	3757	4360
1325	2493	4371
1326	4749	4380
1327	8396	4384
1328	3338	4387
1329	6215	4389
1330	6351	4391
1331	4642	4393
1332	7132	4394
1333	8607	4407
1334	8519	4411
1335	6421	4413
1336	7048	7849
1337	3944	4422
1338	2578	4428
1339	2414	4432
1340	7242	4438
1341	6969	4444
1342	2467	4446
1343	8270	4449
1344	3617	4450
1345	8606	4459
1346	7282	4461
1347	3678	4464
1348	8467	4469
1349	3851	4473
1350	3489	4477
1351	3527	4490
1352	7200	4491
1353	5738	4499
1354	3908	4500
1355	9356	5859
1356	6904	4501
1357	8467	4505
1358	8030	4510
1359	4757	4515
1360	8504	4531
1361	3427	4536
1362	7878	4537
1363	2387	4542
1364	9577	5866
1365	3342	4545
1366	4855	4545
1367	6839	4551
1368	8587	4554
1369	4731	4557
1370	4875	4559
1371	8675	4559
1372	8516	4563
1373	8568	4564
1374	7703	4567
1375	4595	4571
1376	4368	4573
1377	2891	4592
1378	8624	4594
1379	8838	4596
1380	7703	4604
1381	4939	4606
1382	3717	4620
1383	3831	4625
1384	3859	4626
1385	7957	4632
1386	7646	4642
1387	7987	4646
1388	8399	4655
1389	8637	4657
1390	7756	4662
1391	7261	4663
1392	8082	4663
1393	8472	4663
1394	8540	4671
1395	8730	4677
1396	8677	4681
1397	4811	4693
1398	8226	4693
1399	7606	4695
1400	7987	4698
1401	9890	7897
1402	8254	4708
1403	3871	4709
1404	3712	4714
1405	8036	4723
1406	3863	4728
1407	8356	4729
1408	3710	4737
1409	8085	4739
1410	8348	4748
1411	4697	4762
1412	8446	4762
1413	8122	4764
1414	5553	4769
1415	8687	4770
1416	8152	4773
1417	5468	4775
1418	4261	4779
1419	8572	4781
1420	4148	4783
1421	6926	5486
1422	7172	4789
1423	7702	4789
1424	8708	4794
1425	4309	4799
1426	4000	4807
1427	4709	4809
1428	3650	4812
1429	8396	4813
1430	8589	4817
1431	5469	4819
1432	7337	4820
1433	7709	4821
1434	7820	4826
1435	5390	4830
1436	8365	4841
1437	4180	4845
1438	7429	4847
1439	3809	4850
1440	8554	4849
1441	4762	4854
1442	3648	4855
1443	4056	4863
1444	4086	4864
1445	3832	4865
1446	8538	4865
1447	2930	4876
1448	4192	4884
1449	5589	4888
1450	4245	4889
1451	5563	4892
1452	5465	4894
1453	5863	4894
1454	8657	4899
1455	3480	4902
1456	2943	4906
1457	8326	4910
1458	5501	4912
1459	7882	4912
1460	7981	4920
1461	7139	4925
1462	2951	4928
1463	7525	4933
1464	7767	4935
1465	8522	4944
1466	5634	4945
1467	4065	4949
1468	7396	4952
1469	8844	5934
1470	2739	4965
1471	3770	4966
1472	8022	4965
1473	5582	4968
1474	7689	5937
1475	8774	4973
1476	3477	4978
1477	8091	4979
1478	3453	4980
1479	3646	4982
1480	5499	4984
1481	3663	4984
1482	8566	4987
1483	7641	4991
1484	8418	5007
1485	5366	5008
1486	9001	5010
1487	8645	5017
1488	7248	5019
1489	8307	5022
1490	3827	5026
1491	7903	5026
1492	9029	5028
1493	9070	5031
1494	7084	5038
1495	7203	5044
1496	7227	5049
1497	7921	5052
1498	4689	5072
1499	8600	5073
1500	3303	5077
1501	8236	5079
1502	7806	5081
1503	4186	5085
1504	9026	5087
1505	4119	5090
1506	7105	5101
1507	3968	5104
1508	7332	5104
1509	7497	5107
1510	9100	5109
1511	4654	5111
1512	3517	5121
1513	5068	3959
1514	4050	5123
1515	7170	5123
1516	4555	5128
1517	4553	5130
1518	5481	5133
1519	3580	5134
1520	8056	5139
1521	7158	5143
1522	3304	5148
1523	8074	5150
1524	3125	5154
1525	8759	5153
1526	8246	5154
1527	7418	7900
1528	4033	5165
1529	8178	5164
1530	8138	5165
1531	7306	5175
1532	7433	5189
1533	7851	5190
1534	7776	5974
1535	4919	5193
1536	4273	5194
1537	8523	5195
1538	9245	5197
1539	8886	5199
1540	9059	5202
1541	3192	5208
1542	3971	5211
1543	4024	5218
1544	3684	5219
1545	8859	5219
1546	9060	5221
1547	4050	5223
1548	8752	5227
1549	8422	5229
1550	7110	5230
1551	5087	5232
1552	3881	5234
1553	8533	5238
1554	7759	5246
1555	8421	5247
1556	7365	5248
1557	8183	5249
1558	7363	5254
1559	8835	5256
1560	4045	5259
1561	7295	5262
1562	5134	5270
1563	8030	5272
1564	4280	5274
1565	3039	5274
1566	7762	5274
1567	8176	5277
1568	3141	5287
1569	7806	5294
1570	8168	4243
1571	4185	5301
1572	8612	5301
1573	8697	5302
1574	8944	5309
1575	8315	5321
1576	8102	5325
1577	8605	5330
1578	6967	5332
1579	7039	5333
1580	3092	5335
1581	7746	5334
1582	7955	5339
1583	7866	5342
1584	4226	5348
1585	8217	5348
1586	8085	5349
1587	3667	4304
1588	8683	5354
1589	8291	5355
1590	8845	5356
1591	4276	5360
1592	7144	5361
1593	5519	5365
1594	8036	5366
1595	7985	5368
1596	3074	5372
1597	8270	5524
1598	8416	5377
1599	7808	5377
1600	8449	5380
1601	3975	5386
1602	6987	5391
1603	8847	5392
1604	9085	5395
1605	7229	5399
1606	2188	4007
1607	7620	5406
1608	7863	5409
1609	7925	5417
1610	4965	4009
1611	7044	5420
1612	5264	4009
1613	9412	5427
1614	7053	5428
1615	6944	5430
1616	5177	5431
1617	7330	5436
1618	8824	5442
1619	7826	6016
1620	8314	5446
1621	4233	5450
1622	8853	5451
1623	8352	5460
1624	9377	5465
1625	8417	5470
1626	8590	5471
1627	7963	5475
1628	8518	5478
1629	7841	5482
1630	6959	5483
1631	4270	5484
1632	4328	5486
1633	3818	5489
1634	8058	5489
1635	7713	5490
1636	7816	5497
1637	9415	5498
1638	7039	5499
1639	8412	5501
1640	7108	5509
1641	5102	5512
1642	4144	5513
1643	8553	5515
1644	8260	5520
1645	5926	4028
1646	4293	5538
1647	7799	5542
1648	4592	5545
1649	7016	3031
1650	9377	5511
1651	8890	5560
1652	4345	5564
1653	5601	4033
1654	7804	5566
1655	7673	5590
1656	6882	5592
1657	4041	5598
1658	8436	5598
1659	9408	6042
1660	4312	5606
1661	8096	5615
1662	8404	5620
1663	8789	5621
1664	7324	5626
1665	7537	5629
1666	7827	5631
1667	6765	5637
1668	7630	5638
1669	7519	5640
1670	8565	5645
1671	7466	5646
1672	7811	5650
1673	7970	8007
1674	8677	5656
1675	8525	5670
1676	7675	5674
1677	7903	4051
1678	8610	5680
1679	7846	5681
1680	9617	5686
1681	7660	5688
1682	7549	5696
1683	9100	5697
1684	8624	5697
1685	9445	5698
1686	8101	5703
1687	9324	8063
1688	4004	5711
1689	8706	5720
1690	9437	5720
1691	9591	5723
1692	7600	5729
1693	7118	5730
1694	7435	5735
1695	7178	5736
1696	7707	5739
1697	8105	5742
1698	9158	5751
1699	7110	5755
1700	7542	5757
1701	9563	5758
1702	6993	5774
1703	6830	5785
1704	6788	5787
1705	9019	5787
1706	7738	5788
1707	7573	5800
1708	7701	5804
1709	7561	5811
1710	3290	5818
1711	5200	5820
1712	8508	5831
1713	7828	5837
1714	9064	5838
1715	6933	5840
1716	8906	5840
1717	7423	5852
1718	7781	5854
1719	7496	5870
1720	3720	4085
1721	9077	5876
1722	3436	5880
1723	9431	5879
1724	9100	5880
1725	8269	5880
1726	9297	5891
1727	9151	5896
1728	9020	5898
1729	7679	5905
1730	9158	5910
1731	7902	5913
1732	8366	5913
1733	7004	5916
1734	7528	5919
1735	8842	5925
1736	8413	5930
1737	8899	5933
1738	7775	5937
1739	9672	5943
1740	8902	5946
1741	9374	5955
1742	9021	5956
1743	9066	5965
1744	9040	5966
1745	9146	5969
1746	9564	5970
1747	9153	5974
1748	5707	5975
1749	9200	5975
1750	8130	5981
1751	5788	4103
1752	9393	5992
1753	9616	6000
1754	5171	6003
1755	7499	6007
1756	6814	7928
1757	3434	6012
1758	8289	6012
1759	8703	6013
1760	9559	6016
1761	8934	6018
1762	7443	6019
1763	7631	6027
1764	5784	6029
1765	9439	6032
1766	8561	6032
1767	3424	6249
1768	3430	6052
1769	7301	6057
1770	7913	6059
1771	9012	6059
1772	7938	6062
1773	8350	6063
1774	7740	6068
1775	3483	6074
1776	7929	6075
1777	4177	6076
1778	8931	6077
1779	5293	6081
1780	9193	6091
1781	7955	6101
1782	9074	6102
1783	3351	6103
1784	9454	6105
1785	4310	6107
1786	9004	6108
1787	4161	6110
1788	8644	6115
1789	8533	6115
1790	9467	6118
1791	7437	9132
1792	8044	6129

REQUESTS = 2000
1	1439	13	15	1	1	2
2	1205	30	32	3	1	2
3	82	3	6	1	4	1
4	1350	22	25	3	4	1
5	1744	39	40	1	3	1
6	655	16	18	1	4	3
7	478	3	6	2	4	3
8	706	3	5	1	4	2
9	1604	40	43	3	2	1
10	1132	12	14	2	2	3
11	1482	45	48	1	3	3
12	696	33	36	1	4	2
13	1388	44	45	2	1	2
14	1226	43	44	1	3	3
15	793	9	10	1	2	1
16	1626	46	48	2	3	1
17	599	3	5	2	2	2
18	1739	46	47	1	4	3
19	768	2	5	1	1	3
20	9	7	10	2	4	2
21	1	2	4	1	4	1
22	474	15	16	3	4	2
23	856	35	36	3	4	1
24	730	1	3	1	4	2
25	1340	22	23	3	4	3
26	1173	19	21	3	1	3
27	1395	4	6	1	2	2
28	836	12	13	2	2	2
29	1423	47	48	1	2	3
30	1265	28	29	2	1	3
31	1032	3	5	2	3	1
32	1261	12	15	1	2	3
33	919	4	5	1	1	1
34	389	40	43	3	2	3
35	458	14	16	1	4	1
36	302	29	32	1	4	3
37	582	5	7	1	3	1
38	1565	32	33	3	1	2
39	624	20	23	1	4	3
40	1537	36	39	3	1	3
41	1003	5	6	2	3	3
42	824	9	11	3	4	2
43	318	17	18	2	4	2
44	774	36	39	2	1	1
45	426	13	15	2	3	3
46	203	27	30	2	3	1
47	1378	39	41	2	4	3
48	1286	37	40	3	4	2
49	1511	15	18	2	2	1
50	659	13	16	2	2	3
51	1038	37	38	2	1	1
52	267	17	20	3	4	2
53	1558	30	33	3	2	2
54	1150	36	39	2	4	3
55	1229	11	13	2	4	3
56	1212	41	42	3	2	2
57	986	18	20	3	4	1
58	1023	22	23	3	2	2
59	441	45	46	3	4	3
60	1650	1	4	1	3	1
61	1687	7	8	1	4	3
62	1060	24	27	3	1	3
63	31	40	41	2	3	3
64	1292	18	20	2	3	3
65	1650	36	38	2	2	2
66	788	13	14	2	3	2
67	1504	34	35	3	4	1
68	310	29	31	1	4	2
69	511	36	39	1	1	1
70	1437	47	48	1	3	3
71	952	36	38	2	3	1
72	535	43	44	1	3	2
73	153	30	31	2	4	1
74	1209	33	36	2	3	1
75	296	13	15	3	4	3
76	219	23	25	1	3	2
77	1597	24	25	3	4	3
78	1728	13	15	3	4	1
79	1096	22	23	3	4	1
80	290	35	37	2	1	3
81	361	20	21	1	3	3
82	1422	30	32	1	2	3
83	910	22	23	1	2	1
84	943	30	33	1	4	2
85	1550	32	33	2	4	1
86	1451	16	18	2	2	1
87	1772	35	36	1	2	1
88	1444	10	12	3	3	2
89	147	19	22	3	4	3
90	1431	28	30	2	2	3
91	1759	8	10	1	3	1
92	1791	27	28	3	3	2
93	132	24	27	2	2	1
94	1121	34	35	3	1	3
95	167	6	9	1	1	1
96	1486	1	4	3	4	1
97	222	19	20	2	1	3
98	1279	3	4	1	2	2
99	1497	20	21	3	3	3
100	739	45	47	2	4	2
101	498	38	40	1	1	3
102	457	17	19	3	4	1
103	1690	19	22	3	3	1
104	1702	30	31	3	4	2
105	1347	40	42	3	3	1
106	1398	42	44	2	1	3
107	1005	15	17	2	2	1
108	503	5	7	2	4	3
109	1723	10	12	1	1	3
110	1396	46	48	2	3	1
111	995	20	22	3	4	2
112	846	26	27	2	3	2
113	1696	40	42	3	2	3
114	992	32	34	1	1	2
115	1468	11	14	2	3	2
116	259	2	4	2	4	1
117	312	47	48	2	2	2
118	642	37	39	3	1	2
119	725	11	12	2	1	2
120	1783	19	21	2	2	2
121	611	19	22	3	3	1
122	731	9	12	3	3	3
123	646	5	8	1	2	2
124	1363	23	26	2	2	3
125	1481	16	19	1	4	1
126	313	36	38	2	4	3
127	54	32	35	2	3	2
128	718	45	46	2	4	2
129	506	8	10	3	1	3
130	1366	24	26	1	1	2
131	889	34	35	2	4	2
132	383	24	26	2	4	3
133	328	31	33	3	2	2
134	6	25	27	3	3	3
135	1766	6	9	3	4	1
136	1442	29	31	3	2	2
137	1306	10	11	1	1	1
138	1653	36	37	3	1	1
139	1529	12	13	2	3	1
140	697	38	39	1	1	3
141	501	39	41	1	1	2
142	884	25	27	3	3	3
143	751	42	43	3	2	2
144	333	29	31	3	2	3
145	771	28	29	1	4	2
146	126	39	42	1	2	1
147	777	17	18	1	2	1
148	322	15	16	2	4	3
149	532	24	27	3	4	1
150	847	35	38	2	2	2
151	1008	29	32	1	1	3
152	107	35	37	1	1	2
153	1234	30	33	3	1	3
154	1450	3	4	1	3	3
155	803	30	32	1	4	3
156	227	10	13	1	3	3
157	1434	6	9	2	2	1
158	55	42	45	1	3	2
159	1260	43	45	3	4	1
160	407	39	41	1	1	2
161	521	30	31	2	4	3
162	745	43	46	2	4	2
163	1090	18	21	2	2	2
164	1488	32	33	1	2	2
165	156	35	36	3	2	2
166	715	30	31	2	4	3
167	947	22	24	2	3	3
168	1466	8	11	2	4	3
169	131	21	23	1	2	2
170	356	31	32	1	1	2
171	231	25	26	1	3	1
172	1288	1	4	3	3	3
173	991	2	5	3	2	2
174	1053	33	34	1	3	1
175	1726	8	10	1	1	1
176	188	40	42	3	1	2
177	1469	29	30	3	4	1
178	1718	3	5	3	4	3
179	1521	37	40	2	3	1
180	62	26	27	3	1	2
181	892	20	21	2	2	3
182	71	8	9	1	4	3
183	723	23	25	2	3	3
184	1056	17	19	3	3	1
185	123	6	9	2	1	2
186	1484	14	17	1	1	2
187	1002	7	8	2	4	3
188	1108	25	26	2	4	3
189	1692	30	33	2	4	1
190	243	32	35	2	4	1
191	336	37	40	3	1	3
192	1578	15	16	2	3	1
193	1703	21	22	2	4	2
194	292	33	35	1	3	2
195	1589	10	13	3	3	1
196	985	25	27	1	2	1
197	681	14	15	1	4	2
198	1707	44	45	1	4	3
199	740	23	26	3	4	3
200	1181	41	43	2	2	3
201	1705	8	11	1	3	3
202	556	37	38	2	3	1
203	919	18	21	3	3	2
204	1500	11	13	1	3	1
205	1270	37	38	3	1	3
206	1587	7	10	1	2	2
207	1654	38	40	1	4	2
208	949	17	18	2	2	2
209	606	19	22	3	1	2
210	888	34	35	1	1	3
211	1377	42	44	3	1	1
212	1649	2	5	2	3	1
213	494	21	24	1	1	3
214	1612	43	46	1	2	3
215	209	37	40	2	4	1
216	1527	38	41	2	3	1
217	923	27	29	2	2	2
218	1157	7	10	1	3	3
219	1086	21	24	1	1	1
220	185	1	4	2	2	3
221	1554	26	28	3	4	2
222	341	6	8	1	3	3
223	416	35	37	3	3	2
224	1673	20	23	3	1	3
225	1425	14	15	1	1	3
226	1041	6	8	2	4	3
227	1338	27	28	1	1	2
228	1734	4	6	1	2	2
229	260	33	35	2	3	1
230	1711	16	18	1	2	3
231	33	39	42	3	3	2
232	1004	13	14	2	3	2
233	519	12	15	2	4	1
234	1328	45	47	3	2	3
235	409	47	49	1	1	2
236	34	16	19	3	1	1
237	1341	38	39	3	2	2
238	1141	36	38	2	2	2
239	692	15	18	1	4	3
240	1277	6	9	3	4	2
241	701	36	37	1	3	1
242	1149	45	47	3	3	1
243	1165	19	21	1	3	2
244	1549	8	9	1	4	2
245	1727	35	38	1	3	1
246	1716	32	34	1	2	1
247	652	6	8	3	4	1
248	1278	34	36	2	3	3
249	1563	15	18	1	2	2
250	550	12	13	2	3	2
251	1195	8	9	2	3	3
252	232	18	19	2	1	2
253	415	44	46	3	3	1
254	1093	11	12	2	2	3
255	593	5	7	2	3	3
256	1295	25	27	3	4	3
257	1491	16	19	1	3	2
258	917	32	35	2	4	1
259	1075	7	10	2	2	3
260	1410	42	45	3	3	1
261	515	21	22	2	2	2
262	673	6	8	3	2	3
263	1044	41	43	3	3	1
264	223	1	4	3	2	2
265	823	21	23	1	4	1
266	1175	38	39	3	3	1
267	1680	34	37	2	3	1
268	134	26	28	3	2	2
269	345	45	47	1	1	1
270	831	7	9	1	2	3
271	70	18	20	2	1	3
272	354	44	47	3	3	2
273	1070	19	21	2	1	3
274	180	6	7	2	3	2
275	799	33	34	3	3	2
276	762	31	34	3	1	3
277	1376	29	30	1	2	1
278	765	41	42	2	1	2
279	425	39	42	1	2	1
280	1316	42	45	2	3	2
281	284	22	24	2	1	2
282	735	8	9	2	2	1
283	1205	31	33	1	3	3
284	1342	16	18	2	2	2
285	320	1	3	1	2	3
286	975	14	15	2	3	3
287	228	35	38	1	2	1
288	404	7	8	3	2	3
289	1774	42	44	2	2	2
290	439	18	19	1	4	1
291	278	22	24	1	3	3
292	1035	31	32	1	3	3
293	25	44	45	1	2	2
294	1580	6	8	2	1	2
295	623	5	8	1	1	3
296	1294	35	37	3	4	2
297	1708	30	32	2	2	2
298	1106	21	24	1	3	3
299	204	28	29	2	1	2
300	537	27	29	2	4	2
301	1469	3	4	2	3	1
302	955	36	37	3	3	2
303	376	20	23	3	1	3
304	808	41	44	2	1	2
305	703	46	47	1	3	2
306	1171	29	30	1	1	2
307	779	36	38	2	2	2
308	590	17	20	3	2	1
309	1635	11	13	3	3	2
310	456	20	21	3	3	2
311	1577	22	25	1	4	3
312	324	45	46	2	1	3
313	526	4	7	1	1	1
314	1448	14	17	2	1	1
315	1010	16	17	1	1	1
316	326	21	24	3	4	2
317	1445	6	7	1	4	1
318	12	29	30	2	4	1
319	1011	32	34	2	4	1
320	1493	30	31	3	2	1
321	1276	31	33	1	1	2
322	849	28	31	3	4	2
323	1679	23	26	2	2	2
324	482	24	27	1	4	3
325	388	40	42	2	3	2
326	576	35	38	3	3	3
327	1373	40	42	3	2	3
328	974	22	24	2	2	1
329	1498	2	3	1	4	1
330	998	31	32	1	4	3
331	627	25	27	1	1	2
332	1231	29	31	3	2	2
333	1557	37	40	2	2	2
334	1073	9	10	1	3	3
335	592	2	5	3	2	2
336	165	28	29	2	3	1
337	80	10	13	1	3	3
338	1552	20	23	3	4	1
339	162	7	8	1	1	3
340	691	42	44	3	1	3
341	1144	14	16	1	2	3
342	966	17	20	2	1	1
343	1547	14	15	3	3	3
344	865	47	48	1	4	3
345	1019	14	17	2	1	1
346	1414	3	5	3	4	2
347	1701	16	19	1	3	1
348	851	7	10	1	2	1
349	1438	31	32	1	3	3
350	1758	13	16	3	3	3
351	1483	9	12	3	4	2
352	1463	11	13	3	2	1
353	1325	29	32	2	4	1
354	253	34	37	2	4	3
355	1343	1	3	3	2	3
356	1155	18	20	2	4	3
357	1641	18	20	2	4	2
358	941	41	43	2	4	2
359	1542	36	39	2	4	3
360	549	42	44	3	4	3
361	130	39	42	1	2	3
362	1382	29	30	2	2	1
363	903	46	47	2	4	3
364	1293	23	25	3	4	3
365	759	34	36	2	3	3
366	1452	27	29	1	1	1
367	1415	30	33	3	2	1
368	1756	25	27	1	3	3
369	1567	35	38	1	2	2
370	1629	10	12	1	1	3
371	1346	32	35	1	4	1
372	1304	39	41	2	1	3
373	1470	45	47	2	2	2
374	1737	11	14	1	4	1
375	1633	47	49	1	4	2
376	455	9	10	1	3	1
377	484	16	19	1	4	3
378	91	8	10	3	1	3
379	394	5	6	2	3	3
380	239	20	23	3	4	2
381	128	5	8	1	4	3
382	408	28	31	3	4	1
383	815	27	30	3	1	3
384	301	24	25	2	1	3
385	721	25	26	3	1	2
386	504	43	46	1	3	2
387	1074	11	12	2	3	3
388	570	13	16	1	1	2
389	1553	16	18	2	3	3
390	1403	36	39	1	3	1
391	1184	26	29	2	1	2
392	1608	6	9	2	1	3
393	993	45	46	3	1	2
394	987	32	35	3	4	2
395	1000	11	12	2	3	3
396	1534	33	35	1	3	3
397	1779	12	13	3	4	1
398	1539	29	31	2	2	3
399	250	42	45	1	3	1
400	240	27	28	1	3	2
401	971	20	21	1	3	1
402	22	28	29	3	1	3
403	309	41	43	3	3	2
404	1533	43	44	1	1	3
405	1355	2	5	1	2	3
406	1441	29	32	2	3	2
407	1186	22	25	1	4	3
408	1206	10	12	3	1	3
409	1537	33	36	1	2	1
410	561	6	9	3	1	1
411	1015	31	33	1	3	3
412	628	8	9	3	2	3
413	1684	43	45	2	1	1
414	1661	24	27	1	1	2
415	1332	38	41	3	2	3
416	1747	34	35	3	2	2
417	791	10	11	2	4	3
418	844	15	16	1	1	2
419	143	3	5	2	2	1
420	1305	36	38	1	1	2
421	1104	15	16	2	2	1
422	893	21	23	1	2	2
423	1247	13	16	1	1	2
424	907	31	34	3	4	1
425	1515	16	18	2	4	1
426	1776	9	10	2	2	3
427	215	47	48	1	1	1
428	299	41	43	1	1	3
429	1031	35	36	3	1	2
430	216	33	35	2	1	3
431	121	27	28	3	4	1
432	957	34	36	1	2	3
433	1697	39	41	2	3	1
434	15	4	7	3	3	3
435	20	27	29	3	3	3
436	1500	29	31	2	1	1
437	1551	16	19	1	4	2
438	208	12	13	1	2	2
439	559	37	40	1	2	3
440	1082	9	10	1	3	1
441	1508	3	6	3	2	1
442	954	26	28	2	1	3
443	1113	35	36	3	2	1
444	633	34	37	1	1	3
445	734	14	16	1	1	2
446	370	17	20	2	1	1
447	886	17	18	2	1	2
448	1119	6	7	2	3	3
449	1025	20	22	2	3	3
450	682	13	16	2	4	2
451	1121	22	25	3	1	2
452	241	27	30	2	3	2
453	1781	42	44	2	1	2
454	959	11	13	3	2	2
455	1753	41	44	2	3	3
456	1192	13	16	3	1	3
457	306	10	11	1	1	2
458	1400	45	46	2	4	1
459	1386	16	17	1	4	3
460	1182	44	47	3	2	1
461	251	30	32	2	1	2
462	740	39	41	3	1	1
463	1048	3	6	1	4	3
464	361	38	40	2	1	3
465	1787	12	13	1	2	1
466	863	22	23	2	1	1
467	377	15	18	2	1	2
468	743	9	10	1	3	3
469	733	15	16	1	2	1
470	1379	10	13	3	1	1
471	996	26	28	1	1	2
472	462	21	24	1	4	2
473	1467	1	4	1	1	2
474	1076	34	37	1	3	3
475	1406	33	36	2	4	2
476	207	6	8	1	3	1
477	972	46	47	1	2	1
478	1730	46	48	2	3	3
479	809	16	19	1	1	3
480	920	22	23	3	3	2
481	72	4	5	2	4	1
482	275	2	3	1	1	2
483	69	40	43	1	4	3
484	168	33	34	1	3	2
485	964	2	3	3	3	2
486	1509	44	47	1	4	3
487	387	7	8	3	1	3
488	195	30	33	2	2	3
489	1564	8	11	2	4	1
490	1268	26	28	1	3	2
491	845	12	15	2	4	3
492	879	14	17	3	4	1
493	705	11	12	2	3	3
494	1241	32	35	1	1	2
495	576	30	32	3	4	2
496	337	25	27	3	2	1
497	1562	43	44	1	1	3
498	1559	21	22	2	1	1
499	1569	16	17	2	4	3
500	1109	20	22	1	4	1
501	1120	17	20	3	2	1
502	872	2	5	1	3	3
503	1576	2	5	2	1	2
504	1572	24	27	3	2	1
505	42	27	30	1	3	1
506	631	31	34	2	2	3
507	1014	34	36	1	3	1
508	1292	15	18	1	1	1
509	1496	4	6	2	2	2
510	649	15	18	3	1	2
511	1512	33	34	2	1	1
512	1586	28	29	1	1	2
513	221	3	5	3	2	2
514	1066	3	4	3	2	2
515	342	15	18	2	4	1
516	805	30	32	1	4	1
517	565	6	9	2	3	3
518	1670	27	29	2	2	1
519	78	27	30	1	1	2
520	1418	27	28	1	3	2
521	379	25	27	3	4	2
522	597	38	40	3	2	3
523	323	22	24	2	4	1
524	795	5	8	1	4	1
525	607	37	38	2	1	3
526	83	36	37	2	3	1
527	572	38	40	1	3	1
528	1389	16	19	1	1	3
529	291	28	31	3	2	2
530	66	38	41	3	1	1
531	1305	20	22	2	3	3
532	298	10	12	2	2	2
533	372	15	16	2	1	3
534	1573	31	33	2	1	3
535	1763	45	46	3	4	1
536	8	40	43	1	1	1
537	967	5	6	2	2	3
538	396	21	22	3	3	3
539	1016	35	38	3	1	1
540	915	44	47	1	2	3
541	566	10	12	1	2	3
542	135	32	34	3	2	2
543	1440	47	48	1	3	3
544	1148	24	25	1	4	3
545	172	42	45	3	3	3
546	373	24	27	2	4	3
547	1627	10	13	1	3	1
548	905	11	13	2	1	1
549	658	2	5	1	1	3
550	970	40	43	1	1	1
551	1715	46	48	2	4	3
552	1499	44	47	3	2	1
553	303	9	11	3	3	3
554	573	33	34	1	4	3
555	424	40	41	3	2	1
556	500	22	24	1	1	1
557	1490	2	4	3	4	2
558	1670	17	19	2	4	3
559	1358	35	36	2	1	1
560	1282	33	35	3	1	3
561	364	30	33	2	2	3
562	381	35	38	2	4	3
563	1033	26	29	3	4	1
564	1764	14	17	1	4	3
565	1685	33	36	3	2	3
566	1300	14	15	3	1	2
567	811	44	47	1	4	1
568	479	28	29	1	4	2
569	1267	32	35	1	1	3
570	1375	9	10	1	4	2
571	1755	30	33	1	4	3
572	1059	36	38	2	3	2
573	1145	8	10	1	4	3
574	1149	14	15	2	4	1
575	27	42	43	1	1	1
576	651	29	31	3	2	2
577	1197	3	6	1	1	1
578	1196	29	30	1	3	1
579	239	33	35	3	2	3
580	1648	35	38	3	1	2
581	1560	7	10	2	4	1
582	126	5	8	2	4	2
583	1652	21	22	3	3	3
584	1225	26	27	1	1	3
585	990	42	44	3	3	2
586	1435	12	14	1	2	3
587	1522	30	33	1	3	3
588	1651	7	9	1	2	2
589	1288	19	22	1	1	3
590	334	27	28	1	4	2
591	644	8	11	1	1	1
592	1151	42	44	1	4	3
593	1785	45	47	3	4	2
594	1243	38	39	2	1	1
595	904	11	13	2	3	1
596	1537	20	23	3	3	3
597	65	42	45	2	4	2
598	925	13	14	3	1	1
599	784	29	32	2	3	2
600	1237	23	25	3	1	3
601	1399	4	6	3	1	2
602	194	21	22	3	4	3
603	1115	33	35	1	3	3
604	729	47	48	1	1	2
605	1394	1	4	2	2	3
606	866	37	39	3	2	2
607	1279	32	34	1	4	3
608	1514	7	9	2	2	3
609	470	39	42	3	1	3
610	662	2	3	1	3	3
611	1087	8	10	3	3	1
612	613	34	37	2	3	3
613	1700	43	46	3	1	3
614	976	5	8	1	3	2
615	112	25	26	2	2	3
616	1259	38	41	1	2	2
617	368	29	31	3	4	2
618	85	45	47	2	1	2
619	855	40	43	2	4	3
620	136	6	9	3	2	2
621	922	18	19	1	2	2
622	1140	32	33	3	1	1
623	647	24	27	2	1	1
624	286	46	47	2	4	2
625	109	32	35	1	2	3
626	45	20	23	2	4	2
627	1198	43	45	3	1	1
628	894	21	24	2	2	1
629	252	38	41	3	1	3
630	769	12	14	3	4	1
631	1720	42	44	2	2	1
632	1312	27	29	2	2	1
633	871	1	3	3	3	2
634	709	19	22	2	2	3
635	1222	12	13	3	2	2
636	899	1	4	3	2	2
637	1790	44	45	3	4	1
638	1688	2	5	1	1	2
639	1118	5	8	2	4	3
640	1105	23	25	1	1	3
641	838	2	5	1	4	2
642	1513	21	24	3	1	1
643	200	11	13	2	3	1
644	226	15	16	2	4	3
645	806	3	5	2	4	1
646	1369	2	5	3	2	2
647	563	30	32	3	4	2
648	1619	26	28	1	2	2
649	720	11	14	2	2	1
650	449	44	45	2	1	1
651	946	8	11	3	1	3
652	1199	25	28	2	4	2
653	800	10	12	2	1	3
654	142	33	36	3	2	2
655	1062	22	23	2	2	2
656	1570	40	43	1	3	2
657	512	15	16	3	3	3
658	1536	8	9	2	4	1
659	1767	14	15	1	4	1
660	1233	41	44	1	1	1
661	154	37	40	1	1	3
662	1756	38	39	3	3	1
663	1702	13	14	2	2	1
664	244	4	6	3	2	2
665	817	28	31	2	4	2
666	1732	40	41	3	3	3
667	1252	30	32	3	1	2
668	442	25	28	2	2	3
669	1618	14	17	1	3	2
670	988	6	7	2	3	1
671	140	41	43	3	3	3
672	912	4	6	1	3	1
673	64	23	24	3	4	1
674	961	8	9	2	1	3
675	1152	19	22	3	4	3
676	1579	38	39	1	1	1
677	1447	15	16	3	2	3
678	1370	28	30	3	3	1
679	272	43	45	3	4	3
680	411	7	8	3	3	2
681	708	18	21	1	2	3
682	1281	39	42	1	4	2
683	10	45	47	1	1	2
684	218	10	13	1	1	1
685	1	27	30	3	1	1
686	331	38	40	3	4	2
687	1451	12	14	3	4	2
688	640	4	5	1	4	2
689	1072	24	26	2	2	1
690	529	42	43	3	1	1
691	666	13	15	2	3	1
692	1335	18	19	3	4	2
693	1029	37	38	1	2	2
694	374	36	39	3	3	2
695	1665	18	19	2	4	2
696	1069	36	38	3	3	1
697	206	4	6	2	2	3
698	395	6	7	2	4	2
699	1207	38	41	1	2	2
700	100	26	28	2	4	2
701	1036	8	9	2	1	3
702	1361	11	12	2	1	1
703	749	18	20	3	3	2
704	1319	35	38	2	4	3
705	643	28	29	2	4	3
706	354	12	13	1	2	3
707	625	22	25	1	3	2
708	514	4	5	3	4	3
709	13	20	22	1	3	3
710	469	40	43	2	2	2
711	146	44	47	1	4	3
712	983	25	27	1	4	1
713	1646	13	15	2	3	2
714	1381	36	37	3	2	3
715	352	16	19	2	4	1
716	880	23	26	1	3	1
717	256	25	26	1	1	1
718	38	38	40	2	2	3
719	1131	42	45	3	2	2
720	1362	35	38	3	2	3
721	1116	45	48	1	3	3
722	803	41	44	2	3	3
723	935	22	25	2	1	1
724	329	29	32	3	3	2
725	486	38	39	1	4	2
726	1027	7	9	3	2	1
727	1426	43	44	3	4	1
728	477	2	5	3	3	1
729	1421	41	42	2	2	2
730	1088	1	3	3	3	1
731	1034	48	49	1	1	3
732	753	1	4	1	1	1
733	568	5	8	3	1	2
734	792	43	46	1	1	1
735	1322	18	19	3	1	1
736	432	3	4	2	2	2
737	220	21	22	3	4	2
738	164	11	12	3	2	1
739	609	45	47	3	2	1
740	230	29	31	3	2	3
741	350	38	41	2	3	3
742	785	43	44	2	3	1
743	542	10	12	2	3	1
744	1098	11	13	3	2	3
745	1526	14	17	3	3	2
746	467	23	26	1	4	1
747	1170	12	13	3	4	1
748	1329	38	39	1	3	2
749	340	17	19	3	1	2
750	1433	18	20	1	2	3
751	1617	44	46	3	2	2
752	11	27	29	2	2	1
753	1786	21	22	3	4	2
754	37	13	14	1	3	2
755	796	46	48	1	1	3
756	1391	39	41	1	4	2
757	595	35	36	2	1	2
758	710	16	19	2	3	1
759	1704	16	19	2	2	3
760	520	46	47	3	3	3
761	125	36	38	1	3	3
762	540	38	40	3	1	3
763	190	35	38	3	2	3
764	212	5	8	1	3	2
765	271	3	4	1	4	1
766	1081	21	23	1	3	2
767	413	36	39	3	1	1
768	486	23	24	2	3	2
769	1524	12	13	3	4	1
770	1541	2	5	1	4	3
771	175	40	43	1	4	2
772	1251	1	3	1	2	2
773	1183	25	26	3	2	3
774	93	7	10	1	2	3
775	690	13	15	1	4	2
776	1523	24	27	3	2	1
777	316	16	17	1	1	3
778	898	1	4	1	3	2
779	914	11	14	1	3	1
780	1317	41	43	3	1	1
781	1039	42	43	3	4	3
782	1153	34	37	3	4	1
783	630	31	33	3	2	1
784	1146	13	14	1	3	2
785	451	28	30	2	1	3
786	1583	12	15	1	1	3
787	822	13	15	2	3	3
788	821	29	31	1	3	3
789	797	45	46	1	3	3
790	1698	18	20	1	3	1
791	268	23	26	3	2	1
792	464	8	11	1	1	3
793	1724	25	27	3	3	3
794	616	26	29	2	4	2
795	1126	6	8	3	3	1
796	840	16	18	1	2	1
797	819	37	39	1	3	2
798	544	40	41	3	2	3
799	945	46	47	2	4	3
800	589	37	40	3	2	1
801	1713	2	4	3	4	3
802	560	15	16	2	3	1
803	1771	45	46	3	3	3
804	957	26	27	3	3	1
805	1078	5	8	3	3	1
806	1160	10	13	1	3	3
807	916	3	5	2	4	3
808	1599	32	34	3	3	2
809	481	4	7	1	2	3
810	358	7	10	3	1	3
811	1242	37	39	3	3	1
812	328	30	32	2	1	2
813	297	35	37	2	2	3
814	246	4	5	3	4	1
815	1408	21	22	2	3	3
816	343	4	7	3	2	3
817	981	10	12	3	3	3
818	621	44	47	2	3	1
819	1694	30	33	2	3	1
820	1492	35	36	1	1	1
821	737	45	47	2	1	3
822	555	46	47	2	1	1
823	461	5	8	1	1	1
824	59	31	34	3	1	2
825	1397	3	6	1	3	2
826	1601	2	5	3	4	2
827	1218	28	29	1	4	1
828	1607	23	24	2	1	3
829	932	44	46	2	2	1
830	1395	16	18	2	3	2
831	36	41	42	2	2	2
832	450	32	33	2	1	1
833	1344	31	33	1	1	3
834	649	42	44	2	1	1
835	418	34	35	3	3	3
836	695	39	40	2	2	1
837	1063	24	25	3	1	1
838	539	37	39	3	1	1
839	883	39	42	1	1	2
840	1345	20	21	3	2	3
841	233	26	29	2	2	3
842	1686	31	32	3	4	3
843	1005	1	2	3	2	2
844	921	20	21	3	3	3
845	1591	4	6	2	3	2
846	513	8	9	1	4	3
847	152	34	36	1	3	1
848	1208	7	8	3	3	2
849	75	18	20	2	1	2
850	1474	21	23	1	3	1
851	102	11	13	1	4	1
852	1247	30	33	3	4	2
853	661	37	40	2	2	3
854	49	34	36	3	3	2
855	684	42	44	3	4	1
856	1411	35	37	2	2	1
857	1773	16	19	3	3	3
858	472	4	6	3	4	2
859	346	2	5	2	4	2
860	97	7	10	2	3	3
861	527	42	44	1	3	3
862	944	21	24	2	2	2
863	693	5	6	3	1	2
864	103	18	20	1	2	1
865	680	33	34	3	3	3
866	813	3	6	2	4	1
867	1210	13	14	3	2	3
868	962	17	20	3	1	3
869	485	30	33	3	2	2
870	335	5	8	1	2	3
871	1167	20	22	3	1	1
872	1675	40	43	1	4	1
873	1429	34	36	3	1	3
874	877	17	19	1	4	1
875	1565	22	23	2	2	3
876	234	47	48	2	4	1
877	410	36	37	3	2	1
878	1055	6	8	1	4	2
879	1401	13	15	1	4	3
880	1750	30	33	2	1	3
881	1625	38	41	2	4	1
882	1668	44	45	3	3	1
883	1655	25	28	1	4	3
884	1368	27	28	2	4	1
885	264	12	13	3	4	1
886	929	14	15	2	1	2
887	417	23	24	1	1	2
888	110	26	27	2	3	2
889	104	18	21	1	2	2
890	1665	3	4	1	4	1
891	1138	6	9	1	3	3
892	433	10	12	2	1	3
893	1644	35	37	2	2	2
894	1026	4	7	1	4	1
895	453	20	22	3	3	2
896	199	26	27	2	3	3
897	460	24	26	1	2	1
898	1645	17	19	3	3	1
899	825	36	39	2	3	2
900	979	7	8	2	3	3
901	1193	29	32	3	3	1
902	354	1	3	1	4	3
903	278	16	17	2	4	3
904	767	45	46	2	4	2
905	1022	1	4	1	1	2
906	425	42	43	2	3	2
907	933	11	13	1	1	3
908	1232	37	39	3	3	1
909	1639	3	6	2	4	1
910	77	4	5	1	1	3
911	1657	9	10	2	4	2
912	1177	2	3	1	4	1
913	897	1	4	1	2	1
914	257	32	35	1	4	3
915	1761	27	30	1	1	2
916	562	44	46	3	4	1
917	261	22	24	2	2	2
918	670	8	11	2	4	2
919	1772	12	15	1	4	1
920	786	4	5	2	2	1
921	927	22	25	1	3	2
922	619	23	25	2	3	1
923	1571	29	32	3	2	1
924	1308	28	29	2	1	3
925	1699	7	10	3	2	2
926	1009	39	41	2	1	1
927	1661	28	31	2	4	2
928	22	44	46	3	1	3
929	686	29	30	1	2	3
930	1134	6	7	1	1	3
931	192	12	15	3	3	3
932	1124	34	35	1	3	2
933	1438	45	47	1	3	3
934	688	44	47	1	4	1
935	1735	23	25	2	3	1
936	1731	3	6	1	3	3
937	1581	14	17	2	1	1
938	1290	21	24	3	3	1
939	1255	29	30	2	3	1
940	480	36	39	1	2	2
941	969	30	31	3	3	2
942	1714	40	43	1	3	3
943	646	26	28	3	1	3
944	1751	36	38	1	3	1
945	443	18	21	3	4	1
946	1107	43	46	2	2	3
947	1018	1	4	2	1	2
948	289	3	6	2	4	3
949	235	42	44	2	1	2
950	1307	39	42	3	1	3
951	1188	27	28	1	3	3
952	1470	37	40	3	4	3
953	1517	19	22	3	2	1
954	862	28	29	1	3	2
955	1007	4	5	3	4	3
956	848	30	32	1	3	2
957	371	13	15	3	4	2
958	1706	32	35	1	3	3
959	1283	7	9	1	3	3
960	728	31	34	2	1	3
961	202	23	26	2	4	1
962	1603	46	47	2	3	3
963	283	28	31	1	1	1
964	1436	3	4	1	1	1
965	1717	37	40	3	2	3
966	1642	33	35	3	4	1
967	1776	44	46	2	2	3
968	166	4	5	1	3	3
969	752	15	17	2	2	3
970	1664	3	4	3	3	3
971	351	7	10	3	1	3
972	930	36	39	2	1	1
973	483	25	28	1	3	3
974	1541	36	37	3	2	1
975	1255	45	47	3	3	2
976	891	40	43	3	2	3
977	171	27	28	1	3	3
978	1574	23	25	1	3	2
979	1111	19	22	3	4	2
980	596	28	31	3	4	2
981	36	7	8	2	3	3
982	169	11	12	1	4	2
983	533	2	5	3	2	1
984	1432	35	37	2	2	1
985	790	39	41	2	1	3
986	837	11	12	1	4	2
987	47	24	25	2	3	3
988	1351	43	44	3	2	3
989	538	35	38	2	2	2
990	741	36	37	1	2	3
991	401	23	26	1	1	2
992	1405	34	35	2	1	3
993	1566	4	6	3	4	1
994	314	36	39	1	2	3
995	1384	5	6	3	2	3
996	1359	42	45	1	4	2
997	1356	13	15	3	1	2
998	96	19	21	3	3	3
999	586	13	16	3	1	1
1000	1729	13	15	2	1	2
1001	266	30	32	2	1	1
1002	1516	15	18	3	3	2
1003	950	36	39	2	3	2
1004	1521	24	26	1	3	3
1005	1303	42	44	2	3	2
1006	1545	8	9	1	2	1
1007	1792	32	35	3	3	3
1008	131	4	7	3	2	1
1009	1760	21	22	1	4	1
1010	1084	8	11	3	1	1
1011	859	5	8	2	2	3
1012	1226	34	35	1	1	2
1013	1235	26	29	3	3	2
1014	1077	19	22	1	4	2
1015	94	4	7	2	1	2
1016	373	30	31	1	1	3
1017	1681	10	11	2	3	2
1018	347	42	45	2	4	3
1019	1782	42	43	1	4	3
1020	1748	10	11	3	3	1
1021	1045	33	34	1	3	3
1022	1768	24	26	3	4	1
1023	327	19	20	3	2	1
1024	1274	1	2	2	2	3
1025	1630	45	47	2	2	3
1026	1103	17	19	2	2	1
1027	79	6	9	2	3	1
1028	113	2	5	3	4	1
1029	55	14	17	2	2	2
1030	172	36	39	2	3	1
1031	882	14	15	3	3	3
1032	246	41	42	2	4	3
1033	88	24	27	1	4	3
1034	493	29	31	2	2	1
1035	14	9	12	3	4	2
1036	1459	33	34	2	4	3
1037	1204	31	32	1	2	1
1038	1676	45	47	1	2	2
1039	1009	42	43	3	3	2
1040	1302	4	7	3	2	1
1041	663	13	14	2	1	2
1042	1455	31	34	1	3	2
1043	431	14	17	2	2	2
1044	1323	20	22	1	3	2
1045	1074	3	6	1	1	1
1046	567	2	4	2	2	3
1047	581	16	19	1	4	1
1048	432	9	11	2	3	1
1049	1272	44	47	1	1	3
1050	1012	25	26	2	3	2
1051	412	39	41	3	3	1
1052	1743	24	27	1	3	1
1053	980	2	4	1	3	3
1054	1245	8	10	1	1	1
1055	21	14	15	3	1	1
1056	629	18	20	3	3	1
1057	1204	1	2	2	4	2
1058	1613	9	11	3	3	3
1059	746	10	12	2	3	2
1060	783	26	28	3	3	2
1061	1110	43	46	3	3	1
1062	375	16	17	3	2	1
1063	285	39	41	2	2	3
1064	1348	5	8	2	1	2
1065	94	6	7	2	4	3
1066	995	22	25	1	1	3
1067	64	29	32	2	1	2
1068	447	13	16	3	4	2
1069	1057	45	47	1	3	2
1070	1092	44	46	2	2	1
1071	1614	32	33	1	2	1
1072	951	17	19	2	3	3
1073	1143	23	26	3	2	2
1074	564	1	3	1	2	3
1075	1079	30	33	1	4	3
1076	781	22	23	2	2	2
1077	1428	34	37	3	4	1
1078	1460	17	18	1	4	2
1079	1424	36	38	1	4	2
1080	509	15	18	1	1	1
1081	973	5	6	3	4	3
1082	645	3	4	1	1	1
1083	635	22	25	3	3	1
1084	1168	44	45	2	1	2
1085	612	22	23	3	4	1
1086	258	24	25	1	1	3
1087	410	28	29	2	1	2
1088	1575	24	26	2	2	3
1089	761	27	29	3	3	1
1090	1360	24	26	3	3	3
1091	403	11	12	3	4	1
1092	575	10	11	3	1	2
1093	495	18	19	2	3	2
1094	1560	10	12	2	3	1
1095	1387	11	12	2	1	3
1096	712	6	9	3	2	3
1097	98	6	7	2	4	2
1098	1453	4	6	1	1	3
1099	1123	3	5	3	3	3
1100	835	9	11	1	1	2
1101	1213	33	34	1	1	1
1102	530	21	24	1	4	3
1103	1484	43	44	1	4	2
1104	789	18	20	2	1	2
1105	528	46	47	3	4	1
1106	221	30	32	2	1	3
1107	1568	8	11	3	3	1
1108	870	3	4	2	4	1
1109	193	17	19	2	3	2
1110	590	5	6	1	4	1
1111	184	33	35	1	2	3
1112	650	35	36	2	3	2
1113	1330	29	32	1	3	1
1114	873	6	8	2	1	1
1115	1134	41	42	3	3	2
1116	1669	22	25	1	1	1
1117	1054	35	36	1	1	3
1118	1273	12	13	2	3	3
1119	279	8	11	1	1	3
1120	502	21	22	3	1	3
1121	773	26	28	2	4	2
1122	1172	12	13	1	1	2
1123	196	16	19	2	1	2
1124	1163	4	5	2	2	3
1125	1224	3	6	1	1	1
1126	307	6	8	1	2	2
1127	1527	12	15	1	1	2
1128	23	44	45	3	3	1
1129	659	36	37	2	3	2
1130	1216	3	6	3	1	2
1131	119	15	17	1	4	2
1132	177	19	21	3	3	1
1133	1042	30	33	3	3	2
1134	716	19	21	1	4	3
1135	406	25	28	2	3	3
1136	1280	7	8	2	1	1
1137	1069	11	13	2	3	2
1138	1040	28	29	2	2	2
1139	1538	42	43	1	3	1
1140	136	16	17	3	4	1
1141	1374	30	33	2	3	2
1142	497	46	48	2	3	2
1143	1528	14	17	1	3	1
1144	660	23	24	3	1	2
1145	315	45	48	1	4	3
1146	727	42	44	1	1	3
1147	782	29	32	3	2	2
1148	1052	26	29	3	2	2
1149	636	20	23	1	2	2
1150	144	33	34	1	1	2
1151	667	42	45	2	3	2
1152	46	1	3	3	3	2
1153	1101	35	37	1	3	3
1154	1194	14	17	1	1	3
1155	1128	10	11	3	3	2
1156	853	34	37	1	4	1
1157	1189	10	13	2	3	2
1158	1507	11	14	2	2	2
1159	163	25	26	3	4	1
1160	211	19	21	1	4	3
1161	1765	2	4	3	3	1
1162	1284	42	44	2	2	2
1163	1548	3	5	2	3	1
1164	151	30	32	2	4	1
1165	1200	48	49	1	2	3
1166	602	24	25	1	3	3
1167	281	46	48	2	2	1
1168	362	16	19	1	3	1
1169	1633	18	20	3	3	2
1170	124	32	35	2	4	3
1171	1620	10	12	3	4	2
1172	558	39	41	2	2	2
1173	254	37	39	1	2	3
1174	1264	39	41	3	2	2
1175	392	25	27	2	2	1
1176	960	10	11	3	1	1
1177	1240	47	48	2	2	2
1178	1620	31	32	3	2	1
1179	339	12	15	3	4	3
1180	273	8	9	2	1	2
1181	1632	27	28	3	4	3
1182	1190	27	29	3	2	2
1183	99	18	21	2	4	1
1184	758	32	33	2	1	1
1185	63	27	29	1	3	3
1186	1764	1	3	1	3	1
1187	448	34	37	2	3	1
1188	1628	29	30	2	2	3
1189	1678	7	10	1	4	2
1190	182	15	18	1	1	3
1191	841	11	13	3	1	1
1192	1051	43	45	1	4	1
1193	1385	14	17	2	3	2
1194	422	18	19	3	2	3
1195	1124	6	9	2	1	3
1196	843	28	29	1	2	3
1197	1225	37	38	1	2	2
1198	1037	43	44	2	4	1
1199	1487	11	14	1	3	1
1200	522	45	46	1	4	1
1201	1232	18	19	1	1	1
1202	1465	25	27	3	3	2
1203	66	15	18	2	2	1
1204	1636	6	7	2	3	2
1205	776	21	22	2	2	1
1206	857	34	36	2	2	1
1207	1501	7	8	2	3	1
1208	122	10	13	3	1	1
1209	363	33	36	2	3	2
1210	1615	17	18	1	2	3
1211	155	22	24	2	4	2
1212	1494	14	17	2	1	2
1213	909	26	29	2	3	1
1214	1127	14	16	1	1	3
1215	1269	39	42	3	2	2
1216	525	12	13	2	2	1
1217	829	32	34	1	2	2
1218	1788	9	10	1	1	2
1219	1611	33	34	1	1	2
1220	665	32	33	2	1	2
1221	366	28	29	2	3	1
1222	1254	37	38	1	4	3
1223	463	40	41	2	1	2
1224	997	34	36	1	3	2
1225	571	21	22	3	3	1
1226	1471	2	4	2	4	1
1227	1585	27	28	2	3	2
1228	810	38	41	1	2	2
1229	890	19	21	1	1	2
1230	1275	12	15	3	3	1
1231	1582	45	48	1	3	2
1232	1164	20	22	2	1	3
1233	1097	18	19	3	2	2
1234	1165	33	35	2	4	3
1235	1725	26	29	1	1	2
1236	76	6	9	1	3	2
1237	942	35	38	2	1	1
1238	931	36	37	2	1	3
1239	598	36	38	2	2	2
1240	21	39	42	2	3	3
1241	948	12	13	3	2	2
1242	648	17	20	1	4	1
1243	953	17	20	1	3	1
1244	736	21	23	1	2	1
1245	584	8	11	1	2	1
1246	1544	2	5	3	1	1
1247	918	36	38	3	2	2
1248	541	38	40	2	2	2
1249	601	37	39	3	3	1
1250	229	42	45	2	1	1
1251	642	22	23	2	1	3
1252	1067	38	41	1	4	1
1253	552	13	14	2	1	3
1254	348	30	33	2	4	1
1255	578	1	2	1	3	3
1256	273	42	43	3	3	3
1257	864	11	14	1	3	2
1258	52	14	16	2	3	3
1259	714	22	25	2	1	1
1260	1551	43	45	2	4	1
1261	1588	25	28	2	4	3
1262	839	31	32	2	4	3
1263	1607	33	36	2	3	3
1264	603	45	46	3	4	2
1265	56	4	6	3	4	2
1266	754	13	15	3	3	3
1267	742	17	20	2	4	3
1268	1169	33	34	2	2	3
1269	60	16	18	2	1	1
1270	150	4	7	1	1	1
1271	1769	35	37	1	1	2
1272	834	32	34	1	1	3
1273	1014	28	31	1	1	3
1274	434	12	13	1	4	2
1275	1228	3	6	3	3	2
1276	965	38	40	3	2	2
1277	1185	21	22	1	2	2
1278	1754	11	14	3	3	2
1279	1393	12	13	3	3	2
1280	118	21	24	1	4	3
1281	913	23	24	2	3	2
1282	1161	32	33	1	3	3
1283	831	4	7	2	1	2
1284	262	37	39	1	3	2
1285	419	42	43	2	4	3
1286	489	34	37	1	4	3
1287	1289	6	7	1	2	3
1288	1154	20	23	3	3	3
1289	1230	34	35	2	3	1
1290	1061	37	38	1	4	1
1291	852	40	42	2	4	1
1292	300	10	13	2	1	3
1293	858	31	34	3	3	3
1294	1661	22	23	2	3	2
1295	1710	10	11	1	3	1
1296	420	20	23	3	2	3
1297	557	11	13	3	2	3
1298	676	48	49	1	4	2
1299	53	28	29	2	1	1
1300	1020	29	32	3	1	2
1301	1166	4	5	2	4	1
1302	1452	41	42	1	2	1
1303	492	44	46	3	1	2
1304	523	4	7	2	2	1
1305	305	11	13	1	3	3
1306	1107	35	38	2	4	1
1307	148	11	12	2	2	1
1308	405	12	13	1	4	2
1309	378	11	12	2	4	3
1310	588	28	29	2	1	2
1311	626	27	28	2	2	2
1312	868	1	4	1	4	1
1313	1367	32	33	3	4	1
1314	505	22	25	1	3	1
1315	293	33	35	2	1	1
1316	261	19	20	2	3	1
1317	926	19	20	1	3	2
1318	1485	2	3	3	4	2
1319	1324	18	19	1	1	1
1320	876	20	23	1	2	2
1321	707	36	39	3	2	1
1322	242	40	42	2	2	2
1323	704	5	6	3	1	3
1324	32	30	31	2	2	1
1325	330	4	7	1	3	3
1326	1357	35	36	1	3	3
1327	189	17	20	1	3	1
1328	1349	43	44	3	1	1
1329	978	38	40	1	4	2
1330	1180	27	28	2	1	3
1331	1278	15	17	3	3	1
1332	1296	38	39	3	2	2
1333	1746	41	42	2	1	1
1334	444	43	45	1	2	1
1335	1456	20	23	1	4	2
1336	353	3	4	2	2	3
1337	984	34	36	2	2	3
1338	295	11	12	1	4	1
1339	278	22	25	2	4	3
1340	1600	30	31	2	1	3
1341	1176	31	32	3	4	3
1342	750	13	16	3	2	3
1343	1028	17	19	1	1	3
1344	568	38	39	2	4	1
1345	263	5	7	3	3	3
1346	1775	20	22	2	3	2
1347	965	13	16	2	3	2
1348	551	40	42	3	4	1
1349	698	34	36	2	3	1
1350	1217	15	18	2	1	1
1351	73	32	35	3	2	1
1352	940	12	14	1	4	3
1353	605	36	37	2	2	3
1354	1257	37	40	1	3	1
1355	807	43	44	1	1	2
1356	43	43	45	1	1	1
1357	1326	17	18	3	3	2
1358	548	35	36	1	3	3
1359	1352	44	45	1	2	2
1360	270	46	47	1	1	3
1361	594	29	31	1	1	1
1362	86	6	7	1	4	1
1363	473	42	45	1	1	2
1364	1313	6	9	2	3	3
1365	214	37	39	3	1	2
1366	116	44	47	3	2	3
1367	830	9	10	1	3	1
1368	1309	42	44	1	1	3
1369	1731	23	26	3	4	3
1370	237	5	8	3	1	1
1371	622	45	46	2	2	3
1372	1446	11	14	1	4	3
1373	1616	10	12	2	2	2
1374	1749	35	36	1	1	1
1375	1623	16	18	2	2	2
1376	1315	19	20	3	1	1
1377	1503	14	15	1	4	3
1378	487	2	4	1	1	3
1379	92	29	31	1	3	2
1380	775	7	8	1	2	2
1381	699	42	45	2	2	1
1382	1099	41	43	3	3	2
1383	795	40	43	1	2	1
1384	232	23	25	2	2	2
1385	1643	46	47	3	4	1
1386	1540	27	30	3	1	1
1387	902	39	40	1	2	3
1388	1532	21	24	2	4	1
1389	610	5	8	2	3	1
1390	129	5	6	1	1	3
1391	1021	39	41	3	2	1
1392	105	30	31	3	3	1
1393	647	44	46	1	3	1
1394	986	2	4	3	1	1
1395	1179	45	48	1	4	1
1396	1354	24	26	2	4	2
1397	136	3	6	3	4	2
1398	1778	19	20	1	2	2
1399	587	28	29	2	1	2
1400	1740	24	26	3	2	2
1401	87	43	44	2	2	1
1402	1462	45	46	1	4	1
1403	1095	1	4	3	3	2
1404	1043	39	40	3	3	2
1405	744	35	36	3	3	3
1406	1660	8	10	3	1	3
1407	175	40	43	2	3	2
1408	7	19	20	1	2	2
1409	287	1	3	1	3	2
1410	1046	15	16	3	4	3
1411	311	28	29	3	3	2
1412	2	13	15	2	1	2
1413	29	24	25	3	4	3
1414	344	18	19	3	2	3
1415	1443	32	33	2	4	1
1416	28	32	33	2	1	1
1417	694	1	3	2	1	3
1418	1133	24	26	2	2	1
1419	4	7	10	3	3	2
1420	641	36	38	3	1	2
1421	802	34	37	2	1	2
1422	1659	38	40	2	3	3
1423	325	11	12	2	4	2
1424	491	30	33	1	4	2
1425	1050	35	36	1	2	3
1426	1001	25	27	1	4	1
1427	390	20	22	1	4	3
1428	159	8	11	3	2	2
1429	547	42	45	3	2	3
1430	1250	44	45	3	3	2
1431	1298	27	29	3	1	3
1432	689	23	26	3	2	2
1433	1091	15	18	2	1	3
1434	1464	28	30	1	2	3
1435	1413	44	45	1	1	3
1436	1752	28	30	2	3	1
1437	120	12	15	2	3	1
1438	1219	35	38	2	1	2
1439	1402	42	44	3	2	2
1440	68	28	30	1	1	3
1441	977	14	15	3	3	1
1442	702	34	37	3	2	3
1443	430	12	13	2	2	2
1444	108	12	15	3	1	3
1445	1658	40	42	1	3	3
1446	850	19	22	2	4	1
1447	1099	31	32	2	4	3
1448	518	12	15	2	1	2
1449	1173	16	19	3	3	1
1450	860	19	21	3	3	1
1451	828	40	41	3	2	1
1452	438	27	29	1	4	2
1453	1546	28	30	1	4	2
1454	1637	20	23	1	1	2
1455	1390	10	12	3	2	3
1456	1024	43	46	2	1	3
1457	308	21	24	3	2	1
1458	265	10	11	2	4	3
1459	867	12	14	3	4	1
1460	117	31	34	2	1	3
1461	1449	35	36	3	4	3
1462	574	23	26	3	4	1
1463	317	23	25	2	4	1
1464	1636	44	47	1	3	3
1465	818	36	37	3	2	2
1466	372	42	43	3	4	1
1467	639	28	30	2	1	1
1468	738	33	35	1	4	2
1469	1120	13	14	2	1	1
1470	1530	22	24	1	4	3
1471	1285	23	24	1	4	3
1472	798	11	14	1	3	1
1473	698	1	2	3	3	2
1474	118	42	43	2	3	2
1475	158	38	40	1	4	1
1476	646	17	19	3	3	3
1477	1647	25	28	2	3	3
1478	286	29	31	2	2	1
1479	445	8	10	1	3	1
1480	1191	8	10	3	4	2
1481	936	43	45	2	2	2
1482	1596	41	42	3	2	1
1483	81	38	41	1	2	2
1484	435	43	45	1	1	3
1485	61	43	45	1	3	2
1486	1677	32	33	2	2	1
1487	786	12	15	3	4	1
1488	357	34	37	3	1	3
1489	160	7	9	2	2	2
1490	133	23	25	1	2	2
1491	89	30	31	3	2	1
1492	724	43	45	2	3	2
1493	1310	43	44	3	2	1
1494	433	33	34	3	4	1
1495	874	17	19	2	2	1
1496	57	40	42	2	1	3
1497	1200	32	35	3	4	3
1498	359	15	17	2	2	1
1499	938	28	29	2	1	1
1500	249	1	3	2	4	3
1501	1506	46	47	3	1	2
1502	1189	4	5	1	1	2
1503	1202	34	37	2	1	3
1504	74	30	33	3	1	1
1505	1214	34	35	2	4	3
1506	106	46	48	1	2	1
1507	1691	22	23	3	2	3
1508	1372	14	16	3	4	1
1509	238	43	45	3	4	1
1510	369	6	8	1	1	2
1511	677	45	48	2	4	3
1512	1122	13	14	1	4	2
1513	1672	42	43	2	1	3
1514	874	32	35	3	4	3
1515	534	43	45	2	3	1
1516	1071	28	30	2	3	1
1517	1019	34	37	1	4	2
1518	669	32	33	2	1	3
1519	389	45	47	2	1	3
1520	780	7	8	1	1	2
1521	906	31	34	3	2	1
1522	786	13	16	2	3	3
1523	1151	16	18	3	1	3
1524	674	2	4	3	1	1
1525	26	19	21	3	3	3
1526	1624	36	37	1	2	3
1527	846	5	7	1	3	1
1528	1683	9	11	3	2	1
1529	304	28	30	2	2	3
1530	1719	44	46	1	2	1
1531	1135	46	48	1	1	3
1532	1540	29	32	3	4	1
1533	1080	27	28	3	3	3
1534	1461	41	44	3	1	1
1535	719	39	41	2	2	2
1536	496	26	28	2	4	1
1537	257	16	17	3	4	2
1538	16	12	13	3	3	3
1539	860	2	4	2	2	3
1540	391	42	44	2	4	3
1541	1622	8	9	3	3	1
1542	1068	35	37	1	4	1
1543	380	19	22	1	3	3
1544	741	28	29	1	4	2
1545	1525	10	12	1	4	3
1546	1712	3	5	3	2	2
1547	499	37	38	1	2	3
1548	1125	36	37	1	3	1
1549	1584	36	39	3	2	1
1550	382	15	18	1	2	1
1551	687	8	10	2	4	3
1552	579	32	35	3	4	1
1553	675	7	9	3	1	1
1554	319	13	16	1	4	2
1555	553	33	34	3	2	2
1556	157	8	10	2	4	2
1557	1049	14	17	1	3	3
1558	580	37	40	1	2	3
1559	1709	28	31	2	4	2
1560	1065	30	32	1	1	3
1561	679	44	45	2	2	1
1562	1223	37	38	1	1	2
1563	67	5	7	3	4	3
1564	531	20	22	1	1	1
1565	273	22	24	2	1	2
1566	152	26	29	3	2	3
1567	820	16	19	1	3	2
1568	1483	22	24	2	4	3
1569	1334	5	7	1	2	3
1570	48	30	32	1	4	3
1571	832	17	19	2	1	3
1572	1605	8	10	1	2	2
1573	1695	20	21	3	3	3
1574	994	33	36	3	3	1
1575	288	45	48	2	3	2
1576	1722	17	18	1	3	1
1577	1255	19	22	3	4	3
1578	1780	46	49	1	2	2
1579	1311	17	19	2	4	3
1580	1457	33	35	2	3	2
1581	236	25	28	2	2	2
1582	1201	38	41	1	3	2
1583	1742	28	29	2	2	3
1584	656	24	26	1	4	2
1585	1158	7	8	1	2	3
1586	1531	8	9	1	3	2
1587	668	22	25	3	1	1
1588	1736	43	46	2	1	1
1589	1489	5	6	1	2	3
1590	1479	4	5	3	1	2
1591	1343	17	19	3	4	3
1592	446	20	21	1	2	2
1593	924	34	36	2	2	1
1594	756	26	28	1	3	1
1595	814	36	38	3	3	3
1596	896	19	20	1	1	1
1597	1336	26	27	1	3	2
1598	672	14	16	2	3	3
1599	747	27	30	1	2	2
1600	1271	2	3	2	3	3
1601	437	19	20	2	4	3
1602	958	4	7	2	1	3
1603	1263	5	7	1	3	2
1604	179	6	7	3	2	1
1605	654	24	25	3	1	1
1606	321	30	33	3	3	2
1607	360	44	46	3	3	1
1608	24	30	32	2	1	1
1609	1662	5	8	2	2	2
1610	1478	13	16	3	2	2
1611	510	23	25	2	2	3
1612	187	1	4	3	1	1
1613	732	27	30	1	4	1
1614	793	5	7	2	1	3
1615	274	22	25	1	2	3
1616	16	24	26	1	1	3
1617	827	13	14	1	2	1
1618	127	19	21	3	2	3
1619	536	43	45	1	1	3
1620	833	38	40	2	1	3
1621	826	41	43	2	3	2
1622	44	13	15	2	3	3
1623	982	17	20	1	4	3
1624	683	32	34	3	2	3
1625	770	29	30	2	1	2
1626	114	5	8	3	2	2
1627	794	34	35	3	1	3
1628	245	3	4	3	1	3
1629	18	33	36	3	2	1
1630	1301	9	10	2	4	1
1631	524	9	12	1	3	1
1632	1505	4	5	2	1	3
1633	139	27	30	2	3	3
1634	1407	15	17	3	4	2
1635	801	46	49	1	4	3
1636	1490	17	19	2	3	2
1637	205	1	3	3	3	2
1638	1770	6	9	3	1	2
1639	1256	9	12	3	1	3
1640	681	30	31	2	1	3
1641	937	23	25	2	4	1
1642	875	1	2	2	3	1
1643	885	6	9	2	1	2
1644	668	39	42	1	1	2
1645	1564	40	43	2	4	1
1646	908	12	15	2	3	2
1647	755	33	34	2	4	2
1648	1174	21	24	2	4	2
1649	174	12	15	1	1	1
1650	1244	45	47	2	3	1
1651	1543	4	7	1	1	1
1652	748	39	40	1	3	3
1653	386	29	31	1	3	3
1654	255	9	11	3	4	2
1655	58	33	36	1	3	2
1656	763	32	35	1	3	3
1657	637	41	44	1	1	1
1658	772	13	16	1	1	1
1659	816	13	15	3	1	2
1660	452	5	8	2	4	1
1661	1741	20	21	2	3	3
1662	338	21	23	2	1	1
1663	1467	39	42	2	1	3
1664	1190	3	4	1	2	3
1665	1159	34	37	1	3	2
1666	757	29	32	2	2	2
1667	842	35	38	2	3	1
1668	1236	29	31	2	2	2
1669	22	23	25	3	4	3
1670	1476	43	46	1	1	3
1671	1364	17	19	2	2	1
1672	475	3	6	2	4	3
1673	764	14	15	1	1	3
1674	1238	17	18	2	2	1
1675	1762	46	47	3	2	3
1676	1249	21	23	3	2	2
1677	1248	38	41	1	4	3
1678	402	26	29	3	4	3
1679	1031	24	26	3	1	3
1680	1667	38	39	2	3	1
1681	438	18	21	1	3	1
1682	1137	11	14	3	2	3
1683	679	18	21	3	4	3
1684	1640	25	27	3	4	2
1685	1139	26	28	2	2	3
1686	1032	23	24	1	3	1
1687	1142	6	9	1	2	2
1688	1477	6	8	2	3	2
1689	935	3	5	2	3	1
1690	1076	12	15	2	3	2
1691	1220	25	28	2	1	2
1692	153	32	34	2	1	3
1693	1364	24	25	1	3	1
1694	507	14	17	1	2	1
1695	1579	16	19	3	2	2
1696	1030	17	20	3	1	3
1697	1595	18	20	3	2	1
1698	471	20	22	2	4	1
1699	1510	22	23	3	2	1
1700	1671	6	7	3	1	3
1701	152	26	28	2	1	2
1702	1777	36	37	1	2	3
1703	1340	4	5	1	4	2
1704	1629	3	6	1	3	1
1705	657	15	18	3	2	3
1706	1721	28	30	1	3	3
1707	149	19	22	2	1	2
1708	296	19	21	3	1	3
1709	1147	39	41	1	4	2
1710	686	17	18	2	1	1
1711	201	4	6	2	2	3
1712	1609	6	8	2	3	3
1713	393	14	17	1	4	2
1714	939	48	49	1	2	2
1715	173	35	37	3	3	1
1716	989	26	27	2	2	1
1717	71	34	36	3	1	2
1718	760	47	48	1	4	2
1719	1784	25	27	2	4	3
1720	1094	2	5	1	1	3
1721	901	23	25	1	3	3
1722	1520	41	43	1	3	2
1723	1017	45	46	3	1	3
1724	1416	27	30	2	3	1
1725	1590	38	41	2	3	2
1726	671	5	8	1	3	1
1727	50	21	23	2	2	2
1728	95	10	11	1	1	3
1729	280	32	33	2	3	3
1730	1383	21	22	1	1	3
1731	51	3	5	1	4	1
1732	399	20	23	1	4	2
1733	1297	34	35	2	1	2
1734	248	22	23	3	2	3
1735	400	7	10	1	3	3
1736	1321	8	11	3	3	2
1737	186	23	26	2	2	1
1738	488	18	20	1	2	2
1739	1693	21	24	3	2	2
1740	608	1	3	2	3	1
1741	202	22	24	1	2	1
1742	1472	11	14	2	4	1
1743	591	33	35	3	2	2
1744	516	44	45	3	2	2
1745	1404	27	30	1	2	2
1746	1618	25	27	2	3	3
1747	247	21	23	2	2	2
1748	355	44	45	3	2	2
1749	1427	43	44	3	2	1
1750	870	9	11	3	1	3
1751	817	17	19	3	4	3
1752	1318	9	12	2	3	2
1753	393	34	36	2	4	1
1754	210	40	41	1	1	3
1755	398	9	11	1	1	3
1756	1792	46	47	1	2	3
1757	182	27	28	3	2	3
1758	678	37	40	1	1	1
1759	774	3	6	1	4	2
1760	178	32	34	3	4	3
1761	1102	34	36	1	1	1
1762	457	10	11	2	4	2
1763	1461	1	3	3	4	3
1764	1253	32	33	3	3	3
1765	626	27	29	3	4	1
1766	726	44	47	3	3	2
1767	1417	8	9	2	4	1
1768	101	40	41	2	4	1
1769	1262	44	45	1	3	1
1770	1299	20	21	3	3	1
1771	911	42	43	3	2	2
1772	1239	45	46	2	2	2
1773	711	15	16	3	4	2
1774	1420	17	20	2	2	2
1775	700	17	20	1	2	3
1776	1291	17	20	1	1	1
1777	436	40	43	2	2	3
1778	294	42	44	1	3	2
1779	1066	21	24	1	2	2
1780	1337	8	10	1	2	2
1781	1634	10	11	2	1	1
1782	5	22	25	3	2	2
1783	1789	20	21	1	1	2
1784	90	37	38	1	3	3
1785	457	22	24	1	2	1
1786	634	19	20	2	1	1
1787	367	22	23	3	2	1
1788	878	18	21	1	3	2
1789	440	28	30	3	4	1
1790	541	11	12	3	2	2
1791	410	15	17	1	2	1
1792	464	32	35	1	3	1
1793	313	22	24	2	3	3
1794	1674	29	30	2	2	2
1795	1666	7	8	1	1	3
1796	1112	7	8	3	2	3
1797	1162	38	40	3	3	2
1798	1738	38	40	3	4	2
1799	365	44	46	2	2	1
1800	161	33	35	1	2	3
1801	115	15	17	1	3	2
1802	1646	27	28	2	2	2
1803	963	21	23	1	3	2
1804	282	10	11	1	1	2
1805	201	25	27	1	1	1
1806	1266	12	14	2	3	3
1807	1117	4	6	1	1	1
1808	137	19	20	3	4	1
1809	194	40	42	2	2	1
1810	1495	10	13	2	4	1
1811	1314	24	27	2	2	3
1812	618	3	4	2	3	3
1813	454	17	18	2	2	2
1814	1227	6	7	2	4	1
1815	176	12	14	2	1	2
1816	1064	2	5	1	4	3
1817	349	17	18	3	1	3
1818	999	5	7	2	4	2
1819	1480	35	38	2	3	3
1820	1430	38	40	3	3	3
1821	1053	3	5	1	4	2
1822	885	23	24	1	4	3
1823	778	45	47	2	4	2
1824	1114	29	32	1	2	2
1825	1707	9	10	2	2	3
1826	1246	46	47	2	4	3
1827	138	39	40	3	3	1
1828	604	17	20	1	1	1
1829	617	42	45	3	2	2
1830	1327	23	25	3	1	2
1831	664	6	8	1	1	2
1832	1638	36	38	1	4	3
1833	1333	40	41	3	2	3
1834	1088	43	44	2	2	2
1835	1561	24	27	1	3	2
1836	1555	40	43	3	2	2
1837	198	38	40	3	3	2
1838	7	3	5	2	1	2
1839	332	36	37	3	4	2
1840	1371	15	17	3	4	2
1841	197	44	47	3	4	3
1842	213	2	3	2	1	1
1843	761	3	4	2	1	1
1844	517	30	31	2	1	3
1845	427	36	39	1	4	3
1846	713	34	37	3	1	2
1847	834	23	25	3	2	2
1848	1136	23	25	2	2	1
1849	1606	33	35	2	1	3
1850	276	18	19	2	1	2
1851	1409	1	2	1	3	2
1852	1757	33	36	3	1	3
1853	1518	23	24	2	1	2
1854	887	14	16	1	4	1
1855	1129	25	28	2	4	3
1856	490	24	26	3	2	1
1857	607	15	16	1	1	2
1858	766	9	11	2	2	1
1859	1475	8	11	1	1	3
1860	281	11	14	3	4	1
1861	353	29	31	1	3	1
1862	1089	35	38	3	3	3
1863	632	31	34	1	1	3
1864	1365	11	13	1	3	2
1865	509	38	41	2	1	1
1866	1450	8	9	2	2	1
1867	881	33	36	1	2	2
1868	653	22	23	1	4	2
1869	465	20	23	2	2	1
1870	915	22	23	3	3	3
1871	468	34	37	3	3	2
1872	569	4	5	1	1	3
1873	585	42	43	3	4	2
1874	1085	31	34	1	3	1
1875	1594	45	47	3	2	3
1876	1656	5	8	2	4	2
1877	414	19	22	2	1	1
1878	1221	7	9	3	3	3
1879	1047	20	21	2	2	1
1880	1358	10	11	1	2	3
1881	956	17	19	1	3	2
1882	397	15	18	3	4	1
1883	543	7	10	1	2	1
1884	854	22	24	3	3	2
1885	508	21	24	3	3	1
1886	384	30	31	3	2	3
1887	1013	41	43	1	1	2
1888	861	5	6	2	1	2
1889	934	19	22	2	3	1
1890	181	23	25	1	3	3
1891	1631	41	43	2	3	3
1892	1535	5	8	2	4	3
1893	1738	16	17	2	4	1
1894	1412	6	8	3	2	1
1895	466	1	2	1	4	3
1896	35	33	36	3	4	3
1897	217	20	23	1	3	1
1898	1320	29	31	2	4	3
1899	928	33	34	3	1	1
1900	1353	3	6	1	1	1
1901	225	36	37	2	4	3
1902	1187	29	31	3	1	2
1903	1100	30	32	2	3	1
1904	1156	25	27	2	1	3
1905	1766	40	41	1	4	2
1906	583	27	30	2	3	1
1907	1593	19	20	2	1	3
1908	40	21	23	2	4	1
1909	84	17	19	2	2	3
1910	1287	38	40	2	1	2
1911	191	28	30	2	2	3
1912	1680	19	22	1	3	3
1913	615	36	37	1	4	3
1914	1765	18	21	1	4	2
1915	1310	26	29	2	2	3
1916	1213	14	16	1	2	3
1917	1178	33	35	3	1	3
1918	614	22	24	2	4	2
1919	1643	11	12	3	2	1
1920	423	39	42	3	2	2
1921	620	29	31	2	2	3
1922	1215	24	27	2	3	2
1923	577	34	35	2	2	2
1924	648	40	43	1	1	1
1925	430	43	45	1	1	3
1926	1689	32	34	1	4	2
1927	685	31	32	2	2	3
1928	869	14	16	1	3	2
1929	1502	41	42	3	1	3
1930	638	1	2	1	3	2
1931	790	13	15	3	4	1
1932	476	12	13	2	3	3
1933	216	46	47	3	2	3
1934	804	46	47	2	2	2
1935	1006	22	24	2	3	2
1936	1556	13	15	3	3	2
1937	992	8	10	1	3	1
1938	1339	12	14	2	2	3
1939	812	25	28	1	2	1
1940	224	29	31	1	3	1
1941	1380	19	20	2	3	3
1942	170	37	40	2	1	3
1943	1211	6	7	3	4	3
1944	1331	39	41	2	3	1
1945	554	37	39	1	1	1
1946	787	17	20	1	2	3
1947	1592	12	14	2	2	2
1948	545	22	24	1	4	2
1949	1116	24	27	3	1	1
1950	428	38	41	1	3	2
1951	269	6	7	1	3	2
1952	1392	26	27	2	2	3
1953	1130	44	46	1	3	2
1954	502	11	12	1	3	3
1955	841	46	48	2	2	3
1956	19	5	7	2	2	2
1957	1083	19	20	2	1	2
1958	39	14	15	3	1	2
1959	1519	26	27	2	3	3
1960	1145	36	39	3	3	1
1961	141	11	12	1	2	1
1962	1621	35	37	1	4	3
1963	41	14	16	1	2	1
1964	717	4	7	1	4	1
1965	30	46	47	3	3	3
1966	968	19	21	1	1	3
1967	385	35	37	1	2	1
1968	183	2	3	3	1	2
1969	1682	10	13	2	3	1
1970	1454	5	6	3	1	3
1971	277	12	15	3	4	1
1972	1458	8	9	3	1	1
1973	1203	16	17	2	2	1
1974	900	28	29	2	4	2
1975	421	21	24	2	2	2
1976	600	46	48	2	2	2
1977	64	5	6	2	4	2
1978	17	25	27	1	1	3
1979	1258	19	21	1	4	2
1980	3	4	6	3	4	3
1981	459	14	16	1	2	1
1982	546	16	19	3	4	2
1983	1473	9	11	3	4	2
1984	1733	8	9	1	4	2
1985	1598	38	40	3	2	2
1986	76	19	21	3	3	2
1987	839	44	45	1	3	3
1988	1663	39	40	2	1	1
1989	722	39	40	3	4	3
1990	1419	21	22	3	2	2
1991	429	34	35	3	2	3
1992	895	36	37	2	1	3
1993	145	22	24	2	2	3
1994	1602	27	29	3	4	3
1995	111	44	47	3	3	3
1996	1786	35	37	1	1	3
1997	1745	8	9	2	3	2
1998	750	31	32	3	1	1
1999	1058	12	13	2	2	3
2000	1610	15	16	2	2	1

